data_gen_time,data_gen_v
0.0,-60.0
2.0,-59.966228
4.0,-59.924892
6.0,-59.876045
8.0,-59.820137
10.0,-59.757648
12.0,-59.689281
14.0,-59.61533
16.0,-59.536198
18.0,-59.452347
20.0,-59.364006
22.0,-59.271381
24.0,-59.174725
26.0,-59.074314
28.0,-58.970062
30.0,-58.862003
32.0,-58.750301
34.0,-58.634865
36.0,-58.515533
38.0,-58.392345
40.0,-58.265343
42.0,-58.134521
44.0,-57.999352
46.0,-57.859436
48.0,-57.715237
50.0,-57.566757
52.0,-57.412796
54.0,-57.248184
56.0,-57.077614
58.0,-56.901081
60.0,-56.718586
62.0,-56.530132
64.0,-56.335712
66.0,-56.135338
68.0,-55.921047
70.0,-55.690907
72.0,-55.45113
74.0,-55.201717
76.0,-54.942669
78.0,-54.673985
80.0,-54.395664
82.0,-54.107708
84.0,-53.789265
86.0,-53.448383
88.0,-53.087364
90.0,-52.702389
92.0,-52.278042
94.0,-51.824505
96.0,-51.341778
98.0,-50.800762
100.0,-50.188389
102.0,-49.522156
104.0,-48.802059
106.0,-47.983204
108.0,-47.067146
110.0,-46.005875
112.0,-44.788673
114.0,-43.318703
116.0,-41.544983
118.0,-39.343922
120.0,-36.658825
122.0,-33.182556
124.0,-28.57914
126.0,-22.554554
128.0,-15.543966
130.0,-9.4153481
132.0,-6.1393023
134.0,-6.0136819
136.0,-8.3176651
138.0,-12.112072
140.0,-16.609423
142.0,-21.202671
144.0,-25.556709
146.0,-29.570621
148.0,-33.218765
150.0,-36.507175
152.0,-39.450138
154.0,-42.069252
156.0,-44.388641
158.0,-46.43243
160.0,-48.229416
162.0,-49.813248
164.0,-51.222179
166.0,-52.489136
168.0,-53.604748
170.0,-54.593155
172.0,-55.467743
174.0,-56.235798
176.0,-56.905937
178.0,-57.489086
180.0,-57.990025
182.0,-58.424999
184.0,-58.801659
186.0,-59.122501
188.0,-59.396797
190.0,-59.634544
192.0,-59.844681
194.0,-60.023392
196.0,-60.183475
198.0,-60.332047
200.0,-60.47224
202.0,-60.58469
204.0,-60.684631
206.0,-60.774712
208.0,-60.856529
210.0,-60.93018
212.0,-60.999073
214.0,-61.065311
216.0,-61.126331
218.0,-61.179371
220.0,-61.227924
222.0,-61.272572
224.0,-61.312595
226.0,-61.348118
228.0,-61.379822
230.0,-61.407978
232.0,-61.433445
234.0,-61.455673
236.0,-61.474567
238.0,-61.490124
240.0,-61.502346
242.0,-61.51123
244.0,-61.520908
246.0,-61.528904
248.0,-61.534454
250.0,-61.537563
252.0,-61.538227
254.0,-61.536446
256.0,-61.532219
258.0,-61.525551
260.0,-61.516438
262.0,-61.504883
264.0,-61.493374
266.0,-61.482296
268.0,-61.469643
270.0,-61.455418
272.0,-61.439613
274.0,-61.422237
276.0,-61.403282
278.0,-61.382755
280.0,-61.360653
282.0,-61.336971
284.0,-61.312218
286.0,-61.28788
288.0,-61.262482
290.0,-61.236042
292.0,-61.208584
294.0,-61.180126
296.0,-61.150688
298.0,-61.1203
300.0,-61.088974
302.0,-61.056732
304.0,-61.023602
306.0,-60.989601
308.0,-60.954746
310.0,-60.919067
312.0,-60.88258
314.0,-60.845303
316.0,-60.807266
318.0,-60.767849
320.0,-60.727451
322.0,-60.686207
324.0,-60.644131
326.0,-60.601238
328.0,-60.557537
330.0,-60.513042
332.0,-60.46777
334.0,-60.42173
336.0,-60.374939
338.0,-60.327408
340.0,-60.279148
342.0,-60.230179
344.0,-60.180508
346.0,-60.130154
348.0,-60.079124
350.0,-60.02663
352.0,-59.972157
354.0,-59.916683
356.0,-59.860207
358.0,-59.802723
360.0,-59.744221
362.0,-59.684696
364.0,-59.624142
366.0,-59.562546
368.0,-59.499908
370.0,-59.436218
372.0,-59.371468
374.0,-59.305653
376.0,-59.238762
378.0,-59.170795
380.0,-59.101738
382.0,-59.031532
384.0,-58.957264
386.0,-58.881355
388.0,-58.803768
390.0,-58.724461
392.0,-58.643402
394.0,-58.560547
396.0,-58.475861
398.0,-58.389309
400.0,-58.30085
402.0,-58.210449
404.0,-58.118065
406.0,-58.023663
408.0,-57.927204
410.0,-57.828651
412.0,-57.727966
414.0,-57.625111
416.0,-57.515697
418.0,-57.400318
420.0,-57.281322
422.0,-57.158596
424.0,-57.032021
426.0,-56.901493
428.0,-56.766895
430.0,-56.628117
432.0,-56.48505
434.0,-56.337574
436.0,-56.185585
438.0,-56.028969
440.0,-55.867615
442.0,-55.701405
444.0,-55.530235
446.0,-55.353989
448.0,-55.171089
450.0,-54.973713
452.0,-54.763863
454.0,-54.540485
456.0,-54.302628
458.0,-54.050297
460.0,-53.782063
462.0,-53.497025
464.0,-53.194088
466.0,-52.85656
468.0,-52.491718
470.0,-52.097927
472.0,-51.673553
474.0,-51.216961
476.0,-50.726513
478.0,-50.193569
480.0,-49.595184
482.0,-48.935078
484.0,-48.206829
486.0,-47.364723
488.0,-46.393196
490.0,-45.285221
492.0,-44.015919
494.0,-42.496544
496.0,-40.676586
498.0,-38.387032
500.0,-35.529808
502.0,-31.823483
504.0,-26.948036
506.0,-20.754177
508.0,-13.940392
510.0,-8.4744358
512.0,-6.0643749
514.0,-6.7314987
516.0,-9.5931873
518.0,-13.705316
520.0,-18.331917
522.0,-22.946701
524.0,-27.301151
526.0,-31.312565
528.0,-34.970818
530.0,-38.283859
532.0,-41.265663
534.0,-43.928165
536.0,-46.293259
538.0,-48.381092
540.0,-50.218109
542.0,-51.827389
544.0,-53.233643
546.0,-54.455849
548.0,-55.519249
550.0,-56.447948
552.0,-57.253418
554.0,-57.960453
556.0,-58.590645
558.0,-59.128445
560.0,-59.595455
562.0,-60.006161
564.0,-60.368359
566.0,-60.694332
568.0,-60.99577
570.0,-61.253273
572.0,-61.475121
574.0,-61.66777
576.0,-61.845882
578.0,-62.014679
580.0,-62.179245
582.0,-62.318298
584.0,-62.432053
586.0,-62.523258
588.0,-62.613632
590.0,-62.708626
592.0,-62.809658
594.0,-62.891399
596.0,-62.947956
598.0,-62.981525
600.0,-63.020226
602.0,-63.074425
604.0,-63.142979
606.0,-63.19482
608.0,-63.216324
610.0,-63.211094
612.0,-63.19944
614.0,-63.191727
616.0,-63.183086
618.0,-63.17469
620.0,-63.168262
622.0,-63.166916
624.0,-63.16502
626.0,-63.15826
628.0,-63.14893
630.0,-63.143314
632.0,-63.143116
634.0,-63.144512
636.0,-63.147495
638.0,-63.152065
640.0,-63.147873
642.0,-63.140915
644.0,-63.131649
646.0,-63.120068
648.0,-63.106766
650.0,-63.092968
652.0,-63.077629
654.0,-63.060749
656.0,-63.042324
658.0,-63.023609
660.0,-63.004333
662.0,-62.98394
664.0,-62.96244
666.0,-62.939827
668.0,-62.916103
670.0,-62.891266
672.0,-62.865318
674.0,-62.839611
676.0,-62.81377
678.0,-62.787125
680.0,-62.759678
682.0,-62.731426
684.0,-62.702374
686.0,-62.672516
688.0,-62.641853
690.0,-62.610386
692.0,-62.578117
694.0,-62.545044
696.0,-62.511166
698.0,-62.476486
700.0,-62.442188
702.0,-62.407555
704.0,-62.372334
706.0,-62.336525
708.0,-62.300125
710.0,-62.263138
712.0,-62.225559
714.0,-62.187393
716.0,-62.148636
718.0,-62.109291
720.0,-62.069355
722.0,-62.028828
724.0,-61.987717
726.0,-61.946621
728.0,-61.905048
730.0,-61.862976
732.0,-61.820404
734.0,-61.777336
736.0,-61.733768
738.0,-61.689701
740.0,-61.645138
742.0,-61.600079
744.0,-61.554516
746.0,-61.508457
748.0,-61.461903
750.0,-61.414726
752.0,-61.366199
754.0,-61.317093
756.0,-61.267414
758.0,-61.217163
760.0,-61.166332
762.0,-61.114933
764.0,-61.062954
766.0,-61.010403
768.0,-60.957275
770.0,-60.903572
772.0,-60.849297
774.0,-60.794445
776.0,-60.739021
778.0,-60.683018
780.0,-60.626442
782.0,-60.569294
784.0,-60.51157
786.0,-60.45327
788.0,-60.394398
790.0,-60.334946
792.0,-60.274925
794.0,-60.214325
796.0,-60.153152
798.0,-60.091404
800.0,-60.022518
802.0,-59.951279
804.0,-59.878849
806.0,-59.805229
808.0,-59.730412
810.0,-59.654404
812.0,-59.577202
814.0,-59.498806
816.0,-59.419216
818.0,-59.338436
820.0,-59.256462
822.0,-59.173294
824.0,-59.088932
826.0,-59.00338
828.0,-58.91663
830.0,-58.82869
832.0,-58.739559
834.0,-58.649231
836.0,-58.557713
838.0,-58.465
840.0,-58.371094
842.0,-58.275997
844.0,-58.179703
846.0,-58.082218
848.0,-57.980152
850.0,-57.872833
852.0,-57.762505
854.0,-57.649166
856.0,-57.532814
858.0,-57.413456
860.0,-57.289375
862.0,-57.159733
864.0,-57.026016
866.0,-56.888237
868.0,-56.746384
870.0,-56.600464
872.0,-56.447609
874.0,-56.285248
876.0,-56.116722
878.0,-55.942032
880.0,-55.761173
882.0,-55.574146
884.0,-55.37701
886.0,-55.164021
888.0,-54.94136
890.0,-54.709026
892.0,-54.467018
894.0,-54.215336
896.0,-53.945705
898.0,-53.639122
900.0,-53.313545
902.0,-52.968979
904.0,-52.605415
906.0,-52.222862
908.0,-51.816692
910.0,-51.365208
912.0,-50.880146
914.0,-50.351242
916.0,-49.760693
918.0,-49.119869
920.0,-48.391182
922.0,-47.551365
924.0,-46.621429
926.0,-45.556229
928.0,-44.322304
930.0,-42.864491
932.0,-41.082996
934.0,-38.885242
936.0,-36.074703
938.0,-32.514389
940.0,-27.817438
942.0,-21.764166
944.0,-14.918509
946.0,-9.1714096
948.0,-6.3290114
950.0,-6.53583
952.0,-9.0104609
954.0,-12.918995
956.0,-17.466709
958.0,-22.016956
960.0,-26.284784
962.0,-30.234976
964.0,-33.874332
966.0,-37.189701
968.0,-40.183693
970.0,-42.877262
972.0,-45.272278
974.0,-47.406773
976.0,-49.277786
978.0,-50.939644
980.0,-52.380489
982.0,-53.662243
984.0,-54.766697
986.0,-55.746876
988.0,-56.598248
990.0,-57.331543
992.0,-57.975407
994.0,-58.537067
996.0,-59.030201
998.0,-59.460709
1000.0,-59.843777
1002.0,-60.190697
1004.0,-60.493484
1006.0,-60.7672
1008.0,-61.018814
1010.0,-61.239902
1012.0,-61.440445
1014.0,-61.62418
1016.0,-61.787003
1018.0,-61.934189
1020.0,-62.067871
1022.0,-62.18705
1024.0,-62.294476
1026.0,-62.391537
1028.0,-62.476776
1030.0,-62.55291
1032.0,-62.62125
1034.0,-62.683121
1036.0,-62.739697
1038.0,-62.787544
1040.0,-62.830177
1042.0,-62.868469
1044.0,-62.90329
1046.0,-62.935497
1048.0,-62.961517
1050.0,-62.984253
1052.0,-63.004189
1054.0,-63.021782
1056.0,-63.037514
1058.0,-63.049026
1060.0,-63.057983
1062.0,-63.064636
1064.0,-63.069187
1066.0,-63.071835
1068.0,-63.072777
1070.0,-63.072208
1072.0,-63.070328
1074.0,-63.066349
1076.0,-63.060528
1078.0,-63.053249
1080.0,-63.044582
1082.0,-63.03458
1084.0,-63.023296
1086.0,-63.010769
1088.0,-62.997025
1090.0,-62.982182
1092.0,-62.966328
1094.0,-62.949398
1096.0,-62.931408
1098.0,-62.912361
1100.0,-62.89225
1102.0,-62.871067
1104.0,-62.848793
1106.0,-62.82571
1108.0,-62.803074
1110.0,-62.779846
1112.0,-62.756031
1114.0,-62.731625
1116.0,-62.706619
1118.0,-62.680992
1120.0,-62.654709
1122.0,-62.627731
1124.0,-62.60001
1126.0,-62.571484
1128.0,-62.542091
1130.0,-62.511749
1132.0,-62.480377
1134.0,-62.447872
1136.0,-62.414139
1138.0,-62.379059
1140.0,-62.345188
1142.0,-62.312943
1144.0,-62.280197
1146.0,-62.246914
1148.0,-62.213055
1150.0,-62.17857
1152.0,-62.14341
1154.0,-62.107513
1156.0,-62.070816
1158.0,-62.033249
1160.0,-61.99474
1162.0,-61.955208
1164.0,-61.914562
1166.0,-61.872719
1168.0,-61.829578
1170.0,-61.785034
1172.0,-61.738983
1174.0,-61.695885
1176.0,-61.652821
1178.0,-61.609154
1180.0,-61.564861
1182.0,-61.519932
1184.0,-61.474339
1186.0,-61.42807
1188.0,-61.381096
1190.0,-61.333401
1192.0,-61.284954
1194.0,-61.235737
1196.0,-61.185715
1198.0,-61.134861
1200.0,-61.083149
1202.0,-61.030548
1204.0,-60.97702
1206.0,-60.922848
1208.0,-60.869125
1210.0,-60.814747
1212.0,-60.759708
1214.0,-60.704006
1216.0,-60.64764
1218.0,-60.590607
1220.0,-60.532898
1222.0,-60.474514
1224.0,-60.415451
1226.0,-60.355705
1228.0,-60.295277
1230.0,-60.234158
1232.0,-60.172344
1234.0,-60.109837
1236.0,-60.046631
1238.0,-59.982719
1240.0,-59.916035
1242.0,-59.846432
1244.0,-59.775574
1246.0,-59.703442
1248.0,-59.630013
1250.0,-59.555275
1252.0,-59.47921
1254.0,-59.401798
1256.0,-59.323029
1258.0,-59.242874
1260.0,-59.161324
1262.0,-59.078362
1264.0,-58.993965
1266.0,-58.908123
1268.0,-58.820812
1270.0,-58.732018
1272.0,-58.641724
1274.0,-58.549911
1276.0,-58.456562
1278.0,-58.361664
1280.0,-58.265194
1282.0,-58.167133
1284.0,-58.067471
1286.0,-57.966187
1288.0,-57.863262
1290.0,-57.758682
1292.0,-57.652431
1294.0,-57.540749
1296.0,-57.425385
1298.0,-57.306202
1300.0,-57.183022
1302.0,-57.055641
1304.0,-56.923882
1306.0,-56.787239
1308.0,-56.644943
1310.0,-56.497234
1312.0,-56.343864
1314.0,-56.184582
1316.0,-56.019142
1318.0,-55.847294
1320.0,-55.660564
1322.0,-55.460205
1324.0,-55.24873
1326.0,-55.025677
1328.0,-54.790596
1330.0,-54.543026
1332.0,-54.282509
1334.0,-54.008595
1336.0,-53.720818
1338.0,-53.418728
1340.0,-53.101868
1342.0,-52.767704
1344.0,-52.407219
1346.0,-52.020302
1348.0,-51.602581
1350.0,-51.147846
1352.0,-50.653931
1354.0,-50.104328
1356.0,-49.48679
1358.0,-48.800938
1360.0,-48.040684
1362.0,-47.191982
1364.0,-46.207832
1366.0,-45.083546
1368.0,-43.754139
1370.0,-42.146469
1372.0,-40.236061
1374.0,-37.863583
1376.0,-34.8479
1378.0,-30.908955
1380.0,-25.747383
1382.0,-19.275177
1384.0,-12.567172
1386.0,-7.6476593
1388.0,-5.938725
1390.0,-7.1585617
1392.0,-10.342671
1394.0,-14.605674
1396.0,-19.256268
1398.0,-23.842091
1400.0,-28.123276
1402.0,-32.016544
1404.0,-35.538418
1406.0,-38.720699
1408.0,-41.585907
1410.0,-44.153923
1412.0,-46.437893
1414.0,-48.453758
1416.0,-50.234745
1418.0,-51.785553
1420.0,-53.156643
1422.0,-54.338795
1424.0,-55.38797
1426.0,-56.28466
1428.0,-57.061405
1430.0,-57.708225
1432.0,-58.313831
1434.0,-58.845806
1436.0,-59.307854
1438.0,-59.699036
1440.0,-60.038845
1442.0,-60.326286
1444.0,-60.584267
1446.0,-60.818172
1448.0,-61.031052
1450.0,-61.228043
1452.0,-61.403839
1454.0,-61.556568
1456.0,-61.690411
1458.0,-61.809246
1460.0,-61.909664
1462.0,-61.991661
1464.0,-62.072403
1466.0,-62.155819
1468.0,-62.233517
1470.0,-62.305492
1472.0,-62.370705
1474.0,-62.429451
1476.0,-62.481922
1478.0,-62.528053
1480.0,-62.560085
1482.0,-62.582573
1484.0,-62.595512
1486.0,-62.599663
1488.0,-62.598213
1490.0,-62.589024
1492.0,-62.572086
1494.0,-62.559231
1496.0,-62.565449
1498.0,-62.577679
1500.0,-62.595921
1502.0,-62.618313
1504.0,-62.644394
1506.0,-62.675095
1508.0,-62.710419
1510.0,-62.723804
1512.0,-62.72253
1514.0,-62.711578
1516.0,-62.690975
1518.0,-62.664989
1520.0,-62.631123
1522.0,-62.589375
1524.0,-62.546181
1526.0,-62.529636
1528.0,-62.520931
1530.0,-62.520073
1532.0,-62.520733
1534.0,-62.51466
1536.0,-62.508976
1538.0,-62.503681
1540.0,-62.488224
1542.0,-62.459816
1544.0,-62.423843
1546.0,-62.380302
1548.0,-62.342064
1550.0,-62.305729
1552.0,-62.268803
1554.0,-62.231297
1556.0,-62.209991
1558.0,-62.195099
1560.0,-62.186611
1562.0,-62.183376
1564.0,-62.180187
1566.0,-62.180511
1568.0,-62.184349
1570.0,-62.179146
1572.0,-62.14801
1574.0,-62.105377
1576.0,-62.051254
1578.0,-62.005779
1580.0,-61.974617
1582.0,-61.947285
1584.0,-61.92379
1586.0,-61.906021
1588.0,-61.893501
1590.0,-61.885845
1592.0,-61.88306
1594.0,-61.871124
1596.0,-61.858131
1598.0,-61.844135
1600.0,-61.826275
1602.0,-61.791149
1604.0,-61.747658
1606.0,-61.695789
1608.0,-61.643539
1610.0,-61.601963
1612.0,-61.561687
1614.0,-61.52272
1616.0,-61.483231
1618.0,-61.442677
1620.0,-61.402023
1622.0,-61.361275
1624.0,-61.319233
1626.0,-61.27639
1628.0,-61.233021
1630.0,-61.189125
1632.0,-61.144703
1634.0,-61.099754
1636.0,-61.053879
1638.0,-61.007015
1640.0,-60.959492
1642.0,-60.911312
1644.0,-60.862473
1646.0,-60.812981
1648.0,-60.762829
1650.0,-60.712017
1652.0,-60.660553
1654.0,-60.608429
1656.0,-60.555649
1658.0,-60.501213
1660.0,-60.444183
1662.0,-60.38623
1664.0,-60.327362
1666.0,-60.267574
1668.0,-60.206863
1670.0,-60.145237
1672.0,-60.082691
1674.0,-60.019226
1676.0,-59.954842
1678.0,-59.889538
1680.0,-59.823318
1682.0,-59.756176
1684.0,-59.688114
1686.0,-59.619137
1688.0,-59.549236
1690.0,-59.47842
1692.0,-59.406681
1694.0,-59.334026
1696.0,-59.260452
1698.0,-59.185959
1700.0,-59.102852
1702.0,-59.013863
1704.0,-58.922855
1706.0,-58.829826
1708.0,-58.734783
1710.0,-58.637718
1712.0,-58.538635
1714.0,-58.437531
1716.0,-58.334412
1718.0,-58.229271
1720.0,-58.122112
1722.0,-58.012936
1724.0,-57.901737
1726.0,-57.788521
1728.0,-57.673286
1730.0,-57.556034
1732.0,-57.43676
1734.0,-57.315472
1736.0,-57.192162
1738.0,-57.066833
1740.0,-56.939484
1742.0,-56.801857
1744.0,-56.658985
1746.0,-56.51125
1748.0,-56.35865
1750.0,-56.201187
1752.0,-56.034275
1754.0,-55.859375
1756.0,-55.677616
1758.0,-55.488995
1760.0,-55.29351
1762.0,-55.084595
1764.0,-54.861286
1766.0,-54.627289
1768.0,-54.382599
1770.0,-54.127224
1772.0,-53.853558
1774.0,-53.55402
1776.0,-53.237301
1778.0,-52.903393
1780.0,-52.552296
1782.0,-52.171997
1784.0,-51.725327
1786.0,-51.243088
1788.0,-50.725285
1790.0,-50.171909
1792.0,-49.581108
1794.0,-48.912544
1796.0,-48.175774
1798.0,-47.32832
1800.0,-46.375053
1802.0,-45.249077
1804.0,-43.950497
1806.0,-42.366364
1808.0,-40.512489
1810.0,-38.213196
1812.0,-35.284248
1814.0,-31.452381
1816.0,-26.400135
1818.0,-20.047915
1820.0,-13.279124
1822.0,-8.2077866
1824.0,-6.1966414
1826.0,-7.090786
1828.0,-10.03403
1830.0,-14.15942
1832.0,-18.749878
1834.0,-23.310217
1836.0,-27.605633
1838.0,-31.56156
1840.0,-35.165791
1842.0,-38.425011
1844.0,-41.356342
1846.0,-43.974842
1848.0,-46.302193
1850.0,-48.353863
1852.0,-50.15723
1854.0,-51.743542
1856.0,-53.128811
1858.0,-54.337238
1860.0,-55.400993
1862.0,-56.320168
1864.0,-57.117352
1866.0,-57.826469
1868.0,-58.455837
1870.0,-58.999588
1872.0,-59.464569
1874.0,-59.864754
1876.0,-60.22633
1878.0,-60.557228
1880.0,-60.859825
1882.0,-61.111694
1884.0,-61.32724
1886.0,-61.521454
1888.0,-61.708858
1890.0,-61.893097
1892.0,-62.046204
1894.0,-62.172421
1896.0,-62.276306
1898.0,-62.386196
1900.0,-62.498299
1902.0,-62.603539
1904.0,-62.681091
1906.0,-62.736668
1908.0,-62.793343
1910.0,-62.859589
1912.0,-62.934998
1914.0,-62.98357
1916.0,-63.01395
1918.0,-63.031837
1920.0,-63.066498
1922.0,-63.112194
1924.0,-63.151264
1926.0,-63.166893
1928.0,-63.162193
1930.0,-63.171558
1932.0,-63.194046
1934.0,-63.227043
1936.0,-63.233971
1938.0,-63.223183
1940.0,-63.206947
1942.0,-63.211353
1944.0,-63.231323
1946.0,-63.239239
1948.0,-63.2258
1950.0,-63.192703
1952.0,-63.182724
1954.0,-63.186565
1956.0,-63.198242
1958.0,-63.183914
1960.0,-63.151089
1962.0,-63.120087
1964.0,-63.110298
1966.0,-63.118626
1968.0,-63.116993
1970.0,-63.108017
1972.0,-63.09201
1974.0,-63.076427
1976.0,-63.057186
1978.0,-63.037395
1980.0,-63.019051
1982.0,-62.99889
1984.0,-62.976917
1986.0,-62.953133
1988.0,-62.927532
1990.0,-62.900143
1992.0,-62.873898
1994.0,-62.846634
1996.0,-62.818352
1998.0,-62.789055
2000.0,-62.758739
2002.0,-62.727406
2004.0,-62.696056
2006.0,-62.664799
2008.0,-62.632874
2010.0,-62.600277
2012.0,-62.567013
2014.0,-62.533081
2016.0,-62.498478
2018.0,-62.463203
2020.0,-62.427261
2022.0,-62.390652
2024.0,-62.353817
2026.0,-62.316895
2028.0,-62.279472
2030.0,-62.241554
2032.0,-62.203136
2034.0,-62.164219
2036.0,-62.124802
2038.0,-62.084888
2040.0,-62.044476
2042.0,-62.003563
2044.0,-61.962292
2046.0,-61.920712
2048.0,-61.87867
2050.0,-61.836159
2052.0,-61.793182
2054.0,-61.749741
2056.0,-61.705833
2058.0,-61.661461
2060.0,-61.616623
2062.0,-61.57132
2064.0,-61.525551
2066.0,-61.479313
2068.0,-61.432613
2070.0,-61.385448
2072.0,-61.337814
2074.0,-61.289715
2076.0,-61.24115
2078.0,-61.192123
2080.0,-61.141483
2082.0,-61.087074
2084.0,-61.031948
2086.0,-60.976097
2088.0,-60.919525
2090.0,-60.862236
2092.0,-60.804222
2094.0,-60.745483
2096.0,-60.686028
2098.0,-60.625851
2100.0,-60.564949
2102.0,-60.50333
2104.0,-60.440987
2106.0,-60.377922
2108.0,-60.314137
2110.0,-60.24963
2112.0,-60.184402
2114.0,-60.118454
2116.0,-60.051781
2118.0,-59.98439
2120.0,-59.916275
2122.0,-59.847439
2124.0,-59.777882
2126.0,-59.707603
2128.0,-59.636604
2130.0,-59.564884
2132.0,-59.492439
2134.0,-59.419277
2136.0,-59.34539
2138.0,-59.270782
2140.0,-59.195454
2142.0,-59.119404
2144.0,-59.042633
2146.0,-58.964996
2148.0,-58.881779
2150.0,-58.796772
2152.0,-58.709976
2154.0,-58.621391
2156.0,-58.531017
2158.0,-58.438854
2160.0,-58.344902
2162.0,-58.249161
2164.0,-58.148937
2166.0,-58.045189
2168.0,-57.938831
2170.0,-57.829857
2172.0,-57.718273
2174.0,-57.604076
2176.0,-57.487263
2178.0,-57.367844
2180.0,-57.242619
2182.0,-57.109043
2184.0,-56.971096
2186.0,-56.828773
2188.0,-56.682079
2190.0,-56.531013
2192.0,-56.375572
2194.0,-56.215755
2196.0,-56.05014
2198.0,-55.866409
2200.0,-55.675117
2202.0,-55.476261
2204.0,-55.269852
2206.0,-55.055878
2208.0,-54.834343
2210.0,-54.605251
2212.0,-54.368599
2214.0,-54.109409
2216.0,-53.832035
2218.0,-53.539513
2220.0,-53.231838
2222.0,-52.897263
2224.0,-52.534966
2226.0,-52.149975
2228.0,-51.74229
2230.0,-51.288464
2232.0,-50.773464
2234.0,-50.215637
2236.0,-49.614979
2238.0,-48.959068
2240.0,-48.217083
2242.0,-47.387993
2244.0,-46.439621
2246.0,-45.35199
2248.0,-44.05397
2250.0,-42.547363
2252.0,-40.727085
2254.0,-38.483067
2256.0,-35.610489
2258.0,-31.850912
2260.0,-26.935728
2262.0,-20.685127
2264.0,-13.843715
2266.0,-8.4732218
2268.0,-6.1517773
2270.0,-6.7974172
2272.0,-9.603838
2274.0,-13.662782
2276.0,-18.249325
2278.0,-22.826845
2280.0,-27.130508
2282.0,-31.100586
2284.0,-34.726707
2286.0,-38.01926
2288.0,-40.980644
2290.0,-43.623676
2292.0,-45.975407
2294.0,-48.053059
2296.0,-49.871292
2298.0,-51.462101
2300.0,-52.858173
2302.0,-54.079491
2304.0,-55.153511
2306.0,-56.095379
2308.0,-56.923172
2310.0,-57.650837
2312.0,-58.289196
2314.0,-58.849297
2316.0,-59.343346
2318.0,-59.773045
2320.0,-60.146709
2322.0,-60.477474
2324.0,-60.775513
2326.0,-61.040524
2328.0,-61.266445
2330.0,-61.469967
2332.0,-61.657722
2334.0,-61.833336
2336.0,-61.980583
2338.0,-62.114761
2340.0,-62.239338
2342.0,-62.357769
2344.0,-62.460213
2346.0,-62.552361
2348.0,-62.637165
2350.0,-62.716209
2352.0,-62.787338
2354.0,-62.850044
2356.0,-62.906815
2358.0,-62.958397
2360.0,-63.004856
2362.0,-63.045265
2364.0,-63.08102
2366.0,-63.112564
2368.0,-63.140278
2370.0,-63.163284
2372.0,-63.182724
2374.0,-63.198963
2376.0,-63.212368
2378.0,-63.223312
2380.0,-63.23217
2382.0,-63.238083
2384.0,-63.241062
2386.0,-63.24202
2388.0,-63.241188
2390.0,-63.238815
2392.0,-63.235138
2394.0,-63.230186
2396.0,-63.222569
2398.0,-63.213512
2400.0,-63.203144
2402.0,-63.191589
2404.0,-63.178982
2406.0,-63.165447
2408.0,-63.150448
2410.0,-63.134071
2412.0,-63.11665
2414.0,-63.098244
2416.0,-63.078922
2418.0,-63.05875
2420.0,-63.037785
2422.0,-63.016102
2424.0,-62.993755
2426.0,-62.970818
2428.0,-62.947346
2430.0,-62.922546
2432.0,-62.897015
2434.0,-62.870789
2436.0,-62.843891
2438.0,-62.816334
2440.0,-62.788128
2442.0,-62.759289
2444.0,-62.729816
2446.0,-62.699722
2448.0,-62.669003
2450.0,-62.637699
2452.0,-62.605919
2454.0,-62.573566
2456.0,-62.540646
2458.0,-62.507153
2460.0,-62.473087
2462.0,-62.438442
2464.0,-62.403214
2466.0,-62.367386
2468.0,-62.330956
2470.0,-62.293907
2472.0,-62.256687
2474.0,-62.219368
2476.0,-62.181622
2478.0,-62.143436
2480.0,-62.104813
2482.0,-62.065742
2484.0,-62.026211
2486.0,-61.98621
2488.0,-61.945717
2490.0,-61.90472
2492.0,-61.863197
2494.0,-61.821125
2496.0,-61.778481
2498.0,-61.735237
2500.0,-61.691364
2502.0,-61.646828
2504.0,-61.601601
2506.0,-61.555637
2508.0,-61.508907
2510.0,-61.461361
2512.0,-61.412964
2514.0,-61.363667
2516.0,-61.313835
2518.0,-61.265942
2520.0,-61.217548
2522.0,-61.16864
2524.0,-61.119205
2526.0,-61.069218
2528.0,-61.018665
2530.0,-60.967518
2532.0,-60.91576
2534.0,-60.863365
2536.0,-60.81031
2538.0,-60.756565
2540.0,-60.702103
2542.0,-60.646893
2544.0,-60.590908
2546.0,-60.534111
2548.0,-60.476475
2550.0,-60.417957
2552.0,-60.358528
2554.0,-60.298145
2556.0,-60.236774
2558.0,-60.17437
2560.0,-60.110889
2562.0,-60.046993
2564.0,-59.982342
2566.0,-59.916653
2568.0,-59.849888
2570.0,-59.782013
2572.0,-59.71299
2574.0,-59.64278
2576.0,-59.571346
2578.0,-59.498642
2580.0,-59.424629
2582.0,-59.349262
2584.0,-59.272499
2586.0,-59.194294
2588.0,-59.114601
2590.0,-59.033375
2592.0,-58.950565
2594.0,-58.866123
2596.0,-58.779995
2598.0,-58.692139
2600.0,-58.602493
2602.0,-58.511009
2604.0,-58.417629
2606.0,-58.321476
2608.0,-58.221134
2610.0,-58.118256
2612.0,-58.012741
2614.0,-57.904507
2616.0,-57.793449
2618.0,-57.679474
2620.0,-57.562477
2622.0,-57.442364
2624.0,-57.319023
2626.0,-57.192356
2628.0,-57.062248
2630.0,-56.928593
2632.0,-56.791279
2634.0,-56.650192
2636.0,-56.505215
2638.0,-56.356232
2640.0,-56.203121
2642.0,-56.045761
2644.0,-55.884033
2646.0,-55.717804
2648.0,-55.546951
2650.0,-55.371346
2652.0,-55.185234
2654.0,-54.987583
2656.0,-54.777626
2658.0,-54.554115
2660.0,-54.315758
2662.0,-54.061481
2664.0,-53.790787
2666.0,-53.501888
2668.0,-53.193474
2670.0,-52.864189
2672.0,-52.51265
2674.0,-52.118412
2676.0,-51.677586
2678.0,-51.192997
2680.0,-50.660507
2682.0,-50.075867
2684.0,-49.434742
2686.0,-48.732693
2688.0,-47.965191
2690.0,-47.124481
2692.0,-46.165318
2694.0,-45.057514
2696.0,-43.754097
2698.0,-42.210556
2700.0,-40.319092
2702.0,-37.982155
2704.0,-34.982983
2706.0,-31.080414
2708.0,-26.032467
2710.0,-19.688702
2712.0,-12.899784
2714.0,-7.7802615
2716.0,-5.9409847
2718.0,-7.0540805
2720.0,-10.151099
2722.0,-14.341709
2724.0,-18.949102
2726.0,-23.506762
2728.0,-27.760714
2730.0,-31.665638
2732.0,-35.215984
2734.0,-38.426987
2736.0,-41.327114
2738.0,-43.929325
2740.0,-46.254749
2742.0,-48.322323
2744.0,-50.141884
2746.0,-51.73307
2748.0,-53.117786
2750.0,-54.317844
2752.0,-55.357674
2754.0,-56.259533
2756.0,-57.047619
2758.0,-57.735752
2760.0,-58.341148
2762.0,-58.87027
2764.0,-59.343163
2766.0,-59.770622
2768.0,-60.127552
2770.0,-60.43684
2772.0,-60.705597
2774.0,-60.955311
2776.0,-61.190289
2778.0,-61.420338
2780.0,-61.607624
2782.0,-61.761234
2784.0,-61.883564
2786.0,-62.006504
2788.0,-62.139629
2790.0,-62.284531
2792.0,-62.424141
2794.0,-62.547226
2796.0,-62.662254
2798.0,-62.765705
2800.0,-62.852985
2802.0,-62.923332
2804.0,-62.981346
2806.0,-63.042877
2808.0,-63.103104
2810.0,-63.160767
2812.0,-63.197762
2814.0,-63.220139
2816.0,-63.227665
2818.0,-63.249275
2820.0,-63.277431
2822.0,-63.316509
2824.0,-63.330189
2826.0,-63.326824
2828.0,-63.303398
2830.0,-63.280716
2832.0,-63.258839
2834.0,-63.236492
2836.0,-63.215302
2838.0,-63.197189
2840.0,-63.184383
2842.0,-63.170994
2844.0,-63.152927
2846.0,-63.135387
2848.0,-63.119129
2850.0,-63.104908
2852.0,-63.089661
2854.0,-63.072285
2856.0,-63.054852
2858.0,-63.037449
2860.0,-63.020164
2862.0,-63.002132
2864.0,-62.983109
2866.0,-62.963448
2868.0,-62.943085
2870.0,-62.921959
2872.0,-62.900131
2874.0,-62.877625
2876.0,-62.854401
2878.0,-62.830452
2880.0,-62.805782
2882.0,-62.780396
2884.0,-62.754284
2886.0,-62.727451
2888.0,-62.699902
2890.0,-62.671627
2892.0,-62.642632
2894.0,-62.612919
2896.0,-62.58279
2898.0,-62.552563
2900.0,-62.521751
2902.0,-62.490349
2904.0,-62.458363
2906.0,-62.425785
2908.0,-62.392616
2910.0,-62.358864
2912.0,-62.324524
2914.0,-62.289593
2916.0,-62.254074
2918.0,-62.217968
2920.0,-62.181328
2922.0,-62.144905
2924.0,-62.107971
2926.0,-62.070526
2928.0,-62.03257
2930.0,-61.994102
2932.0,-61.95512
2934.0,-61.91563
2936.0,-61.875629
2938.0,-61.835117
2940.0,-61.794094
2942.0,-61.75256
2944.0,-61.710514
2946.0,-61.667957
2948.0,-61.624889
2950.0,-61.58131
2952.0,-61.537216
2954.0,-61.492615
2956.0,-61.447502
2958.0,-61.401878
2960.0,-61.355743
2962.0,-61.309097
2964.0,-61.261494
2966.0,-61.213264
2968.0,-61.164482
2970.0,-61.115139
2972.0,-61.065243
2974.0,-61.014786
2976.0,-60.963768
2978.0,-60.912197
2980.0,-60.860065
2982.0,-60.807381
2984.0,-60.754131
2986.0,-60.700329
2988.0,-60.645969
2990.0,-60.591049
2992.0,-60.535572
2994.0,-60.479538
2996.0,-60.422947
2998.0,-60.365795
3000.0,-60.30809
3002.0,-60.249825
3004.0,-60.191002
3006.0,-60.130611
3008.0,-60.068928
3010.0,-60.00639
3012.0,-59.942986
3014.0,-59.878723
3016.0,-59.813599
3018.0,-59.747612
3020.0,-59.680767
3022.0,-59.61306
3024.0,-59.543602
3026.0,-59.472282
3028.0,-59.399761
3030.0,-59.326046
3032.0,-59.251129
3034.0,-59.175018
3036.0,-59.097706
3038.0,-59.019199
3040.0,-58.939491
3042.0,-58.855808
3044.0,-58.766327
3046.0,-58.674747
3048.0,-58.581074
3050.0,-58.485298
3052.0,-58.387432
3054.0,-58.287464
3056.0,-58.185402
3058.0,-58.081242
3060.0,-57.974987
3062.0,-57.866634
3064.0,-57.756184
3066.0,-57.643635
3068.0,-57.528992
3070.0,-57.412251
3072.0,-57.274048
3074.0,-57.126648
3076.0,-56.974079
3078.0,-56.816345
3080.0,-56.653439
3082.0,-56.485363
3084.0,-56.312122
3086.0,-56.133709
3088.0,-55.95013
3090.0,-55.761379
3092.0,-55.567463
3094.0,-55.368374
3096.0,-55.16412
3098.0,-54.954697
3100.0,-54.737099
3102.0,-54.499702
3104.0,-54.250221
3106.0,-53.988647
3108.0,-53.708675
3110.0,-53.407867
3112.0,-53.089779
3114.0,-52.75441
3116.0,-52.382629
3118.0,-51.983383
3120.0,-51.557838
3122.0,-51.095383
3124.0,-50.566792
3126.0,-49.992516
3128.0,-49.372559
3130.0,-48.648327
3132.0,-47.808636
3134.0,-46.879818
3136.0,-45.861866
3138.0,-44.67812
3140.0,-43.285118
3142.0,-41.613789
3144.0,-39.56609
3146.0,-36.977085
3148.0,-33.595776
3150.0,-29.258087
3152.0,-23.569605
3154.0,-16.817715
3156.0,-10.522571
3158.0,-6.7837472
3160.0,-6.1938357
3162.0,-8.166338
3164.0,-11.755097
3166.0,-16.161129
3168.0,-20.780071
3170.0,-25.225292
3172.0,-29.346493
3174.0,-33.10947
3176.0,-36.52346
3178.0,-39.609188
3180.0,-42.389256
3182.0,-44.87867
3184.0,-47.09597
3186.0,-49.057201
3188.0,-50.775906
3190.0,-52.276253
3192.0,-53.582512
3194.0,-54.717674
3196.0,-55.703476
3198.0,-56.562027
3200.0,-57.311905
3202.0,-57.964027
3204.0,-58.538879
3206.0,-59.041824
3208.0,-59.48991
3210.0,-59.885979
3212.0,-60.236675
3214.0,-60.550575
3216.0,-60.831585
3218.0,-61.086967
3220.0,-61.31514
3222.0,-61.524544
3224.0,-61.720684
3226.0,-61.904072
3228.0,-62.07119
3230.0,-62.229973
3232.0,-62.383663
3234.0,-62.521263
3236.0,-62.64164
3238.0,-62.748566
3240.0,-62.841953
3242.0,-62.921715
3244.0,-62.988506
3246.0,-63.049076
3248.0,-63.100895
3250.0,-63.145206
3252.0,-63.183376
3254.0,-63.216892
3256.0,-63.244553
3258.0,-63.265793
3260.0,-63.283272
3262.0,-63.297928
3264.0,-63.31073
3266.0,-63.322659
3268.0,-63.329971
3270.0,-63.335091
3272.0,-63.338428
3274.0,-63.340141
3276.0,-63.340328
3278.0,-63.339069
3280.0,-63.336445
3282.0,-63.332333
3284.0,-63.326611
3286.0,-63.319107
3288.0,-63.309582
3290.0,-63.299324
3292.0,-63.288048
3294.0,-63.27536
3296.0,-63.261185
3298.0,-63.245422
3300.0,-63.228149
3302.0,-63.210297
3304.0,-63.191315
3306.0,-63.171242
3308.0,-63.15012
3310.0,-63.127987
3312.0,-63.104992
3314.0,-63.081184
3316.0,-63.056557
3318.0,-63.031151
3320.0,-63.005009
3322.0,-62.978176
3324.0,-62.950699
3326.0,-62.922615
3328.0,-62.89397
3330.0,-62.864807
3332.0,-62.835175
3334.0,-62.804535
3336.0,-62.773312
3338.0,-62.741566
3340.0,-62.709324
3342.0,-62.67662
3344.0,-62.643482
3346.0,-62.60994
3348.0,-62.576019
3350.0,-62.541752
3352.0,-62.507168
3354.0,-62.472126
3356.0,-62.436264
3358.0,-62.399982
3360.0,-62.3633
3362.0,-62.326225
3364.0,-62.288773
3366.0,-62.250957
3368.0,-62.212795
3370.0,-62.174294
3372.0,-62.135471
3374.0,-62.096336
3376.0,-62.056484
3378.0,-62.015965
3380.0,-61.975029
3382.0,-61.933681
3384.0,-61.891933
3386.0,-61.849789
3388.0,-61.807259
3390.0,-61.764355
3392.0,-61.721077
3394.0,-61.677441
3396.0,-61.63345
3398.0,-61.589111
3400.0,-61.544437
3402.0,-61.499435
3404.0,-61.454109
3406.0,-61.40847
3408.0,-61.36253
3410.0,-61.316288
3412.0,-61.268764
3414.0,-61.220715
3416.0,-61.172207
3418.0,-61.123234
3420.0,-61.073803
3422.0,-61.023907
3424.0,-60.973549
3426.0,-60.922722
3428.0,-60.871426
3430.0,-60.819664
3432.0,-60.767429
3434.0,-60.714725
3436.0,-60.661549
3438.0,-60.607895
3440.0,-60.553764
3442.0,-60.499157
3444.0,-60.444073
3446.0,-60.38818
3448.0,-60.330631
3450.0,-60.272358
3452.0,-60.213345
3454.0,-60.15358
3456.0,-60.093048
3458.0,-60.031738
3460.0,-59.969627
3462.0,-59.906712
3464.0,-59.842972
3466.0,-59.778393
3468.0,-59.712959
3470.0,-59.646664
3472.0,-59.579487
3474.0,-59.511414
3476.0,-59.442432
3478.0,-59.372532
3480.0,-59.301689
3482.0,-59.227654
3484.0,-59.150303
3486.0,-59.071236
3488.0,-58.990402
3490.0,-58.907742
3492.0,-58.823204
3494.0,-58.736729
3496.0,-58.648262
3498.0,-58.557743
3500.0,-58.465118
3502.0,-58.370331
3504.0,-58.273323
3506.0,-58.174034
3508.0,-58.072407
3510.0,-57.968384
3512.0,-57.861908
3514.0,-57.752918
3516.0,-57.641354
3518.0,-57.527157
3520.0,-57.410271
3522.0,-57.29063
3524.0,-57.168175
3526.0,-57.04285
3528.0,-56.914589
3530.0,-56.783333
3532.0,-56.649021
3534.0,-56.511593
3536.0,-56.368748
3538.0,-56.218655
3540.0,-56.061638
3542.0,-55.897121
3544.0,-55.724499
3546.0,-55.543144
3548.0,-55.352406
3550.0,-55.151741
3552.0,-54.940411
3554.0,-54.717693
3556.0,-54.482849
3558.0,-54.235126
3560.0,-53.97374
3562.0,-53.695358
3564.0,-53.380276
3566.0,-53.039223
3568.0,-52.669979
3570.0,-52.270283
3572.0,-51.837822
3574.0,-51.370247
3576.0,-50.865162
3578.0,-50.320122
3580.0,-49.732651
3582.0,-49.10022
3584.0,-48.403854
3586.0,-47.617222
3588.0,-46.724392
3590.0,-45.693447
3592.0,-44.499413
3594.0,-43.087448
3596.0,-41.375004
3598.0,-39.299538
3600.0,-36.623619
3602.0,-33.182335
3604.0,-28.763342
3606.0,-23.104092
3608.0,-16.376249
3610.0,-10.098903
3612.0,-6.429132
3614.0,-6.1489806
3616.0,-8.3730383
3618.0,-12.120857
3620.0,-16.610159
3622.0,-21.272114
3624.0,-25.75267
3626.0,-29.877083
3628.0,-33.607445
3630.0,-36.973591
3632.0,-40.007561
3634.0,-42.726772
3636.0,-45.144005
3638.0,-47.279385
3640.0,-49.160618
3642.0,-50.808201
3644.0,-52.252708
3646.0,-53.51791
3648.0,-54.624153
3650.0,-55.594528
3652.0,-56.442169
3654.0,-57.182869
3656.0,-57.832615
3658.0,-58.4058
3660.0,-58.910419
3662.0,-59.354397
3664.0,-59.754311
3666.0,-60.121277
3668.0,-60.430641
3670.0,-60.70536
3672.0,-60.952129
3674.0,-61.176746
3676.0,-61.385075
3678.0,-61.583954
3680.0,-61.778908
3682.0,-61.946621
3684.0,-62.10099
3686.0,-62.243347
3688.0,-62.368195
3690.0,-62.469193
3692.0,-62.549198
3694.0,-62.607021
3696.0,-62.678909
3698.0,-62.754112
3700.0,-62.837593
3702.0,-62.916092
3704.0,-62.970036
3706.0,-63.009541
3708.0,-63.032051
3710.0,-63.054951
3712.0,-63.071762
3714.0,-63.082886
3716.0,-63.095966
3718.0,-63.122787
3720.0,-63.161861
3722.0,-63.217159
3724.0,-63.235043
3726.0,-63.227051
3728.0,-63.189751
3730.0,-63.143986
3732.0,-63.136005
3734.0,-63.147236
3736.0,-63.184952
3738.0,-63.193596
3740.0,-63.184258
3742.0,-63.157444
3744.0,-63.122688
3746.0,-63.108337
3748.0,-63.101761
3750.0,-63.106232
3752.0,-63.096409
3754.0,-63.075108
3756.0,-63.043159
3758.0,-63.005943
3760.0,-62.982948
3762.0,-62.96632
3764.0,-62.958588
3766.0,-62.949688
3768.0,-62.940884
3770.0,-62.933922
3772.0,-62.924011
3774.0,-62.895565
3776.0,-62.852081
3778.0,-62.789959
3780.0,-62.747696
3782.0,-62.729809
3784.0,-62.734142
3786.0,-62.75267
3788.0,-62.732929
3790.0,-62.695442
3792.0,-62.634125
3794.0,-62.584927
3796.0,-62.554134
3798.0,-62.535889
3800.0,-62.528065
3802.0,-62.501701
3804.0,-62.469349
3806.0,-62.428669
3808.0,-62.384399
3810.0,-62.337078
3812.0,-62.284184
3814.0,-62.229263
3816.0,-62.198547
3818.0,-62.184914
3820.0,-62.19302
3822.0,-62.186584
3824.0,-62.14846
3826.0,-62.085815
3828.0,-61.999664
3830.0,-61.954765
3832.0,-61.926136
3834.0,-61.920055
3836.0,-61.907543
3838.0,-61.871136
3840.0,-61.820652
3842.0,-61.754353
3844.0,-61.70417
3846.0,-61.656399
3848.0,-61.613022
3850.0,-61.57523
3852.0,-61.544346
3854.0,-61.522472
3856.0,-61.509388
3858.0,-61.463448
3860.0,-61.397335
3862.0,-61.305279
3864.0,-61.217037
3866.0,-61.162865
3868.0,-61.130112
3870.0,-61.124592
3872.0,-61.078266
3874.0,-61.017155
3876.0,-60.935673
3878.0,-60.852936
3880.0,-60.793587
3882.0,-60.74585
3884.0,-60.71384
3886.0,-60.670929
3888.0,-60.628284
3890.0,-60.585163
3892.0,-60.535515
3894.0,-60.470959
3896.0,-60.391991
3898.0,-60.295395
3900.0,-60.231167
3902.0,-60.18721
3904.0,-60.167706
3906.0,-60.152664
3908.0,-60.102379
3910.0,-60.033356
3912.0,-59.93932
3914.0,-59.861904
3916.0,-59.790081
3918.0,-59.723286
3920.0,-59.660343
3922.0,-59.595833
3924.0,-59.534351
3926.0,-59.476559
3928.0,-59.398136
3930.0,-59.300385
3932.0,-59.181519
3934.0,-59.055122
3936.0,-58.961781
3938.0,-58.886623
3940.0,-58.836052
3942.0,-58.76952
3944.0,-58.690872
3946.0,-58.603046
3948.0,-58.507042
3950.0,-58.412983
3952.0,-58.31411
3954.0,-58.210003
3956.0,-58.105755
3958.0,-57.999378
3960.0,-57.889694
3962.0,-57.776695
3964.0,-57.660389
3966.0,-57.540768
3968.0,-57.417301
3970.0,-57.290028
3972.0,-57.159203
3974.0,-57.024822
3976.0,-56.886887
3978.0,-56.745399
3980.0,-56.591473
3982.0,-56.423145
3984.0,-56.24818
3986.0,-56.066586
3988.0,-55.878353
3990.0,-55.683491
3992.0,-55.481991
3994.0,-55.273857
3996.0,-55.059093
3998.0,-54.837692
4000.0,-54.609657
4002.0,-54.365051
4004.0,-54.104565
4006.0,-53.831249
4008.0,-53.545101
4010.0,-53.230045
4012.0,-52.894493
4014.0,-52.539001
4016.0,-52.158867
4018.0,-51.732933
4020.0,-51.275208
4022.0,-50.785694
4024.0,-50.239197
4026.0,-49.609531
4028.0,-48.920933
4030.0,-48.173405
4032.0,-47.33416
4034.0,-46.387115
4036.0,-45.280197
4038.0,-44.002438
4040.0,-42.451557
4042.0,-40.557285
4044.0,-38.208397
4046.0,-35.29361
4048.0,-31.493347
4050.0,-26.477125
4052.0,-20.11508
4054.0,-13.321249
4056.0,-8.2072506
4058.0,-6.1564965
4060.0,-7.0094142
4062.0,-9.9144011
4064.0,-14.022867
4066.0,-18.60582
4068.0,-23.154612
4070.0,-27.428062
4072.0,-31.361401
4074.0,-34.950092
4076.0,-38.197521
4078.0,-41.113091
4080.0,-43.715767
4082.0,-46.033707
4084.0,-48.082302
4086.0,-49.885326
4088.0,-51.476704
4090.0,-52.864273
4092.0,-54.095596
4094.0,-55.165222
4096.0,-56.081295
4098.0,-56.899231
4100.0,-57.617096
4102.0,-58.251614
4104.0,-58.799793
4106.0,-59.272182
4108.0,-59.684341
4110.0,-60.046177
4112.0,-60.367008
4114.0,-60.658436
4116.0,-60.9258
4118.0,-61.153008
4120.0,-61.355812
4122.0,-61.538864
4124.0,-61.703564
4126.0,-61.855026
4128.0,-61.997349
4130.0,-62.125019
4132.0,-62.237663
4134.0,-62.339066
4136.0,-62.431046
4138.0,-62.515915
4140.0,-62.594666
4142.0,-62.667763
4144.0,-62.730267
4146.0,-62.786385
4148.0,-62.837021
4150.0,-62.883083
4152.0,-62.925037
4154.0,-62.960548
4156.0,-62.992077
4158.0,-63.02018
4160.0,-63.045425
4162.0,-63.068115
4164.0,-63.086369
4166.0,-63.101906
4168.0,-63.115036
4170.0,-63.126068
4172.0,-63.135212
4174.0,-63.141342
4176.0,-63.145443
4178.0,-63.147682
4180.0,-63.148232
4182.0,-63.147198
4184.0,-63.143585
4186.0,-63.138279
4188.0,-63.131416
4190.0,-63.123131
4192.0,-63.113548
4194.0,-63.102806
4196.0,-63.091038
4198.0,-63.078369
4200.0,-63.064167
4202.0,-63.048355
4204.0,-63.031521
4206.0,-63.013748
4208.0,-62.995113
4210.0,-62.975697
4212.0,-62.955582
4214.0,-62.934849
4216.0,-62.91349
4218.0,-62.890228
4220.0,-62.866119
4222.0,-62.841202
4224.0,-62.815521
4226.0,-62.789131
4228.0,-62.76207
4230.0,-62.734394
4232.0,-62.706158
4234.0,-62.67741
4236.0,-62.648209
4238.0,-62.618614
4240.0,-62.588688
4242.0,-62.558491
4244.0,-62.528084
4246.0,-62.497536
4248.0,-62.465511
4250.0,-62.432484
4252.0,-62.398994
4254.0,-62.365067
4256.0,-62.330715
4258.0,-62.295971
4260.0,-62.260853
4262.0,-62.22538
4264.0,-62.189579
4266.0,-62.153469
4268.0,-62.117073
4270.0,-62.080418
4272.0,-62.043522
4274.0,-62.006413
4276.0,-61.969109
4278.0,-61.931286
4280.0,-61.892509
4282.0,-61.853344
4284.0,-61.813797
4286.0,-61.773857
4288.0,-61.733521
4290.0,-61.692783
4292.0,-61.651642
4294.0,-61.610085
4296.0,-61.5681
4298.0,-61.525684
4300.0,-61.48283
4302.0,-61.439518
4304.0,-61.395741
4306.0,-61.351482
4308.0,-61.306732
4310.0,-61.261589
4312.0,-61.215946
4314.0,-61.169796
4316.0,-61.123123
4318.0,-61.075905
4320.0,-61.028126
4322.0,-60.979774
4324.0,-60.930832
4326.0,-60.881271
4328.0,-60.831081
4330.0,-60.780239
4332.0,-60.728718
4334.0,-60.676502
4336.0,-60.623562
4338.0,-60.569881
4340.0,-60.515617
4342.0,-60.460712
4344.0,-60.405041
4346.0,-60.348579
4348.0,-60.291306
4350.0,-60.233192
4352.0,-60.174213
4354.0,-60.114338
4356.0,-60.053539
4358.0,-59.991791
4360.0,-59.929054
4362.0,-59.865307
4364.0,-59.80051
4366.0,-59.734634
4368.0,-59.667641
4370.0,-59.599503
4372.0,-59.530178
4374.0,-59.459633
4376.0,-59.387833
4378.0,-59.314732
4380.0,-59.240295
4382.0,-59.164482
4384.0,-59.087254
4386.0,-59.008568
4388.0,-58.928375
4390.0,-58.846642
4392.0,-58.763321
4394.0,-58.678364
4396.0,-58.591724
4398.0,-58.503357
4400.0,-58.413216
4402.0,-58.321171
4404.0,-58.226635
4406.0,-58.129753
4408.0,-58.030411
4410.0,-57.928505
4412.0,-57.823914
4414.0,-57.716518
4416.0,-57.606205
4418.0,-57.49268
4420.0,-57.375435
4422.0,-57.25457
4424.0,-57.129894
4426.0,-57.001209
4428.0,-56.868313
4430.0,-56.730984
4432.0,-56.589005
4434.0,-56.440109
4436.0,-56.282223
4438.0,-56.117073
4440.0,-55.944214
4442.0,-55.763184
4444.0,-55.573532
4446.0,-55.374794
4448.0,-55.1665
4450.0,-54.948174
4452.0,-54.71933
4454.0,-54.479485
4456.0,-54.228149
4458.0,-53.964817
4460.0,-53.688992
4462.0,-53.39753
4464.0,-53.086475
4466.0,-52.754192
4468.0,-52.398083
4470.0,-52.014133
4472.0,-51.599552
4474.0,-51.150814
4476.0,-50.651649
4478.0,-50.095791
4480.0,-49.478458
4482.0,-48.792328
4484.0,-48.029858
4486.0,-47.183285
4488.0,-46.212334
4490.0,-45.087166
4492.0,-43.783016
4494.0,-42.205528
4496.0,-40.252628
4498.0,-37.850052
4500.0,-34.821365
4502.0,-30.867317
4504.0,-25.7505
4506.0,-19.369274
4508.0,-12.606763
4510.0,-7.5884032
4512.0,-5.9120231
4514.0,-7.1721368
4516.0,-10.359842
4518.0,-14.597548
4520.0,-19.242897
4522.0,-23.869057
4524.0,-28.234903
4526.0,-32.222279
4528.0,-35.814503
4530.0,-39.021484
4532.0,-41.890167
4534.0,-44.465809
4536.0,-46.768356
4538.0,-48.812233
4540.0,-50.608482
4542.0,-52.178497
4544.0,-53.539982
4546.0,-54.721138
4548.0,-55.743824
4550.0,-56.628906
4552.0,-57.397526
4554.0,-58.070423
4556.0,-58.667328
4558.0,-59.193386
4560.0,-59.664963
4562.0,-60.095238
4564.0,-60.487431
4566.0,-60.839741
4568.0,-61.161297
4570.0,-61.454674
4572.0,-61.722042
4574.0,-61.963001
4576.0,-62.176094
4578.0,-62.367603
4580.0,-62.549164
4582.0,-62.717831
4584.0,-62.876404
4586.0,-63.002663
4588.0,-63.098011
4590.0,-63.15556
4592.0,-63.186047
4594.0,-63.220097
4596.0,-63.251247
4598.0,-63.289768
4600.0,-63.316505
4602.0,-63.341045
4604.0,-63.367222
4606.0,-63.394768
4608.0,-63.420006
4610.0,-63.443699
4612.0,-63.464062
4614.0,-63.483929
4616.0,-63.501408
4618.0,-63.514725
4620.0,-63.523796
4622.0,-63.531292
4624.0,-63.535458
4626.0,-63.536209
4628.0,-63.535587
4630.0,-63.533112
4632.0,-63.528519
4634.0,-63.521854
4636.0,-63.513172
4638.0,-63.502728
4640.0,-63.491024
4642.0,-63.477844
4644.0,-63.463303
4646.0,-63.447502
4648.0,-63.430553
4650.0,-63.412361
4652.0,-63.393078
4654.0,-63.372829
4656.0,-63.351704
4658.0,-63.329788
4660.0,-63.306938
4662.0,-63.28281
4664.0,-63.257854
4666.0,-63.232143
4668.0,-63.205746
4670.0,-63.17873
4672.0,-63.151169
4674.0,-63.123131
4676.0,-63.094685
4678.0,-63.065899
4680.0,-63.035141
4682.0,-63.003475
4684.0,-62.971203
4686.0,-62.938366
4688.0,-62.905014
4690.0,-62.871201
4692.0,-62.836975
4694.0,-62.802383
4696.0,-62.767475
4698.0,-62.7323
4700.0,-62.696907
4702.0,-62.661346
4704.0,-62.625664
4706.0,-62.589912
4708.0,-62.554138
4710.0,-62.517101
4712.0,-62.478928
4714.0,-62.440434
4716.0,-62.401642
4718.0,-62.362579
4720.0,-62.323265
4722.0,-62.283722
4724.0,-62.243973
4726.0,-62.204044
4728.0,-62.163952
4730.0,-62.123726
4732.0,-62.083385
4734.0,-62.04295
4736.0,-62.002449
4738.0,-61.961899
4740.0,-61.92078
4742.0,-61.87833
4744.0,-61.83556
4746.0,-61.792473
4748.0,-61.749065
4750.0,-61.705345
4752.0,-61.661312
4754.0,-61.61697
4756.0,-61.572315
4758.0,-61.527355
4760.0,-61.48209
4762.0,-61.436523
4764.0,-61.390656
4766.0,-61.34449
4768.0,-61.298027
4770.0,-61.251217
4772.0,-61.203247
4774.0,-61.154816
4776.0,-61.105907
4778.0,-61.056522
4780.0,-61.006649
4782.0,-60.956276
4784.0,-60.905396
4786.0,-60.854
4788.0,-60.802082
4790.0,-60.74963
4792.0,-60.696636
4794.0,-60.643093
4796.0,-60.588993
4798.0,-60.534328
4800.0,-60.479084
4802.0,-60.419758
4804.0,-60.358692
4806.0,-60.29673
4808.0,-60.233875
4810.0,-60.17012
4812.0,-60.105469
4814.0,-60.039921
4816.0,-59.973476
4818.0,-59.906136
4820.0,-59.837898
4822.0,-59.768764
4824.0,-59.698734
4826.0,-59.627808
4828.0,-59.555984
4830.0,-59.483265
4832.0,-59.409645
4834.0,-59.335133
4836.0,-59.259724
4838.0,-59.183418
4840.0,-59.106213
4842.0,-59.028114
4844.0,-58.94912
4846.0,-58.869225
4848.0,-58.788437
4850.0,-58.70388
4852.0,-58.616951
4854.0,-58.528126
4856.0,-58.437397
4858.0,-58.344769
4860.0,-58.25024
4862.0,-58.152203
4864.0,-58.05146
4866.0,-57.948261
4868.0,-57.842606
4870.0,-57.734493
4872.0,-57.623928
4874.0,-57.503437
4876.0,-57.377808
4878.0,-57.248196
4880.0,-57.11459
4882.0,-56.976997
4884.0,-56.835415
4886.0,-56.689842
4888.0,-56.540283
4890.0,-56.386734
4892.0,-56.229195
4894.0,-56.058987
4896.0,-55.863926
4898.0,-55.660027
4900.0,-55.447289
4902.0,-55.225712
4904.0,-54.9953
4906.0,-54.756046
4908.0,-54.507957
4910.0,-54.25103
4912.0,-53.985264
4914.0,-53.710659
4916.0,-53.414982
4918.0,-53.09948
4920.0,-52.764675
4922.0,-52.400558
4924.0,-52.012093
4926.0,-51.590343
4928.0,-51.128616
4930.0,-50.632111
4932.0,-50.075401
4934.0,-49.466282
4936.0,-48.79319
4938.0,-48.013397
4940.0,-47.149815
4942.0,-46.143879
4944.0,-44.976467
4946.0,-43.668987
4948.0,-42.095974
4950.0,-40.182644
4952.0,-37.800976
4954.0,-34.729771
4956.0,-30.676907
4958.0,-25.396206
4960.0,-18.908535
4962.0,-12.327151
4964.0,-7.698019
4966.0,-6.2063107
4968.0,-7.4741869
4970.0,-10.62189
4972.0,-14.868693
4974.0,-19.457039
4976.0,-23.896566
4978.0,-28.031055
4980.0,-31.845482
4982.0,-35.338184
4984.0,-38.507534
4986.0,-41.364956
4988.0,-43.931702
4990.0,-46.208389
4992.0,-48.238514
4994.0,-50.015282
4996.0,-51.587574
4998.0,-52.949226
5000.0,-54.165104
5002.0,-55.218472
5004.0,-56.154266
5006.0,-56.962471
5008.0,-57.68438
5010.0,-58.309399
5012.0,-58.868958
5014.0,-59.354897
5016.0,-59.791611
5018.0,-60.172539
5020.0,-60.515957
5022.0,-60.81686
5024.0,-61.088966
5026.0,-61.328403
5028.0,-61.546127
5030.0,-61.740582
5032.0,-61.913582
5034.0,-62.068157
5036.0,-62.206161
5038.0,-62.329552
5040.0,-62.438858
5042.0,-62.53524
5044.0,-62.621399
5046.0,-62.69923
5048.0,-62.770622
5050.0,-62.83712
5052.0,-62.891468
5054.0,-62.940235
5056.0,-62.984573
5058.0,-63.02565
5060.0,-63.064617
5062.0,-63.098618
5064.0,-63.125877
5066.0,-63.149784
5068.0,-63.17083
5070.0,-63.189503
5072.0,-63.206291
5074.0,-63.21941
5076.0,-63.230431
5078.0,-63.239704
5080.0,-63.24754
5082.0,-63.254253
5084.0,-63.258766
5086.0,-63.259876
5088.0,-63.258926
5090.0,-63.255951
5092.0,-63.250996
5094.0,-63.244106
5096.0,-63.236645
5098.0,-63.228149
5100.0,-63.218681
5102.0,-63.208393
5104.0,-63.197441
5106.0,-63.185028
5108.0,-63.170044
5110.0,-63.153816
5112.0,-63.136444
5114.0,-63.118015
5116.0,-63.098621
5118.0,-63.07835
5120.0,-63.057293
5122.0,-63.035545
5124.0,-63.013191
5126.0,-62.989441
5128.0,-62.964668
5130.0,-62.939178
5132.0,-62.913029
5134.0,-62.886272
5136.0,-62.858974
5138.0,-62.831184
5140.0,-62.802963
5142.0,-62.774368
5144.0,-62.745262
5146.0,-62.714344
5148.0,-62.682831
5150.0,-62.650761
5152.0,-62.618168
5154.0,-62.585098
5156.0,-62.55159
5158.0,-62.517677
5160.0,-62.483398
5162.0,-62.448795
5164.0,-62.41391
5166.0,-62.378773
5168.0,-62.34343
5170.0,-62.307911
5172.0,-62.272266
5174.0,-62.236252
5176.0,-62.198513
5178.0,-62.160385
5180.0,-62.121887
5182.0,-62.083035
5184.0,-62.043846
5186.0,-62.00433
5188.0,-61.964508
5190.0,-61.924397
5192.0,-61.88401
5194.0,-61.843361
5196.0,-61.802471
5198.0,-61.761349
5200.0,-61.720016
5202.0,-61.678486
5204.0,-61.636475
5206.0,-61.59285
5208.0,-61.548752
5210.0,-61.504185
5212.0,-61.459148
5214.0,-61.413635
5216.0,-61.367649
5218.0,-61.321186
5220.0,-61.27425
5222.0,-61.226837
5224.0,-61.178951
5226.0,-61.130592
5228.0,-61.08176
5230.0,-61.032455
5232.0,-60.982677
5234.0,-60.93243
5236.0,-60.881718
5238.0,-60.830536
5240.0,-60.778893
5242.0,-60.726791
5244.0,-60.674229
5246.0,-60.621212
5248.0,-60.567741
5250.0,-60.513824
5252.0,-60.459465
5254.0,-60.403164
5256.0,-60.346001
5258.0,-60.288132
5260.0,-60.229542
5262.0,-60.170227
5264.0,-60.110165
5266.0,-60.049347
5268.0,-59.987762
5270.0,-59.925392
5272.0,-59.862228
5274.0,-59.798252
5276.0,-59.733456
5278.0,-59.66782
5280.0,-59.601334
5282.0,-59.533981
5284.0,-59.465748
5286.0,-59.396622
5288.0,-59.326588
5290.0,-59.255627
5292.0,-59.183727
5294.0,-59.110874
5296.0,-59.037052
5298.0,-58.962246
5300.0,-58.886436
5302.0,-58.807289
5304.0,-58.725025
5306.0,-58.641083
5308.0,-58.555405
5310.0,-58.467937
5312.0,-58.378616
5314.0,-58.287384
5316.0,-58.194176
5318.0,-58.098934
5320.0,-58.001591
5322.0,-57.902084
5324.0,-57.800346
5326.0,-57.696308
5328.0,-57.589901
5330.0,-57.48106
5332.0,-57.369709
5334.0,-57.255779
5336.0,-57.139191
5338.0,-57.019878
5340.0,-56.897758
5342.0,-56.772758
5344.0,-56.644798
5346.0,-56.513798
5348.0,-56.379677
5350.0,-56.241306
5352.0,-56.094479
5354.0,-55.939678
5356.0,-55.776115
5358.0,-55.602974
5360.0,-55.419392
5362.0,-55.22493
5364.0,-55.020695
5366.0,-54.804901
5368.0,-54.576931
5370.0,-54.336174
5372.0,-54.082005
5374.0,-53.813137
5376.0,-53.524002
5378.0,-53.216049
5380.0,-52.887787
5382.0,-52.537655
5384.0,-52.163998
5386.0,-51.763996
5388.0,-51.316559
5390.0,-50.827854
5392.0,-50.292931
5394.0,-49.706474
5396.0,-49.062809
5398.0,-48.3559
5400.0,-47.542408
5402.0,-46.618195
5404.0,-45.563381
5406.0,-44.335457
5408.0,-42.810326
5410.0,-40.963619
5412.0,-38.724613
5414.0,-35.936817
5416.0,-32.305584
5418.0,-27.613491
5420.0,-21.671326
5422.0,-14.880713
5424.0,-9.0185575
5426.0,-6.174705
5428.0,-6.5312033
5430.0,-9.1589222
5432.0,-13.116541
5434.0,-17.67235
5436.0,-22.275095
5438.0,-26.61281
5440.0,-30.56881
5442.0,-34.162403
5444.0,-37.439594
5446.0,-40.419083
5448.0,-43.103512
5450.0,-45.500698
5452.0,-47.621593
5454.0,-49.483063
5456.0,-51.120468
5458.0,-52.555302
5460.0,-53.81012
5462.0,-54.907906
5464.0,-55.866776
5466.0,-56.69495
5468.0,-57.413498
5470.0,-58.04327
5472.0,-58.601593
5474.0,-59.081108
5476.0,-59.489868
5478.0,-59.846657
5480.0,-60.162357
5482.0,-60.436474
5484.0,-60.685307
5486.0,-60.919216
5488.0,-61.127136
5490.0,-61.30534
5492.0,-61.466438
5494.0,-61.614735
5496.0,-61.761703
5498.0,-61.909317
5500.0,-62.062798
5502.0,-62.203167
5504.0,-62.307438
5506.0,-62.38681
5508.0,-62.437344
5510.0,-62.514576
5512.0,-62.603138
5514.0,-62.707516
5516.0,-62.808002
5518.0,-62.860321
5520.0,-62.882729
5522.0,-62.868496
5524.0,-62.890499
5526.0,-62.942783
5528.0,-63.025063
5530.0,-63.125725
5532.0,-63.185059
5534.0,-63.22961
5536.0,-63.253704
5538.0,-63.274326
5540.0,-63.291901
5542.0,-63.300865
5544.0,-63.303925
5546.0,-63.313774
5548.0,-63.319565
5550.0,-63.321289
5552.0,-63.318958
5554.0,-63.312561
5556.0,-63.302105
5558.0,-63.292492
5560.0,-63.283195
5562.0,-63.271942
5564.0,-63.258728
5566.0,-63.243553
5568.0,-63.226421
5570.0,-63.207649
5572.0,-63.18988
5574.0,-63.170994
5576.0,-63.150997
5578.0,-63.129883
5580.0,-63.107655
5582.0,-63.084316
5584.0,-63.060608
5586.0,-63.036621
5588.0,-63.011883
5590.0,-62.986393
5592.0,-62.960155
5594.0,-62.933167
5596.0,-62.905472
5598.0,-62.878101
5600.0,-62.850155
5602.0,-62.821625
5604.0,-62.792522
5606.0,-62.762836
5608.0,-62.732574
5610.0,-62.701733
5612.0,-62.670315
5614.0,-62.638313
5616.0,-62.605736
5618.0,-62.572582
5620.0,-62.538918
5622.0,-62.505585
5624.0,-62.471767
5626.0,-62.437473
5628.0,-62.402695
5630.0,-62.367435
5632.0,-62.331696
5634.0,-62.295471
5636.0,-62.258766
5638.0,-62.221581
5640.0,-62.183914
5642.0,-62.145763
5644.0,-62.107132
5646.0,-62.06802
5648.0,-62.028427
5650.0,-61.98835
5652.0,-61.947792
5654.0,-61.906754
5656.0,-61.865231
5658.0,-61.823227
5660.0,-61.78101
5662.0,-61.738338
5664.0,-61.695213
5666.0,-61.65163
5668.0,-61.607594
5670.0,-61.563103
5672.0,-61.518154
5674.0,-61.472755
5676.0,-61.426895
5678.0,-61.380585
5680.0,-61.333817
5682.0,-61.286594
5684.0,-61.238918
5686.0,-61.190788
5688.0,-61.1422
5690.0,-61.093159
5692.0,-61.043663
5694.0,-60.99371
5696.0,-60.943302
5698.0,-60.885246
5700.0,-60.825802
5702.0,-60.765484
5704.0,-60.704292
5706.0,-60.642231
5708.0,-60.579296
5710.0,-60.515491
5712.0,-60.450813
5714.0,-60.385265
5716.0,-60.318844
5718.0,-60.251549
5720.0,-60.183384
5722.0,-60.114346
5724.0,-60.044437
5726.0,-59.973656
5728.0,-59.902
5730.0,-59.829475
5732.0,-59.756077
5734.0,-59.681808
5736.0,-59.606667
5738.0,-59.530651
5740.0,-59.453766
5742.0,-59.376011
5744.0,-59.297379
5746.0,-59.217876
5748.0,-59.137505
5750.0,-59.056259
5752.0,-58.97414
5754.0,-58.891151
5756.0,-58.807289
5758.0,-58.722557
5760.0,-58.636951
5762.0,-58.550472
5764.0,-58.463123
5766.0,-58.374905
5768.0,-58.285809
5770.0,-58.189156
5772.0,-58.088486
5774.0,-57.985256
5776.0,-57.879467
5778.0,-57.771118
5780.0,-57.660206
5782.0,-57.546734
5784.0,-57.430698
5786.0,-57.312103
5788.0,-57.184578
5790.0,-57.05114
5792.0,-56.91346
5794.0,-56.771542
5796.0,-56.625381
5798.0,-56.474983
5800.0,-56.320343
5802.0,-56.161461
5804.0,-55.998341
5806.0,-55.814167
5808.0,-55.615875
5810.0,-55.40871
5812.0,-55.192669
5814.0,-54.967754
5816.0,-54.733963
5818.0,-54.491295
5820.0,-54.239754
5822.0,-53.979336
5824.0,-53.698231
5826.0,-53.396927
5828.0,-53.079136
5830.0,-52.743797
5832.0,-52.369694
5834.0,-51.969311
5836.0,-51.542652
5838.0,-51.074627
5840.0,-50.54525
5842.0,-49.971233
5844.0,-49.352573
5846.0,-48.627678
5848.0,-47.805271
5850.0,-46.901039
5852.0,-45.909649
5854.0,-44.745125
5856.0,-43.368225
5858.0,-41.717014
5860.0,-39.696026
5862.0,-37.153183
5864.0,-33.826912
5866.0,-29.570314
5868.0,-23.975443
5870.0,-17.265163
5872.0,-10.87789
5874.0,-6.9447703
5876.0,-6.1657043
5878.0,-7.9950538
5880.0,-11.505397
5882.0,-15.877851
5884.0,-20.49618
5886.0,-24.959084
5888.0,-29.104015
5890.0,-32.892391
5892.0,-36.331604
5894.0,-39.441273
5896.0,-42.240807
5898.0,-44.748299
5900.0,-46.982822
5902.0,-48.960876
5904.0,-50.696148
5906.0,-52.211929
5908.0,-53.532967
5910.0,-54.68182
5912.0,-55.679905
5914.0,-56.548489
5916.0,-57.307663
5918.0,-57.967449
5920.0,-58.549004
5922.0,-59.058037
5924.0,-59.509235
5926.0,-59.910408
5928.0,-60.264626
5930.0,-60.58268
5932.0,-60.865746
5934.0,-61.122059
5936.0,-61.351692
5938.0,-61.559666
5940.0,-61.751953
5942.0,-61.928417
5944.0,-62.071896
5946.0,-62.193047
5948.0,-62.292377
5950.0,-62.391609
5952.0,-62.500286
5954.0,-62.618042
5956.0,-62.746151
5958.0,-62.843376
5960.0,-62.928089
5962.0,-62.997875
5964.0,-63.058285
5966.0,-63.113842
5968.0,-63.160812
5970.0,-63.199455
5972.0,-63.233643
5974.0,-63.262661
5976.0,-63.287342
5978.0,-63.307518
5980.0,-63.32283
5982.0,-63.334827
5984.0,-63.344181
5986.0,-63.351578
5988.0,-63.357697
5990.0,-63.360542
5992.0,-63.360153
5994.0,-63.358116
5996.0,-63.35479
5998.0,-63.350536
6000.0,-63.345703
6002.0,-63.337872
6004.0,-63.32803
6006.0,-63.31686
6008.0,-63.30452
6010.0,-63.291161
6012.0,-63.276958
6014.0,-63.262081
6016.0,-63.246716
6018.0,-63.231049
6020.0,-63.213268
6022.0,-63.194416
6024.0,-63.17477
6026.0,-63.154385
6028.0,-63.133297
6030.0,-63.111549
6032.0,-63.089184
6034.0,-63.066231
6036.0,-63.042721
6038.0,-63.018364
6040.0,-62.993355
6042.0,-62.967712
6044.0,-62.941425
6046.0,-62.91449
6048.0,-62.886894
6050.0,-62.858612
6052.0,-62.829632
6054.0,-62.799938
6056.0,-62.770477
6058.0,-62.740547
6060.0,-62.710144
6062.0,-62.679253
6064.0,-62.647865
6066.0,-62.615963
6068.0,-62.583519
6070.0,-62.55051
6072.0,-62.516907
6074.0,-62.482674
6076.0,-62.447773
6078.0,-62.412163
6080.0,-62.375793
6082.0,-62.338615
6084.0,-62.302353
6086.0,-62.265732
6088.0,-62.228668
6090.0,-62.191151
6092.0,-62.153164
6094.0,-62.114697
6096.0,-62.075733
6098.0,-62.036247
6100.0,-61.996223
6102.0,-61.955643
6104.0,-61.914474
6106.0,-61.872696
6108.0,-61.83028
6110.0,-61.787193
6112.0,-61.74501
6114.0,-61.702709
6116.0,-61.660099
6118.0,-61.617168
6120.0,-61.573914
6122.0,-61.530327
6124.0,-61.486393
6126.0,-61.442097
6128.0,-61.397415
6130.0,-61.352325
6132.0,-61.306805
6134.0,-61.260815
6136.0,-61.214325
6138.0,-61.16729
6140.0,-61.119671
6142.0,-61.071415
6144.0,-61.022465
6146.0,-60.972763
6148.0,-60.922245
6150.0,-60.870838
6152.0,-60.818466
6154.0,-60.766384
6156.0,-60.715488
6158.0,-60.664062
6160.0,-60.612076
6162.0,-60.55949
6164.0,-60.506264
6166.0,-60.452351
6168.0,-60.397701
6170.0,-60.342262
6172.0,-60.285976
6174.0,-60.228783
6176.0,-60.170612
6178.0,-60.111393
6180.0,-60.051052
6182.0,-59.98951
6184.0,-59.926678
6186.0,-59.862469
6188.0,-59.79678
6190.0,-59.729515
6192.0,-59.660564
6194.0,-59.589817
6196.0,-59.517155
6198.0,-59.446289
6200.0,-59.37418
6202.0,-59.300621
6204.0,-59.225544
6206.0,-59.148888
6208.0,-59.070572
6210.0,-58.990536
6212.0,-58.908699
6214.0,-58.824982
6216.0,-58.739311
6218.0,-58.651596
6220.0,-58.561756
6222.0,-58.4697
6224.0,-58.375336
6226.0,-58.278564
6228.0,-58.179295
6230.0,-58.077419
6232.0,-57.972832
6234.0,-57.865433
6236.0,-57.755104
6238.0,-57.641731
6240.0,-57.524139
6242.0,-57.401894
6244.0,-57.275784
6246.0,-57.145641
6248.0,-57.011288
6250.0,-56.872543
6252.0,-56.729218
6254.0,-56.581112
6256.0,-56.428024
6258.0,-56.269753
6260.0,-56.106079
6262.0,-55.936779
6264.0,-55.761631
6266.0,-55.580395
6268.0,-55.392834
6270.0,-55.1987
6272.0,-54.997734
6274.0,-54.789677
6276.0,-54.574261
6278.0,-54.351204
6280.0,-54.120228
6282.0,-53.880936
6284.0,-53.62574
6286.0,-53.350922
6288.0,-53.053726
6290.0,-52.731178
6292.0,-52.380039
6294.0,-51.997803
6296.0,-51.581306
6298.0,-51.126713
6300.0,-50.630264
6302.0,-50.088009
6304.0,-49.488983
6306.0,-48.807812
6308.0,-48.04295
6310.0,-47.180962
6312.0,-46.206657
6314.0,-45.102997
6316.0,-43.789932
6318.0,-42.224915
6320.0,-40.341545
6322.0,-38.012127
6324.0,-35.029877
6326.0,-31.180794
6328.0,-26.223446
6330.0,-19.971355
6332.0,-13.193373
6334.0,-7.8975801
6336.0,-5.937768
6338.0,-6.9978166
6340.0,-9.9736595
6342.0,-14.126929
6344.0,-18.75012
6346.0,-23.319691
6348.0,-27.557962
6350.0,-31.404881
6352.0,-34.894295
6354.0,-38.082062
6356.0,-40.982952
6358.0,-43.585201
6360.0,-45.880653
6362.0,-47.89397
6364.0,-49.661011
6366.0,-51.208912
6368.0,-52.572636
6370.0,-53.773899
6372.0,-54.836102
6374.0,-55.775398
6376.0,-56.606339
6378.0,-57.340206
6380.0,-57.986771
6382.0,-58.557514
6384.0,-59.067738
6386.0,-59.522091
6388.0,-59.925873
6390.0,-60.282608
6392.0,-60.590981
6394.0,-60.856209
6396.0,-61.089169
6398.0,-61.28672
6400.0,-61.45969
6402.0,-61.630161
6404.0,-61.804157
6406.0,-61.976067
6408.0,-62.113117
6410.0,-62.21833
6412.0,-62.299286
6414.0,-62.398849
6416.0,-62.511978
6418.0,-62.633217
6420.0,-62.716309
6422.0,-62.76564
6424.0,-62.781963
6426.0,-62.809017
6428.0,-62.836945
6430.0,-62.870327
6432.0,-62.894783
6434.0,-62.921097
6436.0,-62.950035
6438.0,-62.977112
6440.0,-63.00296
6442.0,-63.026421
6444.0,-63.049168
6446.0,-63.068623
6448.0,-63.083897
6450.0,-63.097359
6452.0,-63.107605
6454.0,-63.114922
6456.0,-63.121117
6458.0,-63.125175
6460.0,-63.127098
6462.0,-63.126877
6464.0,-63.124516
6466.0,-63.120804
6468.0,-63.11557
6470.0,-63.108765
6472.0,-63.100468
6474.0,-63.090752
6476.0,-63.079708
6478.0,-63.067425
6480.0,-63.05397
6482.0,-63.039425
6484.0,-63.023872
6486.0,-63.007347
6488.0,-62.989445
6490.0,-62.970558
6492.0,-62.95076
6494.0,-62.930115
6496.0,-62.908688
6498.0,-62.886543
6500.0,-62.86375
6502.0,-62.840374
6504.0,-62.816479
6506.0,-62.790634
6508.0,-62.763641
6510.0,-62.735886
6512.0,-62.707417
6514.0,-62.678291
6516.0,-62.648556
6518.0,-62.618259
6520.0,-62.587456
6522.0,-62.556198
6524.0,-62.524532
6526.0,-62.492516
6528.0,-62.46019
6530.0,-62.427616
6532.0,-62.394836
6534.0,-62.361904
6536.0,-62.328876
6538.0,-62.295795
6540.0,-62.260338
6542.0,-62.224209
6544.0,-62.187691
6546.0,-62.150818
6548.0,-62.113609
6550.0,-62.076088
6552.0,-62.038288
6554.0,-62.000225
6556.0,-61.961929
6558.0,-61.923424
6560.0,-61.884735
6562.0,-61.845886
6564.0,-61.806904
6566.0,-61.767815
6568.0,-61.728638
6570.0,-61.6894
6572.0,-61.650131
6574.0,-61.608631
6576.0,-61.566723
6578.0,-61.524445
6580.0,-61.4818
6582.0,-61.438789
6584.0,-61.39542
6586.0,-61.351688
6588.0,-61.307606
6590.0,-61.263172
6592.0,-61.218391
6594.0,-61.173264
6596.0,-61.127792
6598.0,-61.081985
6600.0,-61.035843
6602.0,-60.989368
6604.0,-60.942566
6606.0,-60.895344
6608.0,-60.846554
6610.0,-60.797211
6612.0,-60.747314
6614.0,-60.696846
6616.0,-60.645805
6618.0,-60.594173
6620.0,-60.54195
6622.0,-60.489117
6624.0,-60.435673
6626.0,-60.381599
6628.0,-60.326897
6630.0,-60.271545
6632.0,-60.215546
6634.0,-60.158878
6636.0,-60.101543
6638.0,-60.043526
6640.0,-59.984619
6642.0,-59.923923
6644.0,-59.862301
6646.0,-59.799728
6648.0,-59.736183
6650.0,-59.67165
6652.0,-59.606098
6654.0,-59.539513
6656.0,-59.47187
6658.0,-59.403149
6660.0,-59.333328
6662.0,-59.262383
6664.0,-59.190296
6666.0,-59.117046
6668.0,-59.042606
6670.0,-58.966961
6672.0,-58.890087
6674.0,-58.811275
6676.0,-58.728951
6678.0,-58.644836
6680.0,-58.558891
6682.0,-58.471066
6684.0,-58.38131
6686.0,-58.289574
6688.0,-58.195808
6690.0,-58.099972
6692.0,-58.002007
6694.0,-57.901871
6696.0,-57.799511
6698.0,-57.694885
6700.0,-57.587936
6702.0,-57.478622
6704.0,-57.36689
6706.0,-57.252697
6708.0,-57.130329
6710.0,-56.993004
6712.0,-56.850075
6714.0,-56.701324
6716.0,-56.546547
6718.0,-56.385525
6720.0,-56.218048
6722.0,-56.043903
6724.0,-55.862881
6726.0,-55.674763
6728.0,-55.47934
6730.0,-55.276398
6732.0,-55.065723
6734.0,-54.847107
6736.0,-54.620338
6738.0,-54.385197
6740.0,-54.141476
6742.0,-53.88467
6744.0,-53.607536
6746.0,-53.312035
6748.0,-52.996788
6750.0,-52.65929
6752.0,-52.29282
6754.0,-51.898022
6756.0,-51.472702
6758.0,-51.014664
6760.0,-50.499886
6762.0,-49.933807
6764.0,-49.311722
6766.0,-48.628742
6768.0,-47.831261
6770.0,-46.910648
6772.0,-45.864529
6774.0,-44.679672
6776.0,-43.307541
6778.0,-41.661491
6780.0,-39.638279
6782.0,-37.111095
6784.0,-33.816227
6786.0,-29.544466
6788.0,-24.015308
6790.0,-17.341423
6792.0,-10.944983
6794.0,-6.8932195
6796.0,-6.0911341
6798.0,-7.9561796
6800.0,-11.515858
6802.0,-15.934838
6804.0,-20.596581
6806.0,-25.115253
6808.0,-29.326458
6810.0,-33.18029
6812.0,-36.670013
6814.0,-39.811165
6816.0,-42.628922
6818.0,-45.137772
6820.0,-47.358196
6822.0,-49.317402
6824.0,-51.038723
6826.0,-52.54427
6828.0,-53.864723
6830.0,-55.016346
6832.0,-56.02021
6834.0,-56.904087
6836.0,-57.673061
6838.0,-58.341518
6840.0,-58.908916
6842.0,-59.39851
6844.0,-59.837475
6846.0,-60.228508
6848.0,-60.574963
6850.0,-60.879017
6852.0,-61.15366
6854.0,-61.399757
6856.0,-61.617783
6858.0,-61.816196
6860.0,-61.995159
6862.0,-62.154869
6864.0,-62.300335
6866.0,-62.431747
6868.0,-62.549484
6870.0,-62.65641
6872.0,-62.752831
6874.0,-62.839256
6876.0,-62.917393
6878.0,-62.986961
6880.0,-63.04845
6882.0,-63.103424
6884.0,-63.152851
6886.0,-63.197716
6888.0,-63.237186
6890.0,-63.270855
6892.0,-63.300594
6894.0,-63.327045
6896.0,-63.35083
6898.0,-63.371418
6900.0,-63.387749
6902.0,-63.401409
6904.0,-63.412739
6906.0,-63.422077
6908.0,-63.429302
6910.0,-63.433525
6912.0,-63.435715
6914.0,-63.436031
6916.0,-63.434639
6918.0,-63.431694
6920.0,-63.427361
6922.0,-63.421791
6924.0,-63.414967
6926.0,-63.406116
6928.0,-63.395943
6930.0,-63.384487
6932.0,-63.371796
6934.0,-63.357895
6936.0,-63.342804
6938.0,-63.326538
6940.0,-63.30912
6942.0,-63.290928
6944.0,-63.271736
6946.0,-63.251545
6948.0,-63.230366
6950.0,-63.208199
6952.0,-63.185036
6954.0,-63.160858
6956.0,-63.135654
6958.0,-63.110558
6960.0,-63.084896
6962.0,-63.058582
6964.0,-63.031624
6966.0,-63.004002
6968.0,-62.975708
6970.0,-62.94672
6972.0,-62.917004
6974.0,-62.886532
6976.0,-62.855255
6978.0,-62.823124
6980.0,-62.790085
6982.0,-62.756069
6984.0,-62.721012
6986.0,-62.684834
6988.0,-62.6502
6990.0,-62.615982
6992.0,-62.58136
6994.0,-62.546333
6996.0,-62.510887
6998.0,-62.47501
7000.0,-62.438683
7002.0,-62.401886
7004.0,-62.364594
7006.0,-62.326782
7008.0,-62.288414
7010.0,-62.249462
7012.0,-62.209885
7014.0,-62.16964
7016.0,-62.128681
7018.0,-62.087875
7020.0,-62.047215
7022.0,-62.006104
7024.0,-61.964523
7026.0,-61.922459
7028.0,-61.879883
7030.0,-61.836781
7032.0,-61.793121
7034.0,-61.748882
7036.0,-61.704037
7038.0,-61.658554
7040.0,-61.612404
7042.0,-61.565552
7044.0,-61.517963
7046.0,-61.469601
7048.0,-61.421066
7050.0,-61.372852
7052.0,-61.324154
7054.0,-61.274971
7056.0,-61.225304
7058.0,-61.175144
7060.0,-61.124496
7062.0,-61.073353
7064.0,-61.021713
7066.0,-60.969574
7068.0,-60.916935
7070.0,-60.863789
7072.0,-60.810139
7074.0,-60.755974
7076.0,-60.701298
7078.0,-60.645725
7080.0,-60.588322
7082.0,-60.530174
7084.0,-60.471268
7086.0,-60.411602
7088.0,-60.351166
7090.0,-60.289955
7092.0,-60.227962
7094.0,-60.16518
7096.0,-60.101604
7098.0,-60.03722
7100.0,-59.972031
7102.0,-59.906025
7104.0,-59.839191
7106.0,-59.77153
7108.0,-59.703033
7110.0,-59.633694
7112.0,-59.563499
7114.0,-59.492451
7116.0,-59.420536
7118.0,-59.347748
7120.0,-59.274086
7122.0,-59.199539
7124.0,-59.124096
7126.0,-59.04776
7128.0,-58.970512
7130.0,-58.892357
7132.0,-58.813282
7134.0,-58.73328
7136.0,-58.651497
7138.0,-58.567017
7140.0,-58.480537
7142.0,-58.391972
7144.0,-58.301228
7146.0,-58.208214
7148.0,-58.112839
7150.0,-58.014927
7152.0,-57.91412
7154.0,-57.810513
7156.0,-57.704006
7158.0,-57.594479
7160.0,-57.481827
7162.0,-57.365936
7164.0,-57.246384
7166.0,-57.116199
7168.0,-56.98045
7170.0,-56.838966
7172.0,-56.69157
7174.0,-56.538097
7176.0,-56.378368
7178.0,-56.212219
7180.0,-56.039467
7182.0,-55.859947
7184.0,-55.673489
7186.0,-55.479916
7188.0,-55.279057
7190.0,-55.070736
7192.0,-54.85479
7194.0,-54.631039
7196.0,-54.395687
7198.0,-54.145802
7200.0,-53.881809
7202.0,-53.602764
7204.0,-53.304623
7206.0,-52.985958
7208.0,-52.645885
7210.0,-52.282833
7212.0,-51.887581
7214.0,-51.459705
7216.0,-50.996979
7218.0,-50.495888
7220.0,-49.931541
7222.0,-49.308018
7224.0,-48.619263
7226.0,-47.850159
7228.0,-46.940193
7230.0,-45.900383
7232.0,-44.715454
7234.0,-43.351265
7236.0,-41.708256
7238.0,-39.703072
7240.0,-37.180103
7242.0,-33.92403
7244.0,-29.666246
7246.0,-24.179811
7248.0,-17.511763
7250.0,-11.063753
7252.0,-6.9145155
7254.0,-6.0042434
7256.0,-7.8455653
7258.0,-11.400213
7260.0,-15.837011
7262.0,-20.512842
7264.0,-25.019022
7266.0,-29.173067
7268.0,-32.926743
7270.0,-36.308262
7272.0,-39.362907
7274.0,-42.124474
7276.0,-44.606995
7278.0,-46.823051
7280.0,-48.783161
7282.0,-50.507172
7284.0,-52.014782
7286.0,-53.332623
7288.0,-54.480999
7290.0,-55.480499
7292.0,-56.349503
7294.0,-57.11055
7296.0,-57.783287
7298.0,-58.375145
7300.0,-58.910301
7302.0,-59.407257
7304.0,-59.83165
7306.0,-60.204529
7308.0,-60.536476
7310.0,-60.830521
7312.0,-61.091412
7314.0,-61.32637
7316.0,-61.537846
7318.0,-61.724892
7320.0,-61.89444
7322.0,-62.049431
7324.0,-62.186481
7326.0,-62.310898
7328.0,-62.425026
7330.0,-62.526646
7332.0,-62.618183
7334.0,-62.701138
7336.0,-62.776684
7338.0,-62.845898
7340.0,-62.90749
7342.0,-62.963135
7344.0,-63.013309
7346.0,-63.058384
7348.0,-63.098694
7350.0,-63.13496
7352.0,-63.16711
7354.0,-63.195251
7356.0,-63.219402
7358.0,-63.240372
7360.0,-63.261044
7362.0,-63.279636
7364.0,-63.296165
7366.0,-63.310547
7368.0,-63.322605
7370.0,-63.332054
7372.0,-63.338516
7374.0,-63.341522
7376.0,-63.340496
7378.0,-63.338299
7380.0,-63.340103
7382.0,-63.340111
7384.0,-63.338036
7386.0,-63.333534
7388.0,-63.326195
7390.0,-63.31554
7392.0,-63.301041
7394.0,-63.282093
7396.0,-63.258038
7398.0,-63.234493
7400.0,-63.216385
7402.0,-63.196995
7404.0,-63.176327
7406.0,-63.154392
7408.0,-63.131187
7410.0,-63.106701
7412.0,-63.08091
7414.0,-63.053795
7416.0,-63.025322
7418.0,-62.996334
7420.0,-62.967148
7422.0,-62.937164
7424.0,-62.906425
7426.0,-62.874969
7428.0,-62.842834
7430.0,-62.810059
7432.0,-62.776676
7434.0,-62.742722
7436.0,-62.708233
7438.0,-62.673347
7440.0,-62.638103
7442.0,-62.602493
7444.0,-62.566559
7446.0,-62.530338
7448.0,-62.493881
7450.0,-62.457222
7452.0,-62.42041
7454.0,-62.38348
7456.0,-62.346481
7458.0,-62.309448
7460.0,-62.27243
7462.0,-62.235466
7464.0,-62.198601
7466.0,-62.161869
7468.0,-62.125324
7470.0,-62.088074
7472.0,-62.048695
7474.0,-62.009052
7476.0,-61.969154
7478.0,-61.929016
7480.0,-61.888641
7482.0,-61.848038
7484.0,-61.807224
7486.0,-61.766201
7488.0,-61.724983
7490.0,-61.683578
7492.0,-61.641998
7494.0,-61.600254
7496.0,-61.55835
7498.0,-61.516296
7500.0,-61.47411
7502.0,-61.431793
7504.0,-61.387951
7506.0,-61.343742
7508.0,-61.299168
7510.0,-61.254227
7512.0,-61.208908
7514.0,-61.163212
7516.0,-61.11713
7518.0,-61.07066
7520.0,-61.023796
7522.0,-60.976532
7524.0,-60.928864
7526.0,-60.880787
7528.0,-60.832298
7530.0,-60.78339
7532.0,-60.734058
7534.0,-60.684299
7536.0,-60.63345
7538.0,-60.581711
7540.0,-60.529346
7542.0,-60.476337
7544.0,-60.422676
7546.0,-60.36834
7548.0,-60.31332
7550.0,-60.257599
7552.0,-60.20116
7554.0,-60.14399
7556.0,-60.086075
7558.0,-60.027397
7560.0,-59.967945
7562.0,-59.9077
7564.0,-59.846645
7566.0,-59.784775
7568.0,-59.721676
7570.0,-59.656933
7572.0,-59.591118
7574.0,-59.524212
7576.0,-59.456181
7578.0,-59.387001
7580.0,-59.31665
7582.0,-59.245094
7584.0,-59.17231
7586.0,-59.098274
7588.0,-59.022957
7590.0,-58.946331
7592.0,-58.868374
7594.0,-58.789055
7596.0,-58.708351
7598.0,-58.626232
7600.0,-58.542519
7602.0,-58.454456
7604.0,-58.364357
7606.0,-58.272171
7608.0,-58.177834
7610.0,-58.081295
7612.0,-57.982498
7614.0,-57.881378
7616.0,-57.777882
7618.0,-57.671947
7620.0,-57.563526
7622.0,-57.452553
7624.0,-57.338974
7626.0,-57.222729
7628.0,-57.10376
7630.0,-56.982014
7632.0,-56.85743
7634.0,-56.715508
7636.0,-56.5625
7638.0,-56.402767
7640.0,-56.23605
7642.0,-56.06208
7644.0,-55.8806
7646.0,-55.691345
7648.0,-55.494049
7650.0,-55.288448
7652.0,-55.074284
7654.0,-54.851288
7656.0,-54.619202
7658.0,-54.377762
7660.0,-54.126701
7662.0,-53.865757
7664.0,-53.594669
7666.0,-53.30785
7668.0,-52.99535
7670.0,-52.659618
7672.0,-52.29879
7674.0,-51.908634
7676.0,-51.481823
7678.0,-51.018425
7680.0,-50.515491
7682.0,-49.964291
7684.0,-49.341652
7686.0,-48.651783
7688.0,-47.888199
7690.0,-47.037663
7692.0,-46.046398
7694.0,-44.908897
7696.0,-43.559376
7698.0,-41.927635
7700.0,-39.984306
7702.0,-37.55418
7704.0,-34.456722
7706.0,-30.410225
7708.0,-25.11389
7710.0,-18.557856
7712.0,-11.981004
7714.0,-7.4633951
7716.0,-6.0992126
7718.0,-7.5407248
7720.0,-10.851238
7722.0,-15.162649
7724.0,-19.797569
7726.0,-24.302183
7728.0,-28.520205
7730.0,-32.418037
7732.0,-35.978561
7734.0,-39.196922
7736.0,-42.085228
7738.0,-44.654835
7740.0,-46.925262
7742.0,-48.92495
7744.0,-50.678867
7746.0,-52.214329
7748.0,-53.5588
7750.0,-54.7342
7752.0,-55.763184
7754.0,-56.654175
7756.0,-57.435249
7758.0,-58.128033
7760.0,-58.718994
7762.0,-59.237629
7764.0,-59.69939
7766.0,-60.102016
7768.0,-60.455978
7770.0,-60.775558
7772.0,-61.061237
7774.0,-61.309994
7776.0,-61.53434
7778.0,-61.73827
7780.0,-61.918041
7782.0,-62.081573
7784.0,-62.232693
7786.0,-62.365715
7788.0,-62.485973
7790.0,-62.595631
7792.0,-62.694099
7794.0,-62.78215
7796.0,-62.861595
7798.0,-62.933533
7800.0,-62.999035
7802.0,-63.057728
7804.0,-63.110157
7806.0,-63.157291
7808.0,-63.199608
7810.0,-63.237495
7812.0,-63.271282
7814.0,-63.301208
7816.0,-63.32745
7818.0,-63.350098
7820.0,-63.369175
7822.0,-63.386623
7824.0,-63.402596
7826.0,-63.416447
7828.0,-63.428127
7830.0,-63.437519
7832.0,-63.444416
7834.0,-63.448521
7836.0,-63.449459
7838.0,-63.446777
7840.0,-63.43993
7842.0,-63.436455
7844.0,-63.433647
7846.0,-63.429199
7848.0,-63.422909
7850.0,-63.414524
7852.0,-63.403732
7854.0,-63.390182
7856.0,-63.373478
7858.0,-63.353157
7860.0,-63.328724
7862.0,-63.309586
7864.0,-63.29113
7866.0,-63.27177
7868.0,-63.25153
7870.0,-63.230427
7872.0,-63.208469
7874.0,-63.185658
7876.0,-63.161991
7878.0,-63.137455
7880.0,-63.112038
7882.0,-63.084175
7884.0,-63.054646
7886.0,-63.023426
7888.0,-62.990372
7890.0,-62.955322
7892.0,-62.918102
7894.0,-62.878529
7896.0,-62.836391
7898.0,-62.791489
7900.0,-62.743584
7902.0,-62.70631
7904.0,-62.670731
7906.0,-62.637253
7908.0,-62.606434
7910.0,-62.578865
7912.0,-62.555176
7914.0,-62.536022
7916.0,-62.522102
7918.0,-62.514149
7920.0,-62.510815
7922.0,-62.479416
7924.0,-62.442894
7926.0,-62.400043
7928.0,-62.349571
7930.0,-62.290085
7932.0,-62.2201
7934.0,-62.13805
7936.0,-62.042267
7938.0,-61.931004
7940.0,-61.807434
7942.0,-61.705322
7944.0,-61.60442
7946.0,-61.507595
7948.0,-61.418064
7950.0,-61.33939
7952.0,-61.275467
7954.0,-61.218102
7956.0,-61.146385
7958.0,-61.079018
7960.0,-61.016178
7962.0,-60.957947
7964.0,-60.904324
7966.0,-60.855209
7968.0,-60.808701
7970.0,-60.76339
7972.0,-60.719666
7974.0,-60.676655
7976.0,-60.633347
7978.0,-60.588619
7980.0,-60.541214
7982.0,-60.496964
7984.0,-60.45443
7986.0,-60.411121
7988.0,-60.366585
7990.0,-60.320343
7992.0,-60.2719
7994.0,-60.220741
7996.0,-60.170506
7998.0,-60.119099
8000.0,-60.066204
8002.0,-60.011799
8004.0,-59.955887
8006.0,-59.898491
8008.0,-59.839642
8010.0,-59.779217
8012.0,-59.717419
8014.0,-59.654343
8016.0,-59.590118
8018.0,-59.524891
8020.0,-59.458828
8022.0,-59.391636
8024.0,-59.322357
8026.0,-59.25185
8028.0,-59.180161
8030.0,-59.107327
8032.0,-59.033405
8034.0,-58.95845
8036.0,-58.882004
8038.0,-58.803726
8040.0,-58.723938
8042.0,-58.642574
8044.0,-58.55957
8046.0,-58.47485
8048.0,-58.388321
8050.0,-58.299778
8052.0,-58.209122
8054.0,-58.116257
8056.0,-58.021057
8058.0,-57.923378
8060.0,-57.823074
8062.0,-57.719982
8064.0,-57.61385
8066.0,-57.504543
8068.0,-57.39188
8070.0,-57.275669
8072.0,-57.155701
8074.0,-57.031769
8076.0,-56.903645
8078.0,-56.771103
8080.0,-56.633907
8082.0,-56.49181
8084.0,-56.344555
8086.0,-56.191883
8088.0,-56.03352
8090.0,-55.862301
8092.0,-55.682793
8094.0,-55.494507
8096.0,-55.296883
8098.0,-55.089348
8100.0,-54.871311
8102.0,-54.642162
8104.0,-54.401276
8106.0,-54.148003
8108.0,-53.881676
8110.0,-53.601612
8112.0,-53.30711
8114.0,-52.997204
8116.0,-52.665283
8118.0,-52.308681
8120.0,-51.92445
8122.0,-51.508121
8124.0,-51.055851
8126.0,-50.563461
8128.0,-50.015007
8130.0,-49.397804
8132.0,-48.707001
8134.0,-47.933338
8136.0,-47.067284
8138.0,-46.096565
8140.0,-44.956112
8142.0,-43.626041
8144.0,-42.055382
8146.0,-40.078796
8148.0,-37.621941
8150.0,-34.542984
8152.0,-30.525927
8154.0,-25.315817
8156.0,-18.919102
8158.0,-12.2678
8160.0,-7.5884609
8162.0,-6.1257777
8164.0,-7.5306425
8166.0,-10.79762
8168.0,-15.071868
8170.0,-19.700394
8172.0,-24.236233
8174.0,-28.477549
8176.0,-32.36718
8178.0,-35.900986
8180.0,-39.093487
8182.0,-41.96756
8184.0,-44.534718
8186.0,-46.811275
8188.0,-48.819233
8190.0,-50.587746
8192.0,-52.125202
8194.0,-53.469398
8196.0,-54.642059
8198.0,-55.662533
8200.0,-56.552658
8202.0,-57.327847
8204.0,-58.006454
8206.0,-58.610607
8208.0,-59.148254
8210.0,-59.608944
8212.0,-60.019024
8214.0,-60.390739
8216.0,-60.711468
8218.0,-60.999203
8220.0,-61.261868
8222.0,-61.49622
8224.0,-61.704117
8226.0,-61.893696
8228.0,-62.066753
8230.0,-62.219685
8232.0,-62.358635
8234.0,-62.486153
8236.0,-62.599297
8238.0,-62.701611
8240.0,-62.794708
8242.0,-62.878517
8244.0,-62.953468
8246.0,-63.021172
8248.0,-63.081997
8250.0,-63.135006
8252.0,-63.182137
8254.0,-63.224209
8256.0,-63.262047
8258.0,-63.296478
8260.0,-63.325405
8262.0,-63.349968
8264.0,-63.371361
8266.0,-63.390095
8268.0,-63.406693
8270.0,-63.420502
8272.0,-63.428356
8274.0,-63.433083
8276.0,-63.434956
8278.0,-63.434265
8280.0,-63.431328
8282.0,-63.426502
8284.0,-63.420166
8286.0,-63.412727
8288.0,-63.404621
8290.0,-63.396317
8292.0,-63.388306
8294.0,-63.380123
8296.0,-63.363548
8298.0,-63.345688
8300.0,-63.326736
8302.0,-63.306911
8304.0,-63.28643
8306.0,-63.265526
8308.0,-63.244446
8310.0,-63.223442
8312.0,-63.202785
8314.0,-63.182755
8316.0,-63.163631
8318.0,-63.145721
8320.0,-63.122974
8322.0,-63.099876
8324.0,-63.076736
8326.0,-63.053638
8328.0,-63.030655
8330.0,-63.007858
8332.0,-62.985332
8334.0,-62.963142
8336.0,-62.941364
8338.0,-62.920063
8340.0,-62.899307
8342.0,-62.879162
8344.0,-62.856747
8346.0,-62.833401
8348.0,-62.809628
8350.0,-62.785347
8352.0,-62.76046
8354.0,-62.734856
8356.0,-62.70842
8358.0,-62.681034
8360.0,-62.652557
8362.0,-62.622856
8364.0,-62.591774
8366.0,-62.559158
8368.0,-62.527153
8370.0,-62.495323
8372.0,-62.462605
8374.0,-62.428947
8376.0,-62.394299
8378.0,-62.358604
8380.0,-62.321812
8382.0,-62.283855
8384.0,-62.244682
8386.0,-62.204231
8388.0,-62.16243
8390.0,-62.119225
8392.0,-62.075947
8394.0,-62.033073
8396.0,-61.98951
8398.0,-61.945293
8400.0,-61.900475
8402.0,-61.855103
8404.0,-61.809227
8406.0,-61.762905
8408.0,-61.716198
8410.0,-61.669174
8412.0,-61.621899
8414.0,-61.574444
8416.0,-61.526531
8418.0,-61.477783
8420.0,-61.428768
8422.0,-61.379532
8424.0,-61.330124
8426.0,-61.280594
8428.0,-61.230995
8430.0,-61.181377
8432.0,-61.131802
8434.0,-61.082321
8436.0,-61.032997
8438.0,-60.983891
8440.0,-60.93465
8442.0,-60.883923
8444.0,-60.832962
8446.0,-60.781754
8448.0,-60.730282
8450.0,-60.678528
8452.0,-60.626472
8454.0,-60.574097
8456.0,-60.521374
8458.0,-60.468277
8460.0,-60.41478
8462.0,-60.360844
8464.0,-60.306419
8466.0,-60.251099
8468.0,-60.195118
8470.0,-60.13842
8472.0,-60.080944
8474.0,-60.022625
8476.0,-59.963402
8478.0,-59.903206
8480.0,-59.841965
8482.0,-59.779606
8484.0,-59.716053
8486.0,-59.651222
8488.0,-59.585033
8490.0,-59.518559
8492.0,-59.450932
8494.0,-59.382
8496.0,-59.311687
8498.0,-59.239918
8500.0,-59.166615
8502.0,-59.09169
8504.0,-59.015064
8506.0,-58.936646
8508.0,-58.856342
8510.0,-58.774059
8512.0,-58.689701
8514.0,-58.603168
8516.0,-58.514351
8518.0,-58.423141
8520.0,-58.329437
8522.0,-58.23312
8524.0,-58.134071
8526.0,-58.032177
8528.0,-57.927311
8530.0,-57.819054
8532.0,-57.706211
8534.0,-57.589718
8536.0,-57.469421
8538.0,-57.345161
8540.0,-57.216766
8542.0,-57.084076
8544.0,-56.946911
8546.0,-56.805103
8548.0,-56.65847
8550.0,-56.506824
8552.0,-56.349987
8554.0,-56.187763
8556.0,-56.019958
8558.0,-55.846378
8560.0,-55.666817
8562.0,-55.481071
8564.0,-55.288933
8566.0,-55.090191
8568.0,-54.884621
8570.0,-54.672012
8572.0,-54.449612
8574.0,-54.212086
8576.0,-53.959293
8578.0,-53.689705
8580.0,-53.401714
8582.0,-53.09325
8584.0,-52.761326
8586.0,-52.404438
8588.0,-52.020348
8590.0,-51.606693
8592.0,-51.159637
8594.0,-50.661148
8596.0,-50.113411
8598.0,-49.51033
8600.0,-48.84536
8602.0,-48.111485
8604.0,-47.234108
8606.0,-46.219128
8608.0,-45.047882
8610.0,-43.695911
8612.0,-42.136765
8614.0,-40.289665
8616.0,-37.982689
8618.0,-35.042114
8620.0,-31.201082
8622.0,-26.175163
8624.0,-19.805159
8626.0,-12.980042
8628.0,-7.82054
8630.0,-5.9211431
8632.0,-6.9976387
8634.0,-10.084545
8636.0,-14.308339
8638.0,-18.934111
8640.0,-23.48171
8642.0,-27.727781
8644.0,-31.619013
8646.0,-35.188465
8648.0,-38.482342
8650.0,-41.516991
8652.0,-44.294815
8654.0,-46.753063
8656.0,-48.888062
8658.0,-50.709396
8660.0,-52.279613
8662.0,-53.661972
8664.0,-54.879082
8666.0,-55.959148
8668.0,-56.893978
8670.0,-57.717468
8672.0,-58.4319
8674.0,-59.085716
8676.0,-59.665112
8678.0,-60.146965
8680.0,-60.570183
8682.0,-60.979824
8684.0,-61.316162
8686.0,-61.565128
8688.0,-61.823475
8690.0,-62.112751
8692.0,-62.369564
8694.0,-62.598518
8696.0,-62.805603
8698.0,-62.980877
8700.0,-63.126362
8702.0,-63.246593
8704.0,-63.342304
8706.0,-63.412601
8708.0,-63.467125
8710.0,-63.508354
8712.0,-63.537659
8714.0,-63.568008
8716.0,-63.605007
8718.0,-63.652802
8720.0,-63.70232
8722.0,-63.754951
8724.0,-63.814655
8726.0,-63.871605
8728.0,-63.923592
8730.0,-63.970673
8732.0,-64.006973
8734.0,-64.029175
8736.0,-64.034836
8738.0,-64.030075
8740.0,-64.015152
8742.0,-63.987919
8744.0,-63.968296
8746.0,-63.964031
8748.0,-63.97694
8750.0,-63.97876
8752.0,-63.960991
8754.0,-63.926311
8756.0,-63.884262
8758.0,-63.836449
8760.0,-63.779305
8762.0,-63.739906
8764.0,-63.710842
8766.0,-63.682995
8768.0,-63.656364
8770.0,-63.630955
8772.0,-63.606762
8774.0,-63.582447
8776.0,-63.555481
8778.0,-63.528435
8780.0,-63.501312
8782.0,-63.47411
8784.0,-63.446827
8786.0,-63.419464
8788.0,-63.390968
8790.0,-63.361973
8792.0,-63.332573
8794.0,-63.302776
8796.0,-63.272579
8798.0,-63.241978
8800.0,-63.210941
8802.0,-63.179451
8804.0,-63.147549
8806.0,-63.115234
8808.0,-63.082508
8810.0,-63.04937
8812.0,-63.01582
8814.0,-62.981857
8816.0,-62.947479
8818.0,-62.912693
8820.0,-62.877495
8822.0,-62.841885
8824.0,-62.805859
8826.0,-62.769547
8828.0,-62.733299
8830.0,-62.696693
8832.0,-62.659725
8834.0,-62.622395
8836.0,-62.584702
8838.0,-62.54665
8840.0,-62.508236
8842.0,-62.46946
8844.0,-62.430325
8846.0,-62.390827
8848.0,-62.350967
8850.0,-62.310749
8852.0,-62.270168
8854.0,-62.229225
8856.0,-62.18792
8858.0,-62.146255
8860.0,-62.104229
8862.0,-62.06184
8864.0,-62.019093
8866.0,-61.975983
8868.0,-61.93251
8870.0,-61.888676
8872.0,-61.844257
8874.0,-61.799461
8876.0,-61.754284
8878.0,-61.708725
8880.0,-61.662788
8882.0,-61.61647
8884.0,-61.569771
8886.0,-61.52269
8888.0,-61.475231
8890.0,-61.427391
8892.0,-61.379169
8894.0,-61.33057
8896.0,-61.281586
8898.0,-61.232227
8900.0,-61.182484
8902.0,-61.132362
8904.0,-61.081856
8906.0,-61.030975
8908.0,-60.97971
8910.0,-60.928066
8912.0,-60.876041
8914.0,-60.823635
8916.0,-60.769241
8918.0,-60.71389
8920.0,-60.657932
8922.0,-60.601368
8924.0,-60.544201
8926.0,-60.486423
8928.0,-60.428043
8930.0,-60.369057
8932.0,-60.309464
8934.0,-60.249264
8936.0,-60.188457
8938.0,-60.127048
8940.0,-60.065029
8942.0,-60.002407
8944.0,-59.939178
8946.0,-59.875343
8948.0,-59.810696
8950.0,-59.740669
8952.0,-59.669479
8954.0,-59.597122
8956.0,-59.523605
8958.0,-59.448921
8960.0,-59.373077
8962.0,-59.296066
8964.0,-59.217892
8966.0,-59.138554
8968.0,-59.058056
8970.0,-58.976387
8972.0,-58.893559
8974.0,-58.809566
8976.0,-58.724411
8978.0,-58.638092
8980.0,-58.550606
8982.0,-58.458046
8984.0,-58.353073
8986.0,-58.245277
8988.0,-58.13467
8990.0,-58.02124
8992.0,-57.904991
8994.0,-57.785923
8996.0,-57.664036
8998.0,-57.539333
9000.0,-57.411808
9002.0,-57.281464
9004.0,-57.148304
9006.0,-57.012325
9008.0,-56.873524
9010.0,-56.731907
9012.0,-56.587471
9014.0,-56.440216
9016.0,-56.286739
9018.0,-56.125053
9020.0,-55.957714
9022.0,-55.784721
9024.0,-55.604324
9026.0,-55.412903
9028.0,-55.213387
9030.0,-55.005775
9032.0,-54.789062
9034.0,-54.555332
9036.0,-54.30986
9038.0,-54.052647
9040.0,-53.783691
9042.0,-53.486961
9044.0,-53.169086
9046.0,-52.829998
9048.0,-52.468769
9050.0,-52.08448
9052.0,-51.676208
9054.0,-51.21553
9056.0,-50.696404
9058.0,-50.127869
9060.0,-49.506145
9062.0,-48.827457
9064.0,-48.088032
9066.0,-47.276085
9068.0,-46.343628
9070.0,-45.265041
9072.0,-44.002869
9074.0,-42.4604
9076.0,-40.607971
9078.0,-38.340038
9080.0,-35.471992
9082.0,-31.72253
9084.0,-26.834801
9086.0,-20.602911
9088.0,-13.816203
9090.0,-8.4833708
9092.0,-6.1636095
9094.0,-6.8650618
9096.0,-9.7199707
9098.0,-13.802551
9100.0,-18.384823
9102.0,-22.952414
9104.0,-27.25288
9106.0,-31.21023
9108.0,-34.820126
9110.0,-38.087357
9112.0,-41.022919
9114.0,-43.652859
9116.0,-45.986977
9118.0,-48.057461
9120.0,-49.882271
9122.0,-51.479004
9124.0,-52.892815
9126.0,-54.11972
9128.0,-55.167259
9130.0,-56.090195
9132.0,-56.889469
9134.0,-57.581501
9136.0,-58.185066
9138.0,-58.717613
9140.0,-59.196522
9142.0,-59.612995
9144.0,-59.968628
9146.0,-60.280457
9148.0,-60.55891
9150.0,-60.814972
9152.0,-61.057106
9154.0,-61.282211
9156.0,-61.466873
9158.0,-61.625343
9160.0,-61.762325
9162.0,-61.903164
9164.0,-62.044174
9166.0,-62.189922
9168.0,-62.298344
9170.0,-62.384201
9172.0,-62.443855
9174.0,-62.518353
9176.0,-62.604443
9178.0,-62.705334
9180.0,-62.78334
9182.0,-62.828438
9184.0,-62.844131
9186.0,-62.84861
9188.0,-62.858391
9190.0,-62.865871
9192.0,-62.873253
9194.0,-62.881741
9196.0,-62.894947
9198.0,-62.911816
9200.0,-62.920502
9202.0,-62.925991
9204.0,-62.928322
9206.0,-62.937031
9208.0,-62.949387
9210.0,-62.966709
9212.0,-62.974621
9214.0,-62.976398
9216.0,-62.970474
9218.0,-62.969498
9220.0,-62.974266
9222.0,-62.984489
9224.0,-62.989643
9226.0,-62.983677
9228.0,-62.968304
9230.0,-62.951851
9232.0,-62.946533
9234.0,-62.948547
9236.0,-62.952709
9238.0,-62.940216
9240.0,-62.916962
9242.0,-62.884621
9244.0,-62.869801
9246.0,-62.864414
9248.0,-62.871365
9250.0,-62.865623
9252.0,-62.85598
9254.0,-62.840305
9256.0,-62.824581
9258.0,-62.8069
9260.0,-62.786335
9262.0,-62.767387
9264.0,-62.748531
9266.0,-62.728268
9268.0,-62.706593
9270.0,-62.68351
9272.0,-62.659016
9274.0,-62.633114
9276.0,-62.606014
9278.0,-62.579845
9280.0,-62.552841
9282.0,-62.525009
9284.0,-62.496346
9286.0,-62.466846
9288.0,-62.43652
9290.0,-62.405361
9292.0,-62.374096
9294.0,-62.343029
9296.0,-62.311386
9298.0,-62.279163
9300.0,-62.246365
9302.0,-62.212994
9304.0,-62.179039
9306.0,-62.144512
9308.0,-62.109409
9310.0,-62.073727
9312.0,-62.037468
9314.0,-62.000633
9316.0,-61.963665
9318.0,-61.926487
9320.0,-61.888851
9322.0,-61.85075
9324.0,-61.812191
9326.0,-61.77317
9328.0,-61.733685
9330.0,-61.693741
9332.0,-61.653336
9334.0,-61.612469
9336.0,-61.57114
9338.0,-61.52935
9340.0,-61.486881
9342.0,-61.443859
9344.0,-61.400349
9346.0,-61.356354
9348.0,-61.311874
9350.0,-61.266903
9352.0,-61.221447
9354.0,-61.175507
9356.0,-61.129078
9358.0,-61.082161
9360.0,-61.034756
9362.0,-60.986866
9364.0,-60.938492
9366.0,-60.889626
9368.0,-60.840275
9370.0,-60.79044
9372.0,-60.740116
9374.0,-60.689304
9376.0,-60.638008
9378.0,-60.586224
9380.0,-60.533951
9382.0,-60.481125
9384.0,-60.426743
9386.0,-60.371677
9388.0,-60.315929
9390.0,-60.259499
9392.0,-60.202385
9394.0,-60.144588
9396.0,-60.086109
9398.0,-60.026951
9400.0,-59.967106
9402.0,-59.906578
9404.0,-59.844517
9406.0,-59.780888
9408.0,-59.716305
9410.0,-59.650761
9412.0,-59.584259
9414.0,-59.516804
9416.0,-59.448387
9418.0,-59.379013
9420.0,-59.308681
9422.0,-59.237396
9424.0,-59.164768
9426.0,-59.084824
9428.0,-59.003155
9430.0,-58.919762
9432.0,-58.834641
9434.0,-58.747795
9436.0,-58.659222
9438.0,-58.568924
9440.0,-58.476902
9442.0,-58.383152
9444.0,-58.287678
9446.0,-58.190475
9448.0,-58.091549
9450.0,-57.990894
9452.0,-57.888519
9454.0,-57.784412
9456.0,-57.678585
9458.0,-57.56654
9460.0,-57.448879
9462.0,-57.327919
9464.0,-57.203651
9466.0,-57.076084
9468.0,-56.945213
9470.0,-56.811043
9472.0,-56.673565
9474.0,-56.530235
9476.0,-56.375294
9478.0,-56.214859
9480.0,-56.048927
9482.0,-55.877499
9484.0,-55.700577
9486.0,-55.518158
9488.0,-55.330246
9490.0,-55.136833
9492.0,-54.908867
9494.0,-54.665825
9496.0,-54.41037
9498.0,-54.142506
9500.0,-53.862228
9502.0,-53.569542
9504.0,-53.264446
9506.0,-52.946938
9508.0,-52.605858
9510.0,-52.233685
9512.0,-51.837029
9514.0,-51.401585
9516.0,-50.925152
9518.0,-50.412449
9520.0,-49.833473
9522.0,-49.193947
9524.0,-48.498451
9526.0,-47.668285
9528.0,-46.737743
9530.0,-45.703823
9532.0,-44.497814
9534.0,-43.078114
9536.0,-41.37706
9538.0,-39.282845
9540.0,-36.60902
9542.0,-33.258755
9544.0,-28.817152
9546.0,-23.031511
9548.0,-16.258789
9550.0,-10.130619
9552.0,-6.674334
9554.0,-6.3330684
9556.0,-8.480176
9558.0,-12.193088
9560.0,-16.66748
9562.0,-21.290417
9564.0,-25.715359
9566.0,-29.821955
9568.0,-33.580196
9570.0,-36.994297
9572.0,-40.07951
9574.0,-42.852997
9576.0,-45.326344
9578.0,-47.519863
9580.0,-49.461567
9582.0,-51.16341
9584.0,-52.651592
9586.0,-53.9524
9588.0,-55.103428
9590.0,-56.108292
9592.0,-56.988003
9594.0,-57.756275
9596.0,-58.434196
9598.0,-59.02594
9600.0,-59.549316
9602.0,-60.003517
9604.0,-60.398808
9606.0,-60.748222
9608.0,-61.056648
9610.0,-61.329987
9612.0,-61.570641
9614.0,-61.787453
9616.0,-61.984512
9618.0,-62.157806
9620.0,-62.315403
9622.0,-62.460255
9624.0,-62.587994
9626.0,-62.703846
9628.0,-62.809746
9630.0,-62.903618
9632.0,-62.988197
9634.0,-63.064674
9636.0,-63.131702
9638.0,-63.191185
9640.0,-63.244228
9642.0,-63.291817
9644.0,-63.334923
9646.0,-63.371304
9648.0,-63.403046
9650.0,-63.431011
9652.0,-63.455853
9654.0,-63.47823
9656.0,-63.494827
9658.0,-63.507755
9660.0,-63.517647
9662.0,-63.524879
9664.0,-63.52985
9666.0,-63.53297
9668.0,-63.534687
9670.0,-63.535446
9672.0,-63.535736
9674.0,-63.531631
9676.0,-63.525425
9678.0,-63.517868
9680.0,-63.509148
9682.0,-63.499443
9684.0,-63.488937
9686.0,-63.477814
9688.0,-63.466251
9690.0,-63.454426
9692.0,-63.440601
9694.0,-63.425568
9696.0,-63.409698
9698.0,-63.393005
9700.0,-63.375473
9702.0,-63.357086
9704.0,-63.337811
9706.0,-63.317596
9708.0,-63.296398
9710.0,-63.274879
9712.0,-63.252804
9714.0,-63.229954
9716.0,-63.206303
9718.0,-63.181805
9720.0,-63.156422
9722.0,-63.130093
9724.0,-63.102764
9726.0,-63.074364
9728.0,-63.045822
9730.0,-63.016968
9732.0,-62.987461
9734.0,-62.957314
9736.0,-62.926537
9738.0,-62.89513
9740.0,-62.863106
9742.0,-62.830471
9744.0,-62.79723
9746.0,-62.763733
9748.0,-62.729927
9750.0,-62.695656
9752.0,-62.660938
9754.0,-62.625786
9756.0,-62.590199
9758.0,-62.554199
9760.0,-62.517792
9762.0,-62.480988
9764.0,-62.443802
9766.0,-62.406239
9768.0,-62.368313
9770.0,-62.330032
9772.0,-62.291412
9774.0,-62.25246
9776.0,-62.213188
9778.0,-62.173603
9780.0,-62.133724
9782.0,-62.093552
9784.0,-62.053104
9786.0,-62.012386
9788.0,-61.971416
9790.0,-61.930016
9792.0,-61.887642
9794.0,-61.844925
9796.0,-61.801872
9798.0,-61.758488
9800.0,-61.714775
9802.0,-61.670746
9804.0,-61.626404
9806.0,-61.581749
9808.0,-61.536797
9810.0,-61.491543
9812.0,-61.446003
9814.0,-61.400173
9816.0,-61.354065
9818.0,-61.307682
9820.0,-61.261032
9822.0,-61.214119
9824.0,-61.16695
9826.0,-61.11953
9828.0,-61.071865
9830.0,-61.02396
9832.0,-60.975819
9834.0,-60.927452
9836.0,-60.876953
9838.0,-60.825394
9840.0,-60.773285
9842.0,-60.720619
9844.0,-60.667389
9846.0,-60.613586
9848.0,-60.5592
9850.0,-60.504227
9852.0,-60.44865
9854.0,-60.392471
9856.0,-60.335678
9858.0,-60.278259
9860.0,-60.220211
9862.0,-60.161522
9864.0,-60.102188
9866.0,-60.042194
9868.0,-59.981541
9870.0,-59.920212
9872.0,-59.858204
9874.0,-59.795506
9876.0,-59.732113
9878.0,-59.668011
9880.0,-59.60236
9882.0,-59.534081
9884.0,-59.464722
9886.0,-59.394264
9888.0,-59.322681
9890.0,-59.24995
9892.0,-59.176048
9894.0,-59.100952
9896.0,-59.024643
9898.0,-58.947094
9900.0,-58.868279
9902.0,-58.788181
9904.0,-58.706779
9906.0,-58.624043
9908.0,-58.539951
9910.0,-58.454487
9912.0,-58.367619
9914.0,-58.279331
9916.0,-58.189598
9918.0,-58.098396
9920.0,-58.005703
9922.0,-57.911499
9924.0,-57.815754
9926.0,-57.715717
9928.0,-57.61232
9930.0,-57.505558
9932.0,-57.395168
9934.0,-57.280872
9936.0,-57.162373
9938.0,-57.039375
9940.0,-56.91156
9942.0,-56.778748
9944.0,-56.641273
9946.0,-56.49836
9948.0,-56.349701
9950.0,-56.195
9952.0,-56.033943
9954.0,-55.866215
9956.0,-55.691483
9958.0,-55.509415
9960.0,-55.31406
9962.0,-55.101654
9964.0,-54.876385
9966.0,-54.637405
9968.0,-54.383842
9970.0,-54.114826
9972.0,-53.829453
9974.0,-53.526817
9976.0,-53.20599
9978.0,-52.866032
9980.0,-52.505993
9982.0,-52.124897
9984.0,-51.72176
9986.0,-51.292004
9988.0,-50.82201
9990.0,-50.30751
9992.0,-49.741707
9994.0,-49.111942
9996.0,-48.410355
9998.0,-47.626423
10000.0,-46.726551
10002.0,-45.691364
10004.0,-44.498009
10006.0,-43.071407
10008.0,-41.323803
10010.0,-39.200668
10012.0,-36.584156
10014.0,-33.19315
10016.0,-28.794989
10018.0,-23.105404
10020.0,-16.360086
10022.0,-10.095605
10024.0,-6.5458808
10026.0,-6.2206407
10028.0,-8.4085236
10030.0,-12.141813
10032.0,-16.632553
10034.0,-21.241335
10036.0,-25.645323
10038.0,-29.725603
10040.0,-33.439507
10042.0,-36.81189
10044.0,-39.876701
10046.0,-42.644398
10048.0,-45.109474
10050.0,-47.277939
10052.0,-49.172771
10054.0,-50.82272
10056.0,-52.261425
10058.0,-53.509037
10060.0,-54.611683
10062.0,-55.562775
10064.0,-56.410988
10066.0,-57.163578
10068.0,-57.828144
10070.0,-58.424038
10072.0,-58.957233
10074.0,-59.435452
10076.0,-59.863407
10078.0,-60.242367
10080.0,-60.578247
10082.0,-60.879879
10084.0,-61.149189
10086.0,-61.38884
10088.0,-61.60191
10090.0,-61.795586
10092.0,-61.973232
10094.0,-62.137264
10096.0,-62.289978
10098.0,-62.432034
10100.0,-62.562901
10102.0,-62.683163
10104.0,-62.791943
10106.0,-62.888157
10108.0,-62.978115
10110.0,-63.057228
10112.0,-63.124241
10114.0,-63.177513
10116.0,-63.227516
10118.0,-63.277706
10120.0,-63.326599
10122.0,-63.37669
10124.0,-63.424957
10126.0,-63.456009
10128.0,-63.475784
10130.0,-63.481167
10132.0,-63.468506
10134.0,-63.459244
10136.0,-63.446892
10138.0,-63.432079
10140.0,-63.417324
10142.0,-63.400631
10144.0,-63.37986
10146.0,-63.358841
10148.0,-63.338627
10150.0,-63.31995
10152.0,-63.30101
10154.0,-63.283489
10156.0,-63.267719
10158.0,-63.253952
10160.0,-63.239857
10162.0,-63.226219
10164.0,-63.213875
10166.0,-63.203018
10168.0,-63.193855
10170.0,-63.186588
10172.0,-63.181419
10174.0,-63.174042
10176.0,-63.166588
10178.0,-63.159481
10180.0,-63.152649
10182.0,-63.146023
10184.0,-63.139538
10186.0,-63.133099
10188.0,-63.119396
10190.0,-63.102669
10192.0,-63.082478
10194.0,-63.058372
10196.0,-63.029911
10198.0,-62.996658
10200.0,-62.959896
10202.0,-62.932999
10204.0,-62.906792
10206.0,-62.881676
10208.0,-62.858055
10210.0,-62.836346
10212.0,-62.816952
10214.0,-62.798862
10216.0,-62.777977
10218.0,-62.757824
10220.0,-62.738457
10222.0,-62.719944
10224.0,-62.702343
10226.0,-62.685719
10228.0,-62.666424
10230.0,-62.638863
10232.0,-62.607601
10234.0,-62.572102
10236.0,-62.531849
10238.0,-62.486305
10240.0,-62.434948
10242.0,-62.386421
10244.0,-62.346603
10246.0,-62.30835
10248.0,-62.272202
10250.0,-62.238705
10252.0,-62.208405
10254.0,-62.181839
10256.0,-62.149872
10258.0,-62.111137
10260.0,-62.070271
10262.0,-62.026924
10264.0,-61.980766
10266.0,-61.931446
10268.0,-61.878635
10270.0,-61.826748
10272.0,-61.774796
10274.0,-61.721375
10276.0,-61.666496
10278.0,-61.61018
10280.0,-61.552441
10282.0,-61.493286
10284.0,-61.43914
10286.0,-61.387589
10288.0,-61.33815
10290.0,-61.291233
10292.0,-61.247257
10294.0,-61.206631
10296.0,-61.169765
10298.0,-61.128929
10300.0,-61.0891
10302.0,-61.050434
10304.0,-61.012909
10306.0,-60.976505
10308.0,-60.9412
10310.0,-60.906231
10312.0,-60.863438
10314.0,-60.817856
10316.0,-60.768993
10318.0,-60.716343
10320.0,-60.659409
10322.0,-60.597691
10324.0,-60.532505
10326.0,-60.470356
10328.0,-60.406025
10330.0,-60.339516
10332.0,-60.27084
10334.0,-60.199993
10336.0,-60.126995
10338.0,-60.054226
10340.0,-59.986034
10342.0,-59.919117
10344.0,-59.853897
10346.0,-59.790794
10348.0,-59.730228
10350.0,-59.672623
10352.0,-59.614578
10354.0,-59.553219
10356.0,-59.492096
10358.0,-59.431156
10360.0,-59.370342
10362.0,-59.309593
10364.0,-59.248856
10366.0,-59.184566
10368.0,-59.115608
10370.0,-59.043625
10372.0,-58.968224
10374.0,-58.889004
10376.0,-58.805576
10378.0,-58.717541
10380.0,-58.632759
10382.0,-58.550285
10384.0,-58.467541
10386.0,-58.384773
10388.0,-58.302227
10390.0,-58.220158
10392.0,-58.138805
10394.0,-58.051468
10396.0,-57.960667
10398.0,-57.867405
10400.0,-57.771477
10402.0,-57.672684
10404.0,-57.570816
10406.0,-57.465679
10408.0,-57.355415
10410.0,-57.240681
10412.0,-57.121258
10414.0,-56.996857
10416.0,-56.86718
10418.0,-56.731934
10420.0,-56.590923
10422.0,-56.44548
10424.0,-56.294319
10426.0,-56.13723
10428.0,-55.974018
10430.0,-55.804474
10432.0,-55.628399
10434.0,-55.443096
10436.0,-55.23727
10438.0,-55.019451
10440.0,-54.789124
10442.0,-54.545773
10444.0,-54.288872
10446.0,-54.017914
10448.0,-53.732376
10450.0,-53.431736
10452.0,-53.115486
10454.0,-52.7831
10456.0,-52.429497
10458.0,-52.049129
10460.0,-51.64098
10462.0,-51.196598
10464.0,-50.713928
10466.0,-50.183155
10468.0,-49.5863
10470.0,-48.92371
10472.0,-48.18922
10474.0,-47.359291
10476.0,-46.357479
10478.0,-45.2029
10480.0,-43.87775
10482.0,-42.356525
10484.0,-40.502159
10486.0,-38.211136
10488.0,-35.28709
10490.0,-31.462973
10492.0,-26.465401
10494.0,-20.221054
10496.0,-13.465633
10498.0,-8.205081
10500.0,-6.038177
10502.0,-6.8957229
10504.0,-9.8777809
10506.0,-14.044281
10508.0,-18.671465
10510.0,-23.258781
10512.0,-27.548952
10514.0,-31.468386
10516.0,-35.034008
10518.0,-38.276272
10520.0,-41.2089
10522.0,-43.83762
10524.0,-46.186298
10526.0,-48.261982
10528.0,-50.091694
10530.0,-51.691116
10532.0,-53.088707
10534.0,-54.309319
10536.0,-55.37035
10538.0,-56.290916
10540.0,-57.093365
10542.0,-57.799397
10544.0,-58.417744
10546.0,-58.950573
10548.0,-59.422188
10550.0,-59.849461
10552.0,-60.212379
10554.0,-60.53698
10556.0,-60.833958
10558.0,-61.101273
10560.0,-61.334988
10562.0,-61.548576
10564.0,-61.747402
10566.0,-61.92083
10568.0,-62.078686
10570.0,-62.223927
10572.0,-62.355766
10574.0,-62.473537
10576.0,-62.580822
10578.0,-62.67907
10580.0,-62.766541
10582.0,-62.845676
10584.0,-62.9175
10586.0,-62.981632
10588.0,-63.038319
10590.0,-63.089104
10592.0,-63.134815
10594.0,-63.176292
10596.0,-63.213593
10598.0,-63.244953
10600.0,-63.27261
10602.0,-63.297089
10604.0,-63.318924
10606.0,-63.338654
10608.0,-63.352814
10610.0,-63.363583
10612.0,-63.371487
10614.0,-63.37682
10616.0,-63.379902
10618.0,-63.381058
10620.0,-63.380642
10622.0,-63.379025
10624.0,-63.376595
10626.0,-63.373756
10628.0,-63.367348
10630.0,-63.358932
10632.0,-63.349525
10634.0,-63.33934
10636.0,-63.328594
10638.0,-63.317516
10640.0,-63.306328
10642.0,-63.295273
10644.0,-63.28458
10646.0,-63.274502
10648.0,-63.26215
10650.0,-63.247803
10652.0,-63.232845
10654.0,-63.217258
10656.0,-63.201012
10658.0,-63.184067
10660.0,-63.166367
10662.0,-63.14785
10664.0,-63.128437
10666.0,-63.108044
10668.0,-63.08709
10670.0,-63.065716
10672.0,-63.043446
10674.0,-63.020214
10676.0,-62.995941
10678.0,-62.970539
10680.0,-62.94392
10682.0,-62.915974
10684.0,-62.886597
10686.0,-62.855675
10688.0,-62.824078
10690.0,-62.792992
10692.0,-62.761055
10694.0,-62.728291
10696.0,-62.694714
10698.0,-62.660336
10700.0,-62.625183
10702.0,-62.589275
10704.0,-62.552639
10706.0,-62.515293
10708.0,-62.477455
10710.0,-62.439625
10712.0,-62.401302
10714.0,-62.362503
10716.0,-62.323257
10718.0,-62.283577
10720.0,-62.243488
10722.0,-62.203011
10724.0,-62.162167
10726.0,-62.120979
10728.0,-62.079468
10730.0,-62.037655
10732.0,-61.99556
10734.0,-61.953205
10736.0,-61.910614
10738.0,-61.867805
10740.0,-61.824802
10742.0,-61.781628
10744.0,-61.738018
10746.0,-61.693398
10748.0,-61.648483
10750.0,-61.603287
10752.0,-61.557823
10754.0,-61.5121
10756.0,-61.466137
10758.0,-61.419937
10760.0,-61.373516
10762.0,-61.326881
10764.0,-61.280056
10766.0,-61.23304
10768.0,-61.185852
10770.0,-61.1385
10772.0,-61.091
10774.0,-61.043362
10776.0,-60.995594
10778.0,-60.947716
10780.0,-60.8992
10782.0,-60.849083
10784.0,-60.798569
10786.0,-60.74765
10788.0,-60.69632
10790.0,-60.644573
10792.0,-60.592407
10794.0,-60.539818
10796.0,-60.486797
10798.0,-60.433346
10800.0,-60.379452
10802.0,-60.325115
10804.0,-60.270332
10806.0,-60.215096
10808.0,-60.159397
10810.0,-60.103237
10812.0,-60.046612
10814.0,-59.989513
10816.0,-59.931332
10818.0,-59.871113
10820.0,-59.810066
10822.0,-59.748169
10824.0,-59.685402
10826.0,-59.621742
10828.0,-59.557167
10830.0,-59.49165
10832.0,-59.425175
10834.0,-59.357712
10836.0,-59.289246
10838.0,-59.219749
10840.0,-59.149204
10842.0,-59.077587
10844.0,-59.004871
10846.0,-58.931038
10848.0,-58.856068
10850.0,-58.77993
10852.0,-58.702175
10854.0,-58.621922
10856.0,-58.539715
10858.0,-58.455414
10860.0,-58.368877
10862.0,-58.279942
10864.0,-58.188457
10866.0,-58.094246
10868.0,-57.997139
10870.0,-57.897671
10872.0,-57.795448
10874.0,-57.690208
10876.0,-57.581818
10878.0,-57.470146
10880.0,-57.355061
10882.0,-57.236427
10884.0,-57.114109
10886.0,-56.98708
10888.0,-56.853153
10890.0,-56.713905
10892.0,-56.569065
10894.0,-56.418354
10896.0,-56.261494
10898.0,-56.098198
10900.0,-55.928188
10902.0,-55.751171
10904.0,-55.56686
10906.0,-55.374958
10908.0,-55.175175
10910.0,-54.967205
10912.0,-54.750751
10914.0,-54.519958
10916.0,-54.271656
10918.0,-54.008827
10920.0,-53.730263
10922.0,-53.434696
10924.0,-53.120785
10926.0,-52.787121
10928.0,-52.43224
10930.0,-52.054596
10932.0,-51.606625
10934.0,-51.111675
10936.0,-50.565628
10938.0,-49.962891
10940.0,-49.29755
10942.0,-48.563374
10944.0,-47.753811
10946.0,-46.861992
10948.0,-45.870056
10950.0,-44.719124
10952.0,-43.368679
10954.0,-41.745876
10956.0,-39.779457
10958.0,-37.28825
10960.0,-34.12603
10962.0,-30.026611
10964.0,-24.727188
10966.0,-18.303972
10968.0,-11.804467
10970.0,-7.4182277
10972.0,-6.2725339
10974.0,-7.8661246
10976.0,-11.228482
10978.0,-15.528072
10980.0,-20.092415
10982.0,-24.519258
10984.0,-28.542776
10986.0,-32.130089
10988.0,-35.356365
10990.0,-38.29203
10992.0,-40.954254
10994.0,-43.356796
10996.0,-45.505997
10998.0,-47.419453
11000.0,-49.11277
11002.0,-50.606285
11004.0,-51.927261
11006.0,-53.09214
11008.0,-54.115765
11010.0,-55.013134
11012.0,-55.802673
11014.0,-56.497639
11016.0,-57.114662
11018.0,-57.667259
11020.0,-58.155811
11022.0,-58.596931
11024.0,-58.992573
11026.0,-59.339565
11028.0,-59.648708
11030.0,-59.929386
11032.0,-60.188469
11034.0,-60.430706
11036.0,-60.640862
11038.0,-60.82708
11040.0,-60.995007
11042.0,-61.156906
11044.0,-61.313728
11046.0,-61.454449
11048.0,-61.573334
11050.0,-61.672733
11052.0,-61.776287
11054.0,-61.880939
11056.0,-61.984367
11058.0,-62.063637
11060.0,-62.124409
11062.0,-62.18116
11064.0,-62.250446
11066.0,-62.330563
11068.0,-62.389202
11070.0,-62.42601
11072.0,-62.444706
11074.0,-62.486923
11076.0,-62.544548
11078.0,-62.601692
11080.0,-62.624638
11082.0,-62.619751
11084.0,-62.629612
11086.0,-62.667828
11088.0,-62.733135
11090.0,-62.782017
11092.0,-62.827816
11094.0,-62.867382
11096.0,-62.898941
11098.0,-62.918556
11100.0,-62.934044
11102.0,-62.950893
11104.0,-62.967484
11106.0,-62.973614
11108.0,-62.970875
11110.0,-62.961216
11112.0,-62.957989
11114.0,-62.959103
11116.0,-62.957989
11118.0,-62.945419
11120.0,-62.923393
11122.0,-62.90781
11124.0,-62.900555
11126.0,-62.901318
11128.0,-62.896694
11130.0,-62.890999
11132.0,-62.883205
11134.0,-62.872444
11136.0,-62.857533
11138.0,-62.843246
11140.0,-62.829399
11142.0,-62.814037
11144.0,-62.796627
11146.0,-62.776623
11148.0,-62.755619
11150.0,-62.735279
11152.0,-62.713654
11154.0,-62.690632
11156.0,-62.666111
11158.0,-62.640663
11160.0,-62.616901
11162.0,-62.592293
11164.0,-62.566837
11166.0,-62.540539
11168.0,-62.51339
11170.0,-62.485397
11172.0,-62.456558
11174.0,-62.426872
11176.0,-62.396339
11178.0,-62.364964
11180.0,-62.333771
11182.0,-62.302441
11184.0,-62.270535
11186.0,-62.238052
11188.0,-62.204994
11190.0,-62.171364
11192.0,-62.137154
11194.0,-62.102367
11196.0,-62.067005
11198.0,-62.031067
11200.0,-61.994709
11202.0,-61.958553
11204.0,-61.921925
11206.0,-61.88483
11208.0,-61.847263
11210.0,-61.809227
11212.0,-61.770721
11214.0,-61.731747
11216.0,-61.692303
11218.0,-61.65239
11220.0,-61.612003
11222.0,-61.571148
11224.0,-61.529823
11226.0,-61.488029
11228.0,-61.445766
11230.0,-61.403034
11232.0,-61.359829
11234.0,-61.315548
11236.0,-61.270714
11238.0,-61.225357
11240.0,-61.179478
11242.0,-61.133083
11244.0,-61.086166
11246.0,-61.038731
11248.0,-60.990776
11250.0,-60.942299
11252.0,-60.893303
11254.0,-60.843788
11256.0,-60.793751
11258.0,-60.743198
11260.0,-60.692123
11262.0,-60.640526
11264.0,-60.588413
11266.0,-60.535778
11268.0,-60.482624
11270.0,-60.428947
11272.0,-60.374756
11274.0,-60.320042
11276.0,-60.264805
11278.0,-60.209053
11280.0,-60.152779
11282.0,-60.09584
11284.0,-60.0369
11286.0,-59.977131
11288.0,-59.916538
11290.0,-59.855122
11292.0,-59.792881
11294.0,-59.729813
11296.0,-59.665924
11298.0,-59.601208
11300.0,-59.535667
11302.0,-59.468307
11304.0,-59.399174
11306.0,-59.32888
11308.0,-59.257431
11310.0,-59.184822
11312.0,-59.111057
11314.0,-59.036133
11316.0,-58.960052
11318.0,-58.882816
11320.0,-58.803844
11322.0,-58.71714
11324.0,-58.628384
11326.0,-58.537575
11328.0,-58.444717
11330.0,-58.349808
11332.0,-58.25285
11334.0,-58.153835
11336.0,-58.052776
11338.0,-57.949661
11340.0,-57.844498
11342.0,-57.737282
11344.0,-57.628017
11346.0,-57.516701
11348.0,-57.403332
11350.0,-57.286106
11352.0,-57.160236
11354.0,-57.030518
11356.0,-56.896957
11358.0,-56.759548
11360.0,-56.618298
11362.0,-56.473198
11364.0,-56.324253
11366.0,-56.167488
11368.0,-55.998604
11370.0,-55.823334
11372.0,-55.64167
11374.0,-55.453617
11376.0,-55.259178
11378.0,-55.058346
11380.0,-54.851124
11382.0,-54.620541
11384.0,-54.361286
11386.0,-54.0877
11388.0,-53.799789
11390.0,-53.497547
11392.0,-53.180981
11394.0,-52.850082
11396.0,-52.504856
11398.0,-52.130657
11400.0,-51.722725
11402.0,-51.286804
11404.0,-50.79985
11406.0,-50.270374
11408.0,-49.691612
11410.0,-49.032528
11412.0,-48.309635
11414.0,-47.481373
11416.0,-46.516739
11418.0,-45.440498
11420.0,-44.192425
11422.0,-42.720448
11424.0,-40.949867
11426.0,-38.749077
11428.0,-35.938206
11430.0,-32.382011
11432.0,-27.662554
11434.0,-21.598436
11436.0,-14.776767
11438.0,-9.1078224
11440.0,-6.3577447
11442.0,-6.6396699
11444.0,-9.2102299
11446.0,-13.156264
11448.0,-17.708326
11450.0,-22.304699
11452.0,-26.666388
11454.0,-30.69455
11456.0,-34.37521
11458.0,-37.715473
11460.0,-40.726547
11462.0,-43.418255
11464.0,-45.817802
11466.0,-47.932568
11468.0,-49.811771
11470.0,-51.452808
11472.0,-52.902073
11474.0,-54.162773
11476.0,-55.278248
11478.0,-56.242374
11480.0,-57.062672
11482.0,-57.788464
11484.0,-58.418251
11486.0,-58.966553
11488.0,-59.443295
11490.0,-59.858742
11492.0,-60.228458
11494.0,-60.562271
11496.0,-60.844948
11498.0,-61.09613
11500.0,-61.323429
11502.0,-61.526035
11504.0,-61.70858
11506.0,-61.878582
11508.0,-62.036697
11510.0,-62.172852
11512.0,-62.295799
11514.0,-62.407368
11516.0,-62.510269
11518.0,-62.606304
11520.0,-62.697399
11522.0,-62.781342
11524.0,-62.853516
11526.0,-62.917194
11528.0,-62.972576
11530.0,-63.026291
11532.0,-63.076836
11534.0,-63.125427
11536.0,-63.168415
11538.0,-63.203457
11540.0,-63.232185
11542.0,-63.256035
11544.0,-63.282825
11546.0,-63.306236
11548.0,-63.326271
11550.0,-63.342926
11552.0,-63.356201
11554.0,-63.367168
11556.0,-63.376965
11558.0,-63.384243
11560.0,-63.389011
11562.0,-63.391262
11564.0,-63.390995
11566.0,-63.390347
11568.0,-63.389133
11570.0,-63.386143
11572.0,-63.381371
11574.0,-63.374817
11576.0,-63.366482
11578.0,-63.356369
11580.0,-63.344471
11582.0,-63.330799
11584.0,-63.317394
11586.0,-63.303516
11588.0,-63.288448
11590.0,-63.27219
11592.0,-63.254745
11594.0,-63.236111
11596.0,-63.21629
11598.0,-63.195282
11600.0,-63.173084
11602.0,-63.151257
11604.0,-63.128906
11606.0,-63.105755
11608.0,-63.081799
11610.0,-63.057037
11612.0,-63.031475
11614.0,-63.005112
11616.0,-62.977943
11618.0,-62.949974
11620.0,-62.922001
11622.0,-62.893478
11624.0,-62.864376
11626.0,-62.834705
11628.0,-62.80447
11630.0,-62.773685
11632.0,-62.742363
11634.0,-62.71051
11636.0,-62.678139
11638.0,-62.645264
11640.0,-62.611889
11642.0,-62.578026
11644.0,-62.543686
11646.0,-62.508892
11648.0,-62.473824
11650.0,-62.438354
11652.0,-62.402493
11654.0,-62.366253
11656.0,-62.329647
11658.0,-62.29269
11660.0,-62.255394
11662.0,-62.217773
11664.0,-62.17984
11666.0,-62.141609
11668.0,-62.103092
11670.0,-62.064301
11672.0,-62.025253
11674.0,-61.985729
11676.0,-61.944416
11678.0,-61.90263
11680.0,-61.860374
11682.0,-61.817665
11684.0,-61.774506
11686.0,-61.730911
11688.0,-61.686886
11690.0,-61.642445
11692.0,-61.597591
11694.0,-61.552338
11696.0,-61.506695
11698.0,-61.46067
11700.0,-61.414272
11702.0,-61.367516
11704.0,-61.3204
11706.0,-61.272945
11708.0,-61.225155
11710.0,-61.17704
11712.0,-61.128609
11714.0,-61.079872
11716.0,-61.030838
11718.0,-60.981518
11720.0,-60.931919
11722.0,-60.88205
11724.0,-60.831921
11726.0,-60.781544
11728.0,-60.730927
11730.0,-60.68008
11732.0,-60.629009
11734.0,-60.577728
11736.0,-60.52523
11738.0,-60.469666
11740.0,-60.413551
11742.0,-60.356888
11744.0,-60.299671
11746.0,-60.241898
11748.0,-60.183567
11750.0,-60.12468
11752.0,-60.065228
11754.0,-60.005215
11756.0,-59.944637
11758.0,-59.883492
11760.0,-59.821777
11762.0,-59.759491
11764.0,-59.696632
11766.0,-59.633198
11768.0,-59.569187
11770.0,-59.504597
11772.0,-59.439426
11774.0,-59.373672
11776.0,-59.307331
11778.0,-59.240406
11780.0,-59.172894
11782.0,-59.10479
11784.0,-59.036091
11786.0,-58.966797
11788.0,-58.896908
11790.0,-58.82642
11792.0,-58.755333
11794.0,-58.68364
11796.0,-58.611347
11798.0,-58.536755
11800.0,-58.457787
11802.0,-58.376102
11804.0,-58.291542
11806.0,-58.203945
11808.0,-58.113148
11810.0,-58.01899
11812.0,-57.92131
11814.0,-57.821117
11816.0,-57.718117
11818.0,-57.611801
11820.0,-57.502087
11822.0,-57.388889
11824.0,-57.272114
11826.0,-57.15168
11828.0,-57.027493
11830.0,-56.897701
11832.0,-56.763306
11834.0,-56.624165
11836.0,-56.480118
11838.0,-56.331001
11840.0,-56.176651
11842.0,-56.016903
11844.0,-55.848408
11846.0,-55.663284
11848.0,-55.468472
11850.0,-55.26358
11852.0,-55.048222
11854.0,-54.82201
11856.0,-54.584553
11858.0,-54.335457
11860.0,-54.074341
11862.0,-53.800808
11864.0,-53.514473
11866.0,-53.214943
11868.0,-52.897209
11870.0,-52.555351
11872.0,-52.188957
11874.0,-51.793205
11876.0,-51.364162
11878.0,-50.899529
11880.0,-50.3801
11882.0,-49.800476
11884.0,-49.159225
11886.0,-48.45121
11888.0,-47.669052
11890.0,-46.765415
11892.0,-45.738129
11894.0,-44.54734
11896.0,-43.11047
11898.0,-41.412315
11900.0,-39.353733
11902.0,-36.779377
11904.0,-33.437752
11906.0,-29.080364
11908.0,-23.407024
11910.0,-16.706125
11912.0,-10.42666
11914.0,-6.7027073
11916.0,-6.206593
11918.0,-8.2924604
11920.0,-11.984789
11922.0,-16.463621
11924.0,-21.10467
11926.0,-25.554951
11928.0,-29.696262
11930.0,-33.50499
11932.0,-36.969677
11934.0,-40.093201
11936.0,-42.895313
11938.0,-45.385288
11940.0,-47.594929
11942.0,-49.539227
11944.0,-51.239166
11946.0,-52.735409
11948.0,-54.030899
11950.0,-55.152714
11952.0,-56.132339
11954.0,-56.984722
11956.0,-57.727673
11958.0,-58.382446
11960.0,-58.958725
11962.0,-59.466255
11964.0,-59.920807
11966.0,-60.319866
11968.0,-60.677597
11970.0,-60.996136
11972.0,-61.2794
11974.0,-61.53389
11976.0,-61.759899
11978.0,-61.963078
11980.0,-62.142326
11982.0,-62.300571
11984.0,-62.44202
11986.0,-62.569881
11988.0,-62.682579
11990.0,-62.78297
11992.0,-62.874317
11994.0,-62.95895
11996.0,-63.03299
11998.0,-63.098515
12000.0,-63.157848
12002.0,-63.212204
12004.0,-63.259613
12006.0,-63.301231
12008.0,-63.338215
12010.0,-63.371185
12012.0,-63.400768
12014.0,-63.427574
12016.0,-63.451366
12018.0,-63.470646
12020.0,-63.487015
12022.0,-63.500648
12024.0,-63.511669
12026.0,-63.520176
12028.0,-63.526215
12030.0,-63.530991
12032.0,-63.534309
12034.0,-63.536079
12036.0,-63.536407
12038.0,-63.535374
12040.0,-63.533039
12042.0,-63.528988
12044.0,-63.522255
12046.0,-63.513512
12048.0,-63.502617
12050.0,-63.489429
12052.0,-63.473759
12054.0,-63.455418
12056.0,-63.43417
12058.0,-63.409779
12060.0,-63.381969
12062.0,-63.351109
12064.0,-63.323151
12066.0,-63.293491
12068.0,-63.262161
12070.0,-63.229202
12072.0,-63.194641
12074.0,-63.158508
12076.0,-63.120838
12078.0,-63.081654
12080.0,-63.040981
12082.0,-62.998848
12084.0,-62.958755
12086.0,-62.918961
12088.0,-62.879356
12090.0,-62.840176
12092.0,-62.801674
12094.0,-62.764118
12096.0,-62.727779
12098.0,-62.692944
12100.0,-62.659904
12102.0,-62.628971
12104.0,-62.59259
12106.0,-62.551849
12108.0,-62.509495
12110.0,-62.465206
12112.0,-62.418636
12114.0,-62.369419
12116.0,-62.317146
12118.0,-62.261395
12120.0,-62.201706
12122.0,-62.1376
12124.0,-62.075916
12126.0,-62.021072
12128.0,-61.966579
12130.0,-61.912777
12132.0,-61.86002
12134.0,-61.808701
12136.0,-61.759228
12138.0,-61.712044
12140.0,-61.667606
12142.0,-61.626415
12144.0,-61.586273
12146.0,-61.54052
12148.0,-61.495392
12150.0,-61.450867
12152.0,-61.406898
12154.0,-61.363441
12156.0,-61.320431
12158.0,-61.277794
12160.0,-61.235451
12162.0,-61.193314
12164.0,-61.151295
12166.0,-61.109695
12168.0,-61.068115
12170.0,-61.026451
12172.0,-60.984577
12174.0,-60.942371
12176.0,-60.899693
12178.0,-60.856396
12180.0,-60.812325
12182.0,-60.767319
12184.0,-60.721203
12186.0,-60.6759
12188.0,-60.630314
12190.0,-60.584061
12192.0,-60.537075
12194.0,-60.489285
12196.0,-60.440624
12198.0,-60.391026
12200.0,-60.34042
12202.0,-60.288731
12204.0,-60.235893
12206.0,-60.182529
12208.0,-60.128597
12210.0,-60.073742
12212.0,-60.01796
12214.0,-59.961239
12216.0,-59.903572
12218.0,-59.844959
12220.0,-59.7854
12222.0,-59.724899
12224.0,-59.66346
12226.0,-59.600899
12228.0,-59.537041
12230.0,-59.472088
12232.0,-59.406036
12234.0,-59.338871
12236.0,-59.270592
12238.0,-59.201183
12240.0,-59.130646
12242.0,-59.058971
12244.0,-58.98616
12246.0,-58.911591
12248.0,-58.833206
12250.0,-58.752975
12252.0,-58.67086
12254.0,-58.58683
12256.0,-58.500839
12258.0,-58.412861
12260.0,-58.322857
12262.0,-58.230785
12264.0,-58.136616
12266.0,-58.040306
12268.0,-57.941826
12270.0,-57.841137
12272.0,-57.738205
12274.0,-57.632992
12276.0,-57.525459
12278.0,-57.415573
12280.0,-57.297577
12282.0,-57.169811
12284.0,-57.037426
12286.0,-56.900269
12288.0,-56.758183
12290.0,-56.611012
12292.0,-56.458607
12294.0,-56.300812
12296.0,-56.137466
12298.0,-55.968422
12300.0,-55.793522
12302.0,-55.612614
12304.0,-55.425537
12306.0,-55.232143
12308.0,-55.032276
12310.0,-54.825779
12312.0,-54.612499
12314.0,-54.385715
12316.0,-54.144138
12318.0,-53.88792
12320.0,-53.616001
12322.0,-53.325523
12324.0,-53.014343
12326.0,-52.681843
12328.0,-52.326527
12330.0,-51.937424
12332.0,-51.500465
12334.0,-51.022633
12336.0,-50.501038
12338.0,-49.9328
12340.0,-49.315037
12342.0,-48.641823
12344.0,-47.875248
12346.0,-47.014828
12348.0,-46.033836
12350.0,-44.876339
12352.0,-43.532391
12354.0,-41.939648
12356.0,-40.004963
12358.0,-37.57061
12360.0,-34.481663
12362.0,-30.405241
12364.0,-25.146263
12366.0,-18.634703
12368.0,-11.985513
12370.0,-7.3486757
12372.0,-5.9302716
12374.0,-7.4056549
12376.0,-10.793257
12378.0,-15.187758
12380.0,-19.918217
12382.0,-24.578604
12384.0,-28.933662
12386.0,-32.879284
12388.0,-36.408127
12390.0,-39.561619
12392.0,-42.382282
12394.0,-44.898842
12396.0,-47.131817
12398.0,-49.102306
12400.0,-50.841217
12402.0,-52.371769
12404.0,-53.71767
12406.0,-54.888885
12408.0,-55.911568
12410.0,-56.805408
12412.0,-57.579834
12414.0,-58.257198
12416.0,-58.854721
12418.0,-59.386093
12420.0,-59.869934
12422.0,-60.309509
12424.0,-60.681293
12426.0,-61.005512
12428.0,-61.287933
12430.0,-61.535091
12432.0,-61.751896
12434.0,-61.951492
12436.0,-62.149498
12438.0,-62.35133
12440.0,-62.533886
12442.0,-62.678356
12444.0,-62.792381
12446.0,-62.89259
12448.0,-62.985775
12450.0,-63.069885
12452.0,-63.153008
12454.0,-63.239597
12456.0,-63.333508
12458.0,-63.395306
12460.0,-63.426842
12462.0,-63.424305
12464.0,-63.456821
12466.0,-63.509304
12468.0,-63.587147
12470.0,-63.622299
12472.0,-63.634239
12474.0,-63.621811
12476.0,-63.62709
12478.0,-63.636547
12480.0,-63.648712
12482.0,-63.643097
12484.0,-63.626617
12486.0,-63.601658
12488.0,-63.57851
12490.0,-63.553917
12492.0,-63.533428
12494.0,-63.525791
12496.0,-63.532204
12498.0,-63.534889
12500.0,-63.511654
12502.0,-63.466389
12504.0,-63.428047
12506.0,-63.417759
12508.0,-63.431255
12510.0,-63.435497
12512.0,-63.419277
12514.0,-63.385414
12516.0,-63.355618
12518.0,-63.329781
12520.0,-63.306286
12522.0,-63.291115
12524.0,-63.286304
12526.0,-63.294182
12528.0,-63.272392
12530.0,-63.229294
12532.0,-63.162872
12534.0,-63.134747
12536.0,-63.129742
12538.0,-63.146404
12540.0,-63.127487
12542.0,-63.089184
12544.0,-63.034691
12546.0,-62.99744
12548.0,-62.965828
12550.0,-62.936081
12552.0,-62.893726
12554.0,-62.843727
12556.0,-62.789024
12558.0,-62.735691
12560.0,-62.681465
12562.0,-62.633255
12564.0,-62.598503
12566.0,-62.578262
12568.0,-62.551357
12570.0,-62.504101
12572.0,-62.438164
12574.0,-62.375519
12576.0,-62.321426
12578.0,-62.273586
12580.0,-62.231312
12582.0,-62.197155
12584.0,-62.173664
12586.0,-62.126244
12588.0,-62.057796
12590.0,-61.964584
12592.0,-61.911777
12594.0,-61.884014
12596.0,-61.883919
12598.0,-61.846546
12600.0,-61.789967
12602.0,-61.714706
12604.0,-61.661472
12606.0,-61.616764
12608.0,-61.581566
12610.0,-61.548786
12612.0,-61.523823
12614.0,-61.497223
12616.0,-61.446724
12618.0,-61.374882
12620.0,-61.302849
12622.0,-61.265266
12624.0,-61.254719
12626.0,-61.241657
12628.0,-61.196934
12630.0,-61.12801
12632.0,-61.059879
12634.0,-61.004929
12636.0,-60.957935
12638.0,-60.911518
12640.0,-60.865829
12642.0,-60.823334
12644.0,-60.776127
12646.0,-60.728466
12648.0,-60.681366
12650.0,-60.634827
12652.0,-60.588848
12654.0,-60.54343
12656.0,-60.495667
12658.0,-60.446964
12660.0,-60.397812
12662.0,-60.348206
12664.0,-60.298149
12666.0,-60.247639
12668.0,-60.195644
12670.0,-60.142593
12672.0,-60.088715
12674.0,-60.034008
12676.0,-59.978466
12678.0,-59.922096
12680.0,-59.86393
12682.0,-59.804451
12684.0,-59.743927
12686.0,-59.682365
12688.0,-59.619762
12690.0,-59.556118
12692.0,-59.491436
12694.0,-59.425713
12696.0,-59.358948
12698.0,-59.291145
12700.0,-59.222298
12702.0,-59.149517
12704.0,-59.071892
12706.0,-58.992535
12708.0,-58.911449
12710.0,-58.828632
12712.0,-58.744091
12714.0,-58.657818
12716.0,-58.56982
12718.0,-58.480091
12720.0,-58.388634
12722.0,-58.295444
12724.0,-58.200531
12726.0,-58.103886
12728.0,-58.005512
12730.0,-57.905415
12732.0,-57.803581
12734.0,-57.700024
12736.0,-57.594738
12738.0,-57.481285
12740.0,-57.364067
12742.0,-57.24353
12744.0,-57.119675
12746.0,-56.9925
12748.0,-56.862007
12750.0,-56.728195
12752.0,-56.589844
12754.0,-56.438698
12756.0,-56.281872
12758.0,-56.119362
12760.0,-55.951172
12762.0,-55.777302
12764.0,-55.597752
12766.0,-55.412521
12768.0,-55.214142
12770.0,-54.991413
12772.0,-54.757477
12774.0,-54.512337
12776.0,-54.255989
12778.0,-53.988441
12780.0,-53.709686
12782.0,-53.419724
12784.0,-53.108952
12786.0,-52.771786
12788.0,-52.414497
12790.0,-52.036312
12792.0,-51.613411
12794.0,-51.15929
12796.0,-50.673954
12798.0,-50.129173
12800.0,-49.509766
12802.0,-48.833485
12804.0,-48.098629
12806.0,-47.254879
12808.0,-46.306717
12810.0,-45.204807
12812.0,-43.920361
12814.0,-42.371277
12816.0,-40.530628
12818.0,-38.255886
12820.0,-35.356655
12822.0,-31.571224
12824.0,-26.581682
12826.0,-20.316162
12828.0,-13.565573
12830.0,-8.4540596
12832.0,-6.3493962
12834.0,-7.1750546
12836.0,-10.091464
12838.0,-14.213787
12840.0,-18.827759
12842.0,-23.446875
12844.0,-27.806919
12846.0,-31.80958
12848.0,-35.454971
12850.0,-38.75573
12852.0,-41.715389
12854.0,-44.348881
12856.0,-46.69202
12858.0,-48.751949
12860.0,-50.568871
12862.0,-52.159748
12864.0,-53.545673
12866.0,-54.780777
12868.0,-55.865112
12870.0,-56.80138
12872.0,-57.595871
12874.0,-58.304813
12876.0,-58.919521
12878.0,-59.452721
12880.0,-59.91724
12882.0,-60.315239
12884.0,-60.663616
12886.0,-60.974052
12888.0,-61.255241
12890.0,-61.489536
12892.0,-61.698174
12894.0,-61.888329
12896.0,-62.063835
12898.0,-62.212978
12900.0,-62.349102
12902.0,-62.476246
12904.0,-62.595112
12906.0,-62.697392
12908.0,-62.791153
12910.0,-62.878201
12912.0,-62.958622
12914.0,-63.029846
12916.0,-63.095097
12918.0,-63.155285
12920.0,-63.210209
12922.0,-63.258739
12924.0,-63.30246
12926.0,-63.341812
12928.0,-63.376724
12930.0,-63.407108
12932.0,-63.433765
12934.0,-63.457069
12936.0,-63.47739
12938.0,-63.495102
12940.0,-63.509712
12942.0,-63.520962
12944.0,-63.529762
12946.0,-63.53635
12948.0,-63.540977
12950.0,-63.54388
12952.0,-63.544533
12954.0,-63.542736
12956.0,-63.539196
12958.0,-63.534073
12960.0,-63.527531
12962.0,-63.519745
12964.0,-63.510887
12966.0,-63.501141
12968.0,-63.490688
12970.0,-63.479721
12972.0,-63.467262
12974.0,-63.45245
12976.0,-63.436573
12978.0,-63.419674
12980.0,-63.401783
12982.0,-63.382931
12984.0,-63.363148
12986.0,-63.342449
12988.0,-63.320854
12990.0,-63.298374
12992.0,-63.275314
12994.0,-63.252174
12996.0,-63.228527
12998.0,-63.204418
13000.0,-63.179893
13002.0,-63.154999
13004.0,-63.12978
13006.0,-63.104275
13008.0,-63.078529
13010.0,-63.052578
13012.0,-63.026081
13014.0,-62.997929
13016.0,-62.969032
13018.0,-62.939331
13020.0,-62.908752
13022.0,-62.87722
13024.0,-62.844646
13026.0,-62.810947
13028.0,-62.776016
13030.0,-62.739754
13032.0,-62.702606
13034.0,-62.667885
13036.0,-62.633045
13038.0,-62.598194
13040.0,-62.563438
13042.0,-62.5289
13044.0,-62.494701
13046.0,-62.460972
13048.0,-62.427853
13050.0,-62.395485
13052.0,-62.363846
13054.0,-62.329521
13056.0,-62.295044
13058.0,-62.260376
13060.0,-62.225471
13062.0,-62.190289
13064.0,-62.154774
13066.0,-62.118858
13068.0,-62.082489
13070.0,-62.045589
13072.0,-62.008083
13074.0,-61.971031
13076.0,-61.933662
13078.0,-61.895916
13080.0,-61.857761
13082.0,-61.819164
13084.0,-61.780094
13086.0,-61.740513
13088.0,-61.700386
13090.0,-61.659676
13092.0,-61.618343
13094.0,-61.577251
13096.0,-61.535843
13098.0,-61.493973
13100.0,-61.451622
13102.0,-61.408768
13104.0,-61.365395
13106.0,-61.321484
13108.0,-61.277008
13110.0,-61.231949
13112.0,-61.186295
13114.0,-61.140015
13116.0,-61.093094
13118.0,-61.045513
13120.0,-60.99725
13122.0,-60.948284
13124.0,-60.898598
13126.0,-60.8489
13128.0,-60.798702
13130.0,-60.747883
13132.0,-60.696434
13134.0,-60.644348
13136.0,-60.59161
13138.0,-60.538208
13140.0,-60.484135
13142.0,-60.429379
13144.0,-60.373928
13146.0,-60.317772
13148.0,-60.260895
13150.0,-60.203297
13152.0,-60.144955
13154.0,-60.085869
13156.0,-60.02602
13158.0,-59.964809
13160.0,-59.902611
13162.0,-59.839489
13164.0,-59.775421
13166.0,-59.710396
13168.0,-59.64439
13170.0,-59.577389
13172.0,-59.509369
13174.0,-59.440315
13176.0,-59.370209
13178.0,-59.299034
13180.0,-59.226768
13182.0,-59.153397
13184.0,-59.078899
13186.0,-59.003258
13188.0,-58.926456
13190.0,-58.841389
13192.0,-58.752972
13194.0,-58.662148
13196.0,-58.568863
13198.0,-58.473072
13200.0,-58.374722
13202.0,-58.273762
13204.0,-58.170143
13206.0,-58.063812
13208.0,-57.954716
13210.0,-57.842812
13212.0,-57.728043
13214.0,-57.610359
13216.0,-57.489712
13218.0,-57.366047
13220.0,-57.239319
13222.0,-57.109474
13224.0,-56.976463
13226.0,-56.840233
13228.0,-56.700733
13230.0,-56.557915
13232.0,-56.411728
13234.0,-56.262119
13236.0,-56.109043
13238.0,-55.952442
13240.0,-55.787296
13242.0,-55.612293
13244.0,-55.428959
13246.0,-55.236824
13248.0,-55.035427
13250.0,-54.824303
13252.0,-54.601345
13254.0,-54.363064
13256.0,-54.111118
13258.0,-53.844711
13260.0,-53.563046
13262.0,-53.265327
13264.0,-52.950111
13266.0,-52.596741
13268.0,-52.215698
13270.0,-51.804932
13272.0,-51.362385
13274.0,-50.886005
13276.0,-50.373741
13278.0,-49.803566
13280.0,-49.168468
13282.0,-48.466637
13284.0,-47.687828
13286.0,-46.766167
13288.0,-45.711304
13290.0,-44.506721
13292.0,-43.110081
13294.0,-41.425694
13296.0,-39.356506
13298.0,-36.752354
13300.0,-33.368847
13302.0,-28.955969
13304.0,-23.28269
13306.0,-16.538549
13308.0,-10.312817
13310.0,-6.614758
13312.0,-6.1825595
13314.0,-8.3090954
13316.0,-12.014474
13318.0,-16.51627
13320.0,-21.193811
13322.0,-25.687279
13324.0,-29.858255
13326.0,-33.667732
13328.0,-37.119091
13330.0,-40.229103
13332.0,-43.021652
13334.0,-45.508533
13336.0,-47.706482
13338.0,-49.637203
13340.0,-51.338451
13342.0,-52.83046
13344.0,-54.117363
13346.0,-55.246696
13348.0,-56.227036
13350.0,-57.076237
13352.0,-57.814617
13354.0,-58.460976
13356.0,-59.030903
13358.0,-59.525936
13360.0,-59.966843
13362.0,-60.361103
13364.0,-60.706516
13366.0,-61.018345
13368.0,-61.298508
13370.0,-61.54686
13372.0,-61.772335
13374.0,-61.974739
13376.0,-62.15583
13378.0,-62.320316
13380.0,-62.467648
13382.0,-62.600155
13384.0,-62.720367
13386.0,-62.826569
13388.0,-62.92194
13390.0,-63.008247
13392.0,-63.087189
13394.0,-63.158047
13396.0,-63.220161
13398.0,-63.27634
13400.0,-63.327663
13402.0,-63.375084
13404.0,-63.412457
13406.0,-63.444122
13408.0,-63.470654
13410.0,-63.492664
13412.0,-63.510857
13414.0,-63.525974
13416.0,-63.538834
13418.0,-63.550316
13420.0,-63.561367
13422.0,-63.568733
13424.0,-63.57214
13426.0,-63.574856
13428.0,-63.577557
13430.0,-63.580936
13432.0,-63.585743
13434.0,-63.592739
13436.0,-63.602737
13438.0,-63.616585
13440.0,-63.633236
13442.0,-63.636532
13444.0,-63.638641
13446.0,-63.639301
13448.0,-63.638206
13450.0,-63.635002
13452.0,-63.629295
13454.0,-63.620644
13456.0,-63.60857
13458.0,-63.592541
13460.0,-63.578175
13462.0,-63.564941
13464.0,-63.550121
13466.0,-63.533649
13468.0,-63.515469
13470.0,-63.495506
13472.0,-63.47369
13474.0,-63.449947
13476.0,-63.424191
13478.0,-63.396706
13480.0,-63.368969
13482.0,-63.33979
13484.0,-63.309208
13486.0,-63.277256
13488.0,-63.24398
13490.0,-63.209423
13492.0,-63.173637
13494.0,-63.136677
13496.0,-63.098598
13498.0,-63.060089
13500.0,-63.021091
13502.0,-62.981544
13504.0,-62.941582
13506.0,-62.90134
13508.0,-62.86097
13510.0,-62.820614
13512.0,-62.780445
13514.0,-62.74062
13516.0,-62.700832
13518.0,-62.660137
13520.0,-62.619583
13522.0,-62.579247
13524.0,-62.539204
13526.0,-62.499535
13528.0,-62.46032
13530.0,-62.421627
13532.0,-62.383545
13534.0,-62.346142
13536.0,-62.305298
13538.0,-62.263409
13540.0,-62.221252
13542.0,-62.178864
13544.0,-62.136276
13546.0,-62.093529
13548.0,-62.050652
13550.0,-62.007683
13552.0,-61.964657
13554.0,-61.921604
13556.0,-61.878563
13558.0,-61.835571
13560.0,-61.792656
13562.0,-61.749855
13564.0,-61.707203
13566.0,-61.664734
13568.0,-61.62188
13570.0,-61.57766
13572.0,-61.533348
13574.0,-61.48896
13576.0,-61.444508
13578.0,-61.400005
13580.0,-61.355465
13582.0,-61.310898
13584.0,-61.266323
13586.0,-61.221748
13588.0,-61.177193
13590.0,-61.132664
13592.0,-61.088181
13594.0,-61.043751
13596.0,-60.999393
13598.0,-60.955116
13600.0,-60.910938
13602.0,-60.864658
13604.0,-60.81741
13606.0,-60.76976
13608.0,-60.721695
13610.0,-60.673203
13612.0,-60.624264
13614.0,-60.574863
13616.0,-60.524982
13618.0,-60.474609
13620.0,-60.423729
13622.0,-60.372322
13624.0,-60.320374
13626.0,-60.267864
13628.0,-60.214787
13630.0,-60.161121
13632.0,-60.106846
13634.0,-60.051659
13636.0,-59.994789
13638.0,-59.937035
13640.0,-59.878368
13642.0,-59.818764
13644.0,-59.758194
13646.0,-59.696621
13648.0,-59.634026
13650.0,-59.570374
13652.0,-59.505642
13654.0,-59.439793
13656.0,-59.372803
13658.0,-59.304646
13660.0,-59.235287
13662.0,-59.164703
13664.0,-59.092861
13666.0,-59.019733
13668.0,-58.944187
13670.0,-58.866623
13672.0,-58.787399
13674.0,-58.706467
13676.0,-58.623787
13678.0,-58.539307
13680.0,-58.452991
13682.0,-58.364788
13684.0,-58.274654
13686.0,-58.182549
13688.0,-58.088425
13690.0,-57.992233
13692.0,-57.893936
13694.0,-57.793484
13696.0,-57.690838
13698.0,-57.585945
13700.0,-57.47765
13702.0,-57.361534
13704.0,-57.241901
13706.0,-57.118645
13708.0,-56.991653
13710.0,-56.860821
13712.0,-56.726032
13714.0,-56.587185
13716.0,-56.444168
13718.0,-56.296871
13720.0,-56.145187
13722.0,-55.989006
13724.0,-55.82822
13726.0,-55.662716
13728.0,-55.49239
13730.0,-55.317131
13732.0,-55.136829
13734.0,-54.945419
13736.0,-54.739578
13738.0,-54.520115
13740.0,-54.285892
13742.0,-54.036465
13744.0,-53.771328
13746.0,-53.489101
13748.0,-53.188835
13750.0,-52.860741
13752.0,-52.491131
13754.0,-52.088547
13756.0,-51.651222
13758.0,-51.177383
13760.0,-50.66526
13762.0,-50.113087
13764.0,-49.519089
13766.0,-48.870548
13768.0,-48.145012
13770.0,-47.328228
13772.0,-46.399593
13774.0,-45.330139
13776.0,-44.085068
13778.0,-42.601738
13780.0,-40.811668
13782.0,-38.573349
13784.0,-35.747829
13786.0,-32.113487
13788.0,-27.353573
13790.0,-21.239853
13792.0,-14.425524
13794.0,-8.8652306
13796.0,-6.2355289
13798.0,-6.6869345
13800.0,-9.3928394
13802.0,-13.42099
13804.0,-18.032753
13806.0,-22.656727
13808.0,-27.051497
13810.0,-31.140432
13812.0,-34.896942
13814.0,-38.307926
13816.0,-41.368053
13818.0,-44.087826
13820.0,-46.488945
13822.0,-48.599232
13824.0,-50.448376
13826.0,-52.064457
13828.0,-53.47612
13830.0,-54.709717
13832.0,-55.781757
13834.0,-56.712128
13836.0,-57.527325
13838.0,-58.23513
13840.0,-58.849243
13842.0,-59.391693
13844.0,-59.86491
13846.0,-60.27813
13848.0,-60.647659
13850.0,-60.972466
13852.0,-61.258316
13854.0,-61.516228
13856.0,-61.74511
13858.0,-61.948921
13860.0,-62.134518
13862.0,-62.300251
13864.0,-62.448551
13866.0,-62.583553
13868.0,-62.704849
13870.0,-62.814213
13872.0,-62.914074
13874.0,-63.001553
13876.0,-63.078388
13878.0,-63.146698
13880.0,-63.207771
13882.0,-63.262657
13884.0,-63.311069
13886.0,-63.354969
13888.0,-63.395451
13890.0,-63.433605
13892.0,-63.466534
13894.0,-63.491924
13896.0,-63.512638
13898.0,-63.528847
13900.0,-63.540733
13902.0,-63.55344
13904.0,-63.566013
13906.0,-63.578732
13908.0,-63.592381
13910.0,-63.606289
13912.0,-63.615639
13914.0,-63.623692
13916.0,-63.630444
13918.0,-63.635906
13920.0,-63.637836
13922.0,-63.636292
13924.0,-63.63258
13926.0,-63.626698
13928.0,-63.618652
13930.0,-63.608437
13932.0,-63.596054
13934.0,-63.581505
13936.0,-63.567223
13938.0,-63.55257
13940.0,-63.536575
13942.0,-63.519234
13944.0,-63.500546
13946.0,-63.480511
13948.0,-63.459137
13950.0,-63.436413
13952.0,-63.413963
13954.0,-63.391068
13956.0,-63.367302
13958.0,-63.342674
13960.0,-63.317181
13962.0,-63.290821
13964.0,-63.263599
13966.0,-63.235512
13968.0,-63.208157
13970.0,-63.180454
13972.0,-63.152161
13974.0,-63.12328
13976.0,-63.093811
13978.0,-63.063759
13980.0,-63.033115
13982.0,-63.001884
13984.0,-62.97007
13986.0,-62.937664
13988.0,-62.904671
13990.0,-62.87109
13992.0,-62.837337
13994.0,-62.803856
13996.0,-62.769962
13998.0,-62.735664
14000.0,-62.700958
14002.0,-62.66584
14004.0,-62.630318
14006.0,-62.594383
14008.0,-62.558044
14010.0,-62.521294
14012.0,-62.484135
14014.0,-62.446568
14016.0,-62.408592
14018.0,-62.370754
14020.0,-62.332657
14022.0,-62.294212
14024.0,-62.255424
14026.0,-62.216293
14028.0,-62.176815
14030.0,-62.13699
14032.0,-62.096821
14034.0,-62.056305
14036.0,-62.015442
14038.0,-61.974236
14040.0,-61.932682
14042.0,-61.890785
14044.0,-61.848541
14046.0,-61.805954
14048.0,-61.763016
14050.0,-61.719738
14052.0,-61.676113
14054.0,-61.632141
14056.0,-61.587112
14058.0,-61.540794
14060.0,-61.49403
14062.0,-61.446815
14064.0,-61.399155
14066.0,-61.351048
14068.0,-61.302494
14070.0,-61.253494
14072.0,-61.204044
14074.0,-61.154148
14076.0,-61.103806
14078.0,-61.053017
14080.0,-61.001781
14082.0,-60.950096
14084.0,-60.897964
14086.0,-60.845387
14088.0,-60.792362
14090.0,-60.738892
14092.0,-60.684971
14094.0,-60.630608
14096.0,-60.575794
14098.0,-60.520535
14100.0,-60.464825
14102.0,-60.408672
14104.0,-60.35207
14106.0,-60.295021
14108.0,-60.237526
14110.0,-60.179585
14112.0,-60.121193
14114.0,-60.062355
14116.0,-60.003075
14118.0,-59.940945
14120.0,-59.876984
14122.0,-59.812115
14124.0,-59.746334
14126.0,-59.679646
14128.0,-59.612045
14130.0,-59.543537
14132.0,-59.474117
14134.0,-59.40379
14136.0,-59.33255
14138.0,-59.260399
14140.0,-59.18734
14142.0,-59.113373
14144.0,-59.038494
14146.0,-58.958111
14148.0,-58.874851
14150.0,-58.789886
14152.0,-58.703217
14154.0,-58.614841
14156.0,-58.524761
14158.0,-58.432972
14160.0,-58.339481
14162.0,-58.244282
14164.0,-58.147381
14166.0,-58.048771
14168.0,-57.94846
14170.0,-57.846439
14172.0,-57.742714
14174.0,-57.623158
14176.0,-57.497578
14178.0,-57.368076
14180.0,-57.234653
14182.0,-57.097309
14184.0,-56.956043
14186.0,-56.810856
14188.0,-56.661747
14190.0,-56.508717
14192.0,-56.351765
14194.0,-56.190891
14196.0,-56.026096
14198.0,-55.85738
14200.0,-55.684746
14202.0,-55.500919
14204.0,-55.309311
14206.0,-55.110279
14208.0,-54.901169
14210.0,-54.679352
14212.0,-54.447166
14214.0,-54.204617
14216.0,-53.94265
14218.0,-53.666
14220.0,-53.374836
14222.0,-53.06102
14224.0,-52.716888
14226.0,-52.347187
14228.0,-51.950787
14230.0,-51.52655
14232.0,-51.073345
14234.0,-50.552063
14236.0,-49.967159
14238.0,-49.322227
14240.0,-48.612442
14242.0,-47.832981
14244.0,-46.978073
14246.0,-46.00351
14248.0,-44.877163
14250.0,-43.554604
14252.0,-41.947372
14254.0,-40.015182
14256.0,-37.506824
14258.0,-34.348076
14260.0,-30.269947
14262.0,-25.017893
14264.0,-18.603676
14266.0,-12.056849
14268.0,-7.5343003
14270.0,-6.1086879
14272.0,-7.5155339
14274.0,-10.839848
14276.0,-15.169527
14278.0,-19.812078
14280.0,-24.336174
14282.0,-28.554144
14284.0,-32.420376
14286.0,-35.937866
14288.0,-39.122253
14290.0,-41.990395
14292.0,-44.563011
14294.0,-46.853546
14296.0,-48.878437
14298.0,-50.656685
14300.0,-52.208626
14302.0,-53.556808
14304.0,-54.725502
14306.0,-55.739464
14308.0,-56.621902
14310.0,-57.400909
14312.0,-58.080208
14314.0,-58.653019
14316.0,-59.130817
14318.0,-59.560261
14320.0,-59.966038
14322.0,-60.36763
14324.0,-60.725262
14326.0,-61.05463
14328.0,-61.353455
14330.0,-61.632442
14332.0,-61.882111
14334.0,-62.103992
14336.0,-62.304832
14338.0,-62.480976
14340.0,-62.634766
14342.0,-62.768059
14344.0,-62.88203
14346.0,-62.98632
14348.0,-63.080132
14350.0,-63.165558
14352.0,-63.244869
14354.0,-63.31744
14356.0,-63.381481
14358.0,-63.441132
14360.0,-63.497803
14362.0,-63.552921
14364.0,-63.59103
14366.0,-63.617538
14368.0,-63.633266
14370.0,-63.637531
14372.0,-63.63715
14374.0,-63.647209
14376.0,-63.660027
14378.0,-63.677689
14380.0,-63.702271
14382.0,-63.712681
14384.0,-63.713036
14386.0,-63.706055
14388.0,-63.690598
14390.0,-63.67086
14392.0,-63.662777
14394.0,-63.657825
14396.0,-63.657455
14398.0,-63.663101
14400.0,-63.668282
14402.0,-63.673698
14404.0,-63.681622
14406.0,-63.692245
14408.0,-63.70454
14410.0,-63.712399
14412.0,-63.718674
14414.0,-63.722713
14416.0,-63.723862
14418.0,-63.721073
14420.0,-63.713573
14422.0,-63.700783
14424.0,-63.68198
14426.0,-63.657787
14428.0,-63.639557
14430.0,-63.619602
14432.0,-63.597805
14434.0,-63.574047
14436.0,-63.54821
14438.0,-63.520172
14440.0,-63.490101
14442.0,-63.461266
14444.0,-63.431419
14446.0,-63.400631
14448.0,-63.368973
14450.0,-63.336514
14452.0,-63.303326
14454.0,-63.269482
14456.0,-63.235123
14458.0,-63.200275
14460.0,-63.165016
14462.0,-63.129417
14464.0,-63.093555
14466.0,-63.057503
14468.0,-63.021305
14470.0,-62.983711
14472.0,-62.945736
14474.0,-62.907436
14476.0,-62.868862
14478.0,-62.830067
14480.0,-62.7911
14482.0,-62.752014
14484.0,-62.712864
14486.0,-62.673698
14488.0,-62.634571
14490.0,-62.595535
14492.0,-62.556164
14494.0,-62.515625
14496.0,-62.474903
14498.0,-62.434013
14500.0,-62.392979
14502.0,-62.351814
14504.0,-62.310539
14506.0,-62.269176
14508.0,-62.227741
14510.0,-62.186256
14512.0,-62.144733
14514.0,-62.103199
14516.0,-62.061005
14518.0,-62.018127
14520.0,-61.975002
14522.0,-61.931637
14524.0,-61.888023
14526.0,-61.844173
14528.0,-61.800087
14530.0,-61.755772
14532.0,-61.711231
14534.0,-61.66647
14536.0,-61.62149
14538.0,-61.576309
14540.0,-61.530926
14542.0,-61.485352
14544.0,-61.439598
14546.0,-61.393665
14548.0,-61.347572
14550.0,-61.301327
14552.0,-61.25494
14554.0,-61.207966
14556.0,-61.159939
14558.0,-61.111549
14560.0,-61.06279
14562.0,-61.013653
14564.0,-60.96413
14566.0,-60.914219
14568.0,-60.863903
14570.0,-60.813183
14572.0,-60.762051
14574.0,-60.710491
14576.0,-60.658504
14578.0,-60.606083
14580.0,-60.553215
14582.0,-60.499897
14584.0,-60.446121
14586.0,-60.391876
14588.0,-60.337154
14590.0,-60.281956
14592.0,-60.226105
14594.0,-60.16885
14596.0,-60.110893
14598.0,-60.052208
14600.0,-59.992771
14602.0,-59.93256
14604.0,-59.871548
14606.0,-59.809708
14608.0,-59.747013
14610.0,-59.683437
14612.0,-59.61895
14614.0,-59.553528
14616.0,-59.487141
14618.0,-59.419758
14620.0,-59.351349
14622.0,-59.281883
14624.0,-59.211334
14626.0,-59.139664
14628.0,-59.066845
14630.0,-58.992844
14632.0,-58.91613
14634.0,-58.837818
14636.0,-58.757904
14638.0,-58.676331
14640.0,-58.593033
14642.0,-58.50795
14644.0,-58.421017
14646.0,-58.332169
14648.0,-58.241341
14650.0,-58.14846
14652.0,-58.053463
14654.0,-57.956276
14656.0,-57.856831
14658.0,-57.755047
14660.0,-57.650856
14662.0,-57.544174
14664.0,-57.434937
14666.0,-57.323051
14668.0,-57.208447
14670.0,-57.083576
14672.0,-56.951778
14674.0,-56.814991
14676.0,-56.672962
14678.0,-56.52544
14680.0,-56.372169
14682.0,-56.212883
14684.0,-56.047302
14686.0,-55.875156
14688.0,-55.696152
14690.0,-55.510002
14692.0,-55.31641
14694.0,-55.115063
14696.0,-54.905655
14698.0,-54.687866
14700.0,-54.461372
14702.0,-54.225842
14704.0,-53.980934
14706.0,-53.726311
14708.0,-53.457188
14710.0,-53.166267
14712.0,-52.852818
14714.0,-52.514332
14716.0,-52.148167
14718.0,-51.749619
14720.0,-51.315308
14722.0,-50.842022
14724.0,-50.32592
14726.0,-49.762959
14728.0,-49.121422
14730.0,-48.402111
14732.0,-47.594975
14734.0,-46.688004
14736.0,-45.662914
14738.0,-44.452286
14740.0,-43.032261
14742.0,-41.344067
14744.0,-39.199249
14746.0,-36.517155
14748.0,-33.147907
14750.0,-28.772121
14752.0,-23.13331
14754.0,-16.47551
14756.0,-10.253059
14758.0,-6.648962
14760.0,-6.3677578
14762.0,-8.5513353
14764.0,-12.242837
14766.0,-16.698011
14768.0,-21.391373
14770.0,-25.951191
14772.0,-30.161842
14774.0,-33.925121
14776.0,-37.278019
14778.0,-40.325184
14780.0,-43.117321
14782.0,-45.640442
14784.0,-47.887924
14786.0,-49.854969
14788.0,-51.558277
14790.0,-53.047779
14792.0,-54.332794
14794.0,-55.430309
14796.0,-56.381664
14798.0,-57.211391
14800.0,-57.946629
14802.0,-58.597084
14804.0,-59.157684
14806.0,-59.646702
14808.0,-60.07666
14810.0,-60.474922
14812.0,-60.846897
14814.0,-61.17157
14816.0,-61.451214
14818.0,-61.679981
14820.0,-61.895699
14822.0,-62.112179
14824.0,-62.31258
14826.0,-62.492088
14828.0,-62.616943
14830.0,-62.717762
14832.0,-62.826233
14834.0,-62.949547
14836.0,-63.090157
14838.0,-63.175465
14840.0,-63.216736
14842.0,-63.243187
14844.0,-63.29409
14846.0,-63.412426
14848.0,-63.495365
14850.0,-63.536232
14852.0,-63.515194
14854.0,-63.469505
14856.0,-63.493214
14858.0,-63.517548
14860.0,-63.521126
14862.0,-63.542263
14864.0,-63.576324
14866.0,-63.612865
14868.0,-63.637772
14870.0,-63.626057
14872.0,-63.613342
14874.0,-63.610748
14876.0,-63.631489
14878.0,-63.665783
14880.0,-63.659245
14882.0,-63.628017
14884.0,-63.583023
14886.0,-63.577332
14888.0,-63.620239
14890.0,-63.638016
14892.0,-63.624649
14894.0,-63.554035
14896.0,-63.494705
14898.0,-63.510735
14900.0,-63.492378
14902.0,-63.441334
14904.0,-63.361416
14906.0,-63.27663
14908.0,-63.253933
14910.0,-63.252575
14912.0,-63.255577
14914.0,-63.202847
14916.0,-63.10194
14918.0,-63.052818
14920.0,-63.022469
14922.0,-62.974556
14924.0,-62.899235
14926.0,-62.787731
14928.0,-62.71209
14930.0,-62.668537
14932.0,-62.632217
14934.0,-62.593723
14936.0,-62.553963
14938.0,-62.519257
14940.0,-62.489601
14942.0,-62.460758
14944.0,-62.429821
14946.0,-62.400249
14948.0,-62.372044
14950.0,-62.344376
14952.0,-62.315224
14954.0,-62.286163
14956.0,-62.257195
14958.0,-62.227901
14960.0,-62.194511
14962.0,-62.161118
14964.0,-62.127724
14966.0,-62.094334
14968.0,-62.06094
14970.0,-62.027546
14972.0,-61.994156
14974.0,-61.960762
14976.0,-61.927368
14978.0,-61.893974
14980.0,-61.857655
14982.0,-61.82045
14984.0,-61.783245
14986.0,-61.746037
14988.0,-61.708832
14990.0,-61.671627
14992.0,-61.634418
14994.0,-61.597214
14996.0,-61.560005
14998.0,-61.5228
15000.0,-61.484043
15002.0,-61.443104
15004.0,-61.401844
15006.0,-61.360256
15008.0,-61.318348
15010.0,-61.276115
15012.0,-61.233555
15014.0,-61.190674
15016.0,-61.147469
15018.0,-61.103943
15020.0,-61.060089
15022.0,-61.015911
15024.0,-60.971413
15026.0,-60.92659
15028.0,-60.881443
15030.0,-60.835972
15032.0,-60.790176
15034.0,-60.744057
15036.0,-60.697613
15038.0,-60.650848
15040.0,-60.603756
15042.0,-60.555588
15044.0,-60.504951
15046.0,-60.453739
15048.0,-60.401947
15050.0,-60.349575
15052.0,-60.296627
15054.0,-60.243099
15056.0,-60.188992
15058.0,-60.134304
15060.0,-60.079041
15062.0,-60.023197
15064.0,-59.966774
15066.0,-59.909775
15068.0,-59.852196
15070.0,-59.794037
15072.0,-59.735298
15074.0,-59.675983
15076.0,-59.616089
15078.0,-59.555614
15080.0,-59.494564
15082.0,-59.432934
15084.0,-59.369713
15086.0,-59.297222
15088.0,-59.223286
15090.0,-59.147907
15092.0,-59.071079
15094.0,-58.992805
15096.0,-58.91309
15098.0,-58.831924
15100.0,-58.749317
15102.0,-58.66526
15104.0,-58.579762
15106.0,-58.492817
15108.0,-58.404423
15110.0,-58.314587
15112.0,-58.223305
15114.0,-58.130577
15116.0,-58.036404
15118.0,-57.940784
15120.0,-57.843719
15122.0,-57.745209
15124.0,-57.645256
15126.0,-57.543854
15128.0,-57.435318
15130.0,-57.323105
15132.0,-57.207512
15134.0,-57.088539
15136.0,-56.966179
15138.0,-56.838409
15140.0,-56.705303
15142.0,-56.567764
15144.0,-56.425793
15146.0,-56.279392
15148.0,-56.124367
15150.0,-55.955555
15152.0,-55.779549
15154.0,-55.596352
15156.0,-55.405956
15158.0,-55.20837
15160.0,-55.00359
15162.0,-54.791618
15164.0,-54.563457
15166.0,-54.298195
15168.0,-54.017658
15170.0,-53.721844
15172.0,-53.410755
15174.0,-53.084385
15176.0,-52.742744
15178.0,-52.385822
15180.0,-52.011032
15182.0,-51.600624
15184.0,-51.159664
15186.0,-50.674561
15188.0,-50.148407
15190.0,-49.561443
15192.0,-48.918346
15194.0,-48.182648
15196.0,-47.358543
15198.0,-46.439484
15200.0,-45.339981
15202.0,-44.064972
15204.0,-42.592503
15206.0,-40.812134
15208.0,-38.625145
15210.0,-35.825047
15212.0,-32.213711
15214.0,-27.466394
15216.0,-21.448355
15218.0,-14.749879
15220.0,-9.0917654
15222.0,-6.3478675
15224.0,-6.7035608
15226.0,-9.3507261
15228.0,-13.345107
15230.0,-17.921631
15232.0,-22.521812
15234.0,-26.880859
15236.0,-30.924908
15238.0,-34.635639
15240.0,-38.003975
15242.0,-41.034321
15244.0,-43.74839
15246.0,-46.155975
15248.0,-48.294758
15250.0,-50.16785
15252.0,-51.823429
15254.0,-53.261185
15256.0,-54.526661
15258.0,-55.618076
15260.0,-56.562881
15262.0,-57.395695
15264.0,-58.127342
15266.0,-58.762745
15268.0,-59.310776
15270.0,-59.790077
15272.0,-60.21019
15274.0,-60.583755
15276.0,-60.923977
15278.0,-61.21817
15280.0,-61.47937
15282.0,-61.714317
15284.0,-61.924061
15286.0,-62.115391
15288.0,-62.291157
15290.0,-62.44574
15292.0,-62.585033
15294.0,-62.710964
15296.0,-62.825222
15298.0,-62.929924
15300.0,-63.023216
15302.0,-63.103535
15304.0,-63.174454
15306.0,-63.237301
15308.0,-63.293392
15310.0,-63.343174
15312.0,-63.387737
15314.0,-63.428596
15316.0,-63.466934
15318.0,-63.503937
15320.0,-63.533424
15322.0,-63.556946
15324.0,-63.576305
15326.0,-63.59174
15328.0,-63.603462
15330.0,-63.61504
15332.0,-63.625744
15334.0,-63.635872
15336.0,-63.646015
15338.0,-63.656631
15340.0,-63.659477
15342.0,-63.659058
15344.0,-63.655113
15346.0,-63.647377
15348.0,-63.636524
15350.0,-63.629642
15352.0,-63.623085
15354.0,-63.617405
15356.0,-63.613155
15358.0,-63.609341
15360.0,-63.601368
15362.0,-63.592258
15364.0,-63.581875
15366.0,-63.57008
15368.0,-63.556873
15370.0,-63.542358
15372.0,-63.526276
15374.0,-63.508526
15376.0,-63.489014
15378.0,-63.469677
15380.0,-63.451065
15382.0,-63.431396
15384.0,-63.410675
15386.0,-63.388901
15388.0,-63.366077
15390.0,-63.342197
15392.0,-63.317265
15394.0,-63.291283
15396.0,-63.264244
15398.0,-63.236156
15400.0,-63.208408
15402.0,-63.180908
15404.0,-63.152771
15406.0,-63.123989
15408.0,-63.094566
15410.0,-63.064503
15412.0,-63.033798
15414.0,-63.002457
15416.0,-62.97047
15418.0,-62.937843
15420.0,-62.904575
15422.0,-62.871502
15424.0,-62.838379
15426.0,-62.804829
15428.0,-62.770851
15430.0,-62.736446
15432.0,-62.701618
15434.0,-62.666363
15436.0,-62.630684
15438.0,-62.594574
15440.0,-62.558041
15442.0,-62.521084
15444.0,-62.484295
15446.0,-62.44735
15448.0,-62.410061
15450.0,-62.372433
15452.0,-62.334461
15454.0,-62.296146
15456.0,-62.257492
15458.0,-62.218494
15460.0,-62.179157
15462.0,-62.139477
15464.0,-62.099457
15466.0,-62.059093
15468.0,-62.018387
15470.0,-61.977341
15472.0,-61.935951
15474.0,-61.894222
15476.0,-61.85215
15478.0,-61.809738
15480.0,-61.766563
15482.0,-61.72287
15484.0,-61.678795
15486.0,-61.634338
15488.0,-61.5895
15490.0,-61.544285
15492.0,-61.498684
15494.0,-61.452702
15496.0,-61.406338
15498.0,-61.359596
15500.0,-61.312469
15502.0,-61.264961
15504.0,-61.217072
15506.0,-61.168804
15508.0,-61.120152
15510.0,-61.071117
15512.0,-61.021702
15514.0,-60.971909
15516.0,-60.92173
15518.0,-60.87117
15520.0,-60.820229
15522.0,-60.768909
15524.0,-60.717205
15526.0,-60.665119
15528.0,-60.612656
15530.0,-60.559807
15532.0,-60.506577
15534.0,-60.451405
15536.0,-60.391182
15538.0,-60.330143
15540.0,-60.268295
15542.0,-60.205639
15544.0,-60.142166
15546.0,-60.077888
15548.0,-60.012794
15550.0,-59.946892
15552.0,-59.880177
15554.0,-59.812649
15556.0,-59.744312
15558.0,-59.675163
15560.0,-59.605206
15562.0,-59.534435
15564.0,-59.462852
15566.0,-59.390461
15568.0,-59.317257
15570.0,-59.24324
15572.0,-59.168415
15574.0,-59.092777
15576.0,-59.016327
15578.0,-58.939068
15580.0,-58.860996
15582.0,-58.782116
15584.0,-58.702423
15586.0,-58.621918
15588.0,-58.5406
15590.0,-58.454754
15592.0,-58.365894
15594.0,-58.274971
15596.0,-58.18198
15598.0,-58.086918
15600.0,-57.989788
15602.0,-57.890594
15604.0,-57.78669
15606.0,-57.679714
15608.0,-57.56992
15610.0,-57.457302
15612.0,-57.341869
15614.0,-57.22361
15616.0,-57.10239
15618.0,-56.973072
15620.0,-56.839565
15622.0,-56.701874
15624.0,-56.559994
15626.0,-56.413929
15628.0,-56.263676
15630.0,-56.107635
15632.0,-55.937305
15634.0,-55.75993
15636.0,-55.575508
15638.0,-55.384041
15640.0,-55.185528
15642.0,-54.979969
15644.0,-54.761208
15646.0,-54.516243
15648.0,-54.25824
15650.0,-53.987198
15652.0,-53.703117
15654.0,-53.405994
15656.0,-53.095833
15658.0,-52.764591
15660.0,-52.401764
15662.0,-52.015682
15664.0,-51.605526
15666.0,-51.145828
15668.0,-50.650703
15670.0,-50.120155
15672.0,-49.513271
15674.0,-48.824883
15676.0,-48.07056
15678.0,-47.238144
15680.0,-46.28154
15682.0,-45.18074
15684.0,-43.91243
15686.0,-42.35503
15688.0,-40.476444
15690.0,-38.116573
15692.0,-35.199688
15694.0,-31.390694
15696.0,-26.367666
15698.0,-20.004288
15700.0,-13.239297
15702.0,-8.185998
15704.0,-6.1960444
15706.0,-7.103457
15708.0,-10.044552
15710.0,-14.170313
15712.0,-18.786922
15714.0,-23.431873
15716.0,-27.83057
15718.0,-31.877018
15720.0,-35.559547
15722.0,-38.89642
15724.0,-41.887012
15726.0,-44.541691
15728.0,-46.884125
15730.0,-48.942554
15732.0,-50.743576
15734.0,-52.314522
15736.0,-53.683235
15738.0,-54.8759
15740.0,-55.915184
15742.0,-56.81641
15744.0,-57.606895
15746.0,-58.298672
15748.0,-58.899067
15750.0,-59.431152
15752.0,-59.898438
15754.0,-60.308784
15756.0,-60.677666
15758.0,-61.002171
15760.0,-61.290829
15762.0,-61.552639
15764.0,-61.783066
15766.0,-61.990612
15768.0,-62.178997
15770.0,-62.346169
15772.0,-62.497253
15774.0,-62.634075
15776.0,-62.756172
15778.0,-62.866589
15780.0,-62.965481
15782.0,-63.052647
15784.0,-63.130768
15786.0,-63.201332
15788.0,-63.265835
15790.0,-63.321571
15792.0,-63.370716
15794.0,-63.414791
15796.0,-63.454754
15798.0,-63.490513
15800.0,-63.518063
15802.0,-63.540867
15804.0,-63.55946
15806.0,-63.574436
15808.0,-63.586445
15810.0,-63.59618
15812.0,-63.604382
15814.0,-63.611855
15816.0,-63.619434
15818.0,-63.620724
15820.0,-63.617874
15822.0,-63.613422
15824.0,-63.607735
15826.0,-63.601189
15828.0,-63.594181
15830.0,-63.587112
15832.0,-63.58041
15834.0,-63.574509
15836.0,-63.56818
15838.0,-63.557236
15840.0,-63.545597
15842.0,-63.533291
15844.0,-63.520348
15846.0,-63.506767
15848.0,-63.492546
15850.0,-63.477661
15852.0,-63.46207
15854.0,-63.445728
15856.0,-63.428883
15858.0,-63.411354
15860.0,-63.393005
15862.0,-63.37376
15864.0,-63.353516
15866.0,-63.332165
15868.0,-63.309589
15870.0,-63.285656
15872.0,-63.260212
15874.0,-63.234715
15876.0,-63.211842
15878.0,-63.188667
15880.0,-63.165146
15882.0,-63.141228
15884.0,-63.116844
15886.0,-63.091919
15888.0,-63.066357
15890.0,-63.040051
15892.0,-63.01289
15894.0,-62.984734
15896.0,-62.955448
15898.0,-62.924866
15900.0,-62.892822
15902.0,-62.859131
15904.0,-62.823597
15906.0,-62.788193
15908.0,-62.7579
15910.0,-62.727226
15912.0,-62.696133
15914.0,-62.664574
15916.0,-62.632488
15918.0,-62.599819
15920.0,-62.566502
15922.0,-62.532463
15924.0,-62.497627
15926.0,-62.461906
15928.0,-62.425217
15930.0,-62.387459
15932.0,-62.348534
15934.0,-62.308334
15936.0,-62.26675
15938.0,-62.224705
15940.0,-62.185837
15942.0,-62.1465
15944.0,-62.106678
15946.0,-62.066364
15948.0,-62.025547
15950.0,-61.984207
15952.0,-61.942333
15954.0,-61.89991
15956.0,-61.856918
15958.0,-61.813343
15960.0,-61.769165
15962.0,-61.724361
15964.0,-61.678917
15966.0,-61.632805
15968.0,-61.58601
15970.0,-61.5387
15972.0,-61.492012
15974.0,-61.444904
15976.0,-61.397388
15978.0,-61.349472
15980.0,-61.301163
15982.0,-61.252464
15984.0,-61.203392
15986.0,-61.15395
15988.0,-61.104145
15990.0,-61.053993
15992.0,-61.003502
15994.0,-60.952679
15996.0,-60.901535
15998.0,-60.850082
16000.0,-60.798332
16002.0,-60.746231
16004.0,-60.693092
16006.0,-60.639507
16008.0,-60.585472
16010.0,-60.530975
16012.0,-60.476013
16014.0,-60.420578
16016.0,-60.364666
16018.0,-60.30827
16020.0,-60.251377
16022.0,-60.193981
16024.0,-60.136078
16026.0,-60.077652
16028.0,-60.0187
16030.0,-59.959206
16032.0,-59.899166
16034.0,-59.838463
16036.0,-59.773632
16038.0,-59.707729
16040.0,-59.640728
16042.0,-59.572617
16044.0,-59.503368
16046.0,-59.432968
16048.0,-59.361389
16050.0,-59.288616
16052.0,-59.214622
16054.0,-59.139397
16056.0,-59.062912
16058.0,-58.985149
16060.0,-58.90609
16062.0,-58.82571
16064.0,-58.743992
16066.0,-58.660915
16068.0,-58.576458
16070.0,-58.490601
16072.0,-58.40332
16074.0,-58.314602
16076.0,-58.224419
16078.0,-58.132755
16080.0,-58.039585
16082.0,-57.944897
16084.0,-57.848663
16086.0,-57.749619
16088.0,-57.646507
16090.0,-57.540169
16092.0,-57.430435
16094.0,-57.317142
16096.0,-57.200127
16098.0,-57.079197
16100.0,-56.953918
16102.0,-56.824287
16104.0,-56.690113
16106.0,-56.55122
16108.0,-56.407421
16110.0,-56.258533
16112.0,-56.097271
16114.0,-55.924751
16116.0,-55.743259
16118.0,-55.552486
16120.0,-55.352116
16122.0,-55.141838
16124.0,-54.921341
16126.0,-54.690311
16128.0,-54.448441
16130.0,-54.195415
16132.0,-53.93092
16134.0,-53.654648
16136.0,-53.366283
16138.0,-53.059158
16140.0,-52.729908
16142.0,-52.378048
16144.0,-51.999329
16146.0,-51.588665
16148.0,-51.144733
16150.0,-50.662296
16152.0,-50.128998
16154.0,-49.543655
16156.0,-48.900608
16158.0,-48.164761
16160.0,-47.336891
16162.0,-46.406094
16164.0,-45.300617
16166.0,-43.995869
16168.0,-42.475773
16170.0,-40.666618
16172.0,-38.43679
16174.0,-35.580242
16176.0,-31.898352
16178.0,-27.060757
16180.0,-20.942642
16182.0,-14.225481
16184.0,-8.7375154
16186.0,-6.2476592
16188.0,-6.8182898
16190.0,-9.6039305
16192.0,-13.672111
16194.0,-18.28014
16196.0,-22.869057
16198.0,-27.20216
16200.0,-31.226015
16202.0,-34.924042
16204.0,-38.282421
16206.0,-41.299129
16208.0,-43.986118
16210.0,-46.375778
16212.0,-48.47797
16214.0,-50.338787
16216.0,-51.963524
16218.0,-53.385307
16220.0,-54.632404
16222.0,-55.721657
16224.0,-56.656799
16226.0,-57.477276
16228.0,-58.197716
16230.0,-58.83231
16232.0,-59.378773
16234.0,-59.853329
16236.0,-60.270145
16238.0,-60.634941
16240.0,-60.960358
16242.0,-61.257607
16244.0,-61.51408
16246.0,-61.742889
16248.0,-61.949852
16250.0,-62.13393
16252.0,-62.301563
16254.0,-62.45639
16256.0,-62.592613
16258.0,-62.715607
16260.0,-62.827114
16262.0,-62.927666
16264.0,-63.019276
16266.0,-63.102737
16268.0,-63.174324
16270.0,-63.237663
16272.0,-63.293846
16274.0,-63.343971
16276.0,-63.388985
16278.0,-63.427761
16280.0,-63.462448
16282.0,-63.493923
16284.0,-63.523071
16286.0,-63.55077
16288.0,-63.570984
16290.0,-63.587791
16292.0,-63.60146
16294.0,-63.612263
16296.0,-63.620468
16298.0,-63.627251
16300.0,-63.632565
16302.0,-63.636711
16304.0,-63.640049
16306.0,-63.642933
16308.0,-63.642445
16310.0,-63.640095
16312.0,-63.636597
16314.0,-63.632172
16316.0,-63.627033
16318.0,-63.621407
16320.0,-63.615505
16322.0,-63.60955
16324.0,-63.597416
16326.0,-63.582661
16328.0,-63.565735
16330.0,-63.546577
16332.0,-63.525124
16334.0,-63.501308
16336.0,-63.475075
16338.0,-63.446358
16340.0,-63.424469
16342.0,-63.403507
16344.0,-63.383656
16346.0,-63.365231
16348.0,-63.348549
16350.0,-63.333931
16352.0,-63.321697
16354.0,-63.311775
16356.0,-63.296379
16358.0,-63.2812
16360.0,-63.266205
16362.0,-63.251366
16364.0,-63.236652
16366.0,-63.222038
16368.0,-63.207493
16370.0,-63.192287
16372.0,-63.17094
16374.0,-63.147202
16376.0,-63.120781
16378.0,-63.091385
16380.0,-63.058723
16382.0,-63.022507
16384.0,-62.982441
16386.0,-62.939651
16388.0,-62.899937
16390.0,-62.858543
16392.0,-62.815517
16394.0,-62.770897
16396.0,-62.72472
16398.0,-62.677036
16400.0,-62.627888
16402.0,-62.579029
16404.0,-62.535091
16406.0,-62.492508
16408.0,-62.451614
16410.0,-62.412746
16412.0,-62.37624
16414.0,-62.342426
16416.0,-62.311646
16418.0,-62.281612
16420.0,-62.248158
16422.0,-62.215511
16424.0,-62.183662
16426.0,-62.152599
16428.0,-62.122307
16430.0,-62.092773
16432.0,-62.063988
16434.0,-62.03347
16436.0,-61.998493
16438.0,-61.961731
16440.0,-61.922897
16442.0,-61.881721
16444.0,-61.837914
16446.0,-61.791199
16448.0,-61.741299
16450.0,-61.691299
16452.0,-61.643177
16454.0,-61.593918
16456.0,-61.543556
16458.0,-61.492111
16460.0,-61.439617
16462.0,-61.386097
16464.0,-61.331581
16466.0,-61.278175
16468.0,-61.226627
16470.0,-61.175709
16472.0,-61.125614
16474.0,-61.07653
16476.0,-61.028656
16478.0,-60.982174
16480.0,-60.937283
16482.0,-60.88866
16484.0,-60.835983
16486.0,-60.781857
16488.0,-60.726093
16490.0,-60.66851
16492.0,-60.608913
16494.0,-60.547119
16496.0,-60.482941
16498.0,-60.422943
16500.0,-60.36623
16502.0,-60.310524
16504.0,-60.256046
16506.0,-60.203026
16508.0,-60.151676
16510.0,-60.10223
16512.0,-60.054909
16514.0,-60.003738
16516.0,-59.9506
16518.0,-59.89698
16520.0,-59.842773
16522.0,-59.787861
16524.0,-59.732128
16526.0,-59.675465
16528.0,-59.617752
16530.0,-59.558319
16532.0,-59.49728
16534.0,-59.434578
16536.0,-59.370079
16538.0,-59.303642
16540.0,-59.235119
16542.0,-59.164371
16544.0,-59.091259
16546.0,-59.018921
16548.0,-58.945518
16550.0,-58.870773
16552.0,-58.794689
16554.0,-58.71727
16556.0,-58.638523
16558.0,-58.558453
16560.0,-58.477062
16562.0,-58.385872
16564.0,-58.291939
16566.0,-58.195461
16568.0,-58.096443
16570.0,-57.994884
16572.0,-57.890781
16574.0,-57.784138
16576.0,-57.674953
16578.0,-57.563225
16580.0,-57.448956
16582.0,-57.332146
16584.0,-57.212791
16586.0,-57.090897
16588.0,-56.951733
16590.0,-56.798874
16592.0,-56.640163
16594.0,-56.475594
16596.0,-56.305164
16598.0,-56.12888
16600.0,-55.946739
16602.0,-55.758739
16604.0,-55.564884
16606.0,-55.36517
16608.0,-55.159599
16610.0,-54.94817
16612.0,-54.730885
16614.0,-54.504509
16616.0,-54.260704
16618.0,-54.005035
16620.0,-53.737499
16622.0,-53.447094
16624.0,-53.13916
16626.0,-52.814034
16628.0,-52.46088
16630.0,-52.077
16632.0,-51.667206
16634.0,-51.224148
16636.0,-50.728428
16638.0,-50.192928
16640.0,-49.617649
16642.0,-48.933403
16644.0,-48.17334
16646.0,-47.339828
16648.0,-46.400394
16650.0,-45.325081
16652.0,-44.060265
16654.0,-42.560284
16656.0,-40.751755
16658.0,-38.435051
16660.0,-35.592922
16662.0,-31.916958
16664.0,-27.05481
16666.0,-20.847851
16668.0,-14.029512
16670.0,-8.6577387
16672.0,-6.2806678
16674.0,-6.8754153
16676.0,-9.6216173
16678.0,-13.647573
16680.0,-18.235193
16682.0,-22.888519
16684.0,-27.310743
16686.0,-31.382608
16688.0,-35.089668
16690.0,-38.449062
16692.0,-41.463745
16694.0,-44.146511
16696.0,-46.53196
16698.0,-48.628662
16700.0,-50.481594
16702.0,-52.099796
16704.0,-53.512722
16706.0,-54.771862
16708.0,-55.884155
16710.0,-56.847893
16712.0,-57.667637
16714.0,-58.371254
16716.0,-59.000011
16718.0,-59.54245
16720.0,-60.010632
16722.0,-60.416637
16724.0,-60.761555
16726.0,-61.061287
16728.0,-61.326881
16730.0,-61.569141
16732.0,-61.779655
16734.0,-61.952801
16736.0,-62.10704
16738.0,-62.248493
16740.0,-62.381828
16742.0,-62.491928
16744.0,-62.59338
16746.0,-62.68972
16748.0,-62.784496
16750.0,-62.868572
16752.0,-62.940567
16754.0,-63.006699
16756.0,-63.06805
16758.0,-63.125221
16760.0,-63.176735
16762.0,-63.224731
16764.0,-63.269936
16766.0,-63.313087
16768.0,-63.350685
16770.0,-63.383198
16772.0,-63.411686
16774.0,-63.436211
16776.0,-63.457798
16778.0,-63.478184
16780.0,-63.495495
16782.0,-63.509727
16784.0,-63.520882
16786.0,-63.528957
16788.0,-63.533955
16790.0,-63.538097
16792.0,-63.542812
16794.0,-63.545792
16796.0,-63.547035
16798.0,-63.546539
16800.0,-63.544308
16802.0,-63.54034
16804.0,-63.534477
16806.0,-63.526714
16808.0,-63.517143
16810.0,-63.505764
16812.0,-63.492577
16814.0,-63.477585
16816.0,-63.460781
16818.0,-63.445675
16820.0,-63.430683
16822.0,-63.414658
16824.0,-63.397602
16826.0,-63.379517
16828.0,-63.360397
16830.0,-63.340252
16832.0,-63.319073
16834.0,-63.296864
16836.0,-63.273621
16838.0,-63.249352
16840.0,-63.224579
16842.0,-63.200569
16844.0,-63.175884
16846.0,-63.150524
16848.0,-63.124496
16850.0,-63.09779
16852.0,-63.070412
16854.0,-63.042362
16856.0,-63.013638
16858.0,-62.984241
16860.0,-62.95417
16862.0,-62.923428
16864.0,-62.893013
16866.0,-62.862419
16868.0,-62.831367
16870.0,-62.799854
16872.0,-62.767883
16874.0,-62.735451
16876.0,-62.702557
16878.0,-62.669205
16880.0,-62.635395
16882.0,-62.601124
16884.0,-62.566391
16886.0,-62.531452
16888.0,-62.496754
16890.0,-62.461689
16892.0,-62.426262
16894.0,-62.390472
16896.0,-62.354317
16898.0,-62.317799
16900.0,-62.280918
16902.0,-62.243675
16904.0,-62.206066
16906.0,-62.168095
16908.0,-62.129761
16910.0,-62.091064
16912.0,-62.052002
16914.0,-62.012577
16916.0,-61.97279
16918.0,-61.932636
16920.0,-61.89212
16922.0,-61.851257
16924.0,-61.81012
16926.0,-61.768635
16928.0,-61.726795
16930.0,-61.684601
16932.0,-61.642056
16934.0,-61.599159
16936.0,-61.555908
16938.0,-61.512306
16940.0,-61.468353
16942.0,-61.424046
16944.0,-61.379387
16946.0,-61.334377
16948.0,-61.289013
16950.0,-61.243294
16952.0,-61.197227
16954.0,-61.150806
16956.0,-61.104031
16958.0,-61.056904
16960.0,-61.007725
16962.0,-60.957966
16964.0,-60.907684
16966.0,-60.856876
16968.0,-60.805542
16970.0,-60.753685
16972.0,-60.701302
16974.0,-60.648392
16976.0,-60.594955
16978.0,-60.540997
16980.0,-60.486511
16982.0,-60.431499
16984.0,-60.375965
16986.0,-60.319901
16988.0,-60.263313
16990.0,-60.206203
16992.0,-60.148563
16994.0,-60.090401
16996.0,-60.031712
16998.0,-59.969589
17000.0,-59.904964
17002.0,-59.839359
17004.0,-59.772778
17006.0,-59.705215
17008.0,-59.636681
17010.0,-59.567165
17012.0,-59.49667
17014.0,-59.425201
17016.0,-59.352753
17018.0,-59.279327
17020.0,-59.204922
17022.0,-59.129543
17024.0,-59.053185
17026.0,-58.975845
17028.0,-58.897533
17030.0,-58.818241
17032.0,-58.737972
17034.0,-58.656723
17036.0,-58.569237
17038.0,-58.468346
17040.0,-58.364788
17042.0,-58.258568
17044.0,-58.149681
17046.0,-58.038128
17048.0,-57.923912
17050.0,-57.80703
17052.0,-57.687481
17054.0,-57.565269
17056.0,-57.440392
17058.0,-57.312847
17060.0,-57.182636
17062.0,-57.049763
17064.0,-56.914223
17066.0,-56.776016
17068.0,-56.635147
17070.0,-56.491611
17072.0,-56.345409
17074.0,-56.196545
17076.0,-56.035141
17078.0,-55.867584
17080.0,-55.693943
17082.0,-55.514221
17084.0,-55.327198
17086.0,-55.125961
17088.0,-54.9156
17090.0,-54.696121
17092.0,-54.467518
17094.0,-54.225391
17096.0,-53.961712
17098.0,-53.68372
17100.0,-53.391422
17102.0,-53.084808
17104.0,-52.748436
17106.0,-52.373386
17108.0,-51.972359
17110.0,-51.545353
17112.0,-51.092373
17114.0,-50.594101
17116.0,-50.045345
17118.0,-49.450825
17120.0,-48.77256
17122.0,-48.028038
17124.0,-47.178822
17126.0,-46.180443
17128.0,-45.062298
17130.0,-43.755295
17132.0,-42.205475
17134.0,-40.329765
17136.0,-37.985897
17138.0,-34.936211
17140.0,-31.048615
17142.0,-25.922359
17144.0,-19.476511
17146.0,-12.75487
17148.0,-7.9096432
17150.0,-6.1586075
17152.0,-7.2620773
17154.0,-10.331411
17156.0,-14.523002
17158.0,-19.122437
17160.0,-23.652269
17162.0,-27.89876
17164.0,-31.81139
17166.0,-35.383026
17168.0,-38.615311
17170.0,-41.51807
17172.0,-44.118011
17174.0,-46.421741
17176.0,-48.470425
17178.0,-50.267059
17180.0,-51.848522
17182.0,-53.231335
17184.0,-54.441448
17186.0,-55.482315
17188.0,-56.396137
17190.0,-57.192741
17192.0,-57.889462
17194.0,-58.499783
17196.0,-59.042915
17198.0,-59.524693
17200.0,-59.950798
17202.0,-60.337105
17204.0,-60.678326
17206.0,-60.984646
17208.0,-61.262001
17210.0,-61.508053
17212.0,-61.729927
17214.0,-61.929554
17216.0,-62.10815
17218.0,-62.269611
17220.0,-62.412575
17222.0,-62.540184
17224.0,-62.655285
17226.0,-62.760262
17228.0,-62.854877
17230.0,-62.937771
17232.0,-63.012959
17234.0,-63.082016
17236.0,-63.1465
17238.0,-63.201702
17240.0,-63.251659
17242.0,-63.297237
17244.0,-63.33931
17246.0,-63.37669
17248.0,-63.408947
17250.0,-63.437527
17252.0,-63.462803
17254.0,-63.485142
17256.0,-63.50491
17258.0,-63.522453
17260.0,-63.537155
17262.0,-63.548973
17264.0,-63.558544
17266.0,-63.565975
17268.0,-63.571358
17270.0,-63.574764
17272.0,-63.576237
17274.0,-63.576096
17276.0,-63.57444
17278.0,-63.571152
17280.0,-63.566242
17282.0,-63.559715
17284.0,-63.551537
17286.0,-63.541672
17288.0,-63.531475
17290.0,-63.521019
17292.0,-63.509659
17294.0,-63.497387
17296.0,-63.484188
17298.0,-63.470016
17300.0,-63.454807
17302.0,-63.43848
17304.0,-63.42094
17306.0,-63.402061
17308.0,-63.381702
17310.0,-63.359711
17312.0,-63.33638
17314.0,-63.315853
17316.0,-63.294632
17318.0,-63.272663
17320.0,-63.249893
17322.0,-63.226246
17324.0,-63.201641
17326.0,-63.175987
17328.0,-63.149178
17330.0,-63.121094
17332.0,-63.091614
17334.0,-63.060596
17336.0,-63.027897
17338.0,-62.996159
17340.0,-62.965599
17342.0,-62.934433
17344.0,-62.902657
17346.0,-62.870262
17348.0,-62.837246
17350.0,-62.803596
17352.0,-62.769295
17354.0,-62.734337
17356.0,-62.698696
17358.0,-62.662361
17360.0,-62.625309
17362.0,-62.587582
17364.0,-62.55061
17366.0,-62.513298
17368.0,-62.47567
17370.0,-62.437759
17372.0,-62.399593
17374.0,-62.361202
17376.0,-62.322609
17378.0,-62.283852
17380.0,-62.244957
17382.0,-62.205956
17384.0,-62.166885
17386.0,-62.127773
17388.0,-62.087715
17390.0,-62.046562
17392.0,-62.005112
17394.0,-61.963379
17396.0,-61.921387
17398.0,-61.87915
17400.0,-61.836685
17402.0,-61.794014
17404.0,-61.751148
17406.0,-61.708111
17408.0,-61.664917
17410.0,-61.621582
17412.0,-61.578125
17414.0,-61.534569
17416.0,-61.490925
17418.0,-61.447208
17420.0,-61.403446
17422.0,-61.35965
17424.0,-61.315838
17426.0,-61.272026
17428.0,-61.228237
17430.0,-61.182686
17432.0,-61.136135
17434.0,-61.089279
17436.0,-61.042118
17438.0,-60.994656
17440.0,-60.946892
17442.0,-60.898827
17444.0,-60.85046
17446.0,-60.801796
17448.0,-60.752831
17450.0,-60.703568
17452.0,-60.654011
17454.0,-60.604153
17456.0,-60.554005
17458.0,-60.503559
17460.0,-60.45282
17462.0,-60.401791
17464.0,-60.350468
17466.0,-60.298855
17468.0,-60.246948
17470.0,-60.194756
17472.0,-60.140034
17474.0,-60.084423
17476.0,-60.028156
17478.0,-59.971214
17480.0,-59.913586
17482.0,-59.855255
17484.0,-59.796204
17486.0,-59.73642
17488.0,-59.675888
17490.0,-59.61459
17492.0,-59.552513
17494.0,-59.489639
17496.0,-59.425953
17498.0,-59.361443
17500.0,-59.296089
17502.0,-59.229877
17504.0,-59.162796
17506.0,-59.094822
17508.0,-59.025948
17510.0,-58.95615
17512.0,-58.885139
17514.0,-58.809631
17516.0,-58.732624
17518.0,-58.654072
17520.0,-58.573944
17522.0,-58.492195
17524.0,-58.408783
17526.0,-58.323673
17528.0,-58.236824
17530.0,-58.148197
17532.0,-58.057747
17534.0,-57.965439
17536.0,-57.871231
17538.0,-57.775085
17540.0,-57.67696
17542.0,-57.576817
17544.0,-57.474613
17546.0,-57.370312
17548.0,-57.26387
17550.0,-57.155251
17552.0,-57.044415
17554.0,-56.930202
17556.0,-56.808655
17558.0,-56.681408
17560.0,-56.548058
17562.0,-56.408203
17564.0,-56.261524
17566.0,-56.109287
17568.0,-55.950283
17570.0,-55.78426
17572.0,-55.610966
17574.0,-55.430145
17576.0,-55.236046
17578.0,-55.030617
17580.0,-54.81414
17582.0,-54.586159
17584.0,-54.346226
17586.0,-54.093891
17588.0,-53.828701
17590.0,-53.550205
17592.0,-53.245647
17594.0,-52.900135
17596.0,-52.527893
17598.0,-52.127247
17600.0,-51.696518
17602.0,-51.234032
17604.0,-50.738113
17606.0,-50.207085
17608.0,-49.639275
17610.0,-49.009262
17612.0,-48.306614
17614.0,-47.513512
17616.0,-46.615105
17618.0,-45.580013
17620.0,-44.376038
17622.0,-42.953033
17624.0,-41.24155
17626.0,-39.137825
17628.0,-36.439896
17630.0,-33.025131
17632.0,-28.550495
17634.0,-22.834249
17636.0,-16.113754
17638.0,-10.060418
17640.0,-6.6551676
17642.0,-6.4183817
17644.0,-8.6581249
17646.0,-12.423494
17648.0,-16.918539
17650.0,-21.543589
17652.0,-25.970846
17654.0,-30.090797
17656.0,-33.875015
17658.0,-37.314903
17660.0,-40.41333
17662.0,-43.182869
17664.0,-45.653946
17666.0,-47.833469
17668.0,-49.765522
17670.0,-51.457245
17672.0,-52.938438
17674.0,-54.247917
17676.0,-55.398151
17678.0,-56.386719
17680.0,-57.218399
17682.0,-57.944382
17684.0,-58.596909
17686.0,-59.169476
17688.0,-59.67765
17690.0,-60.126541
17692.0,-60.512634
17694.0,-60.858837
17696.0,-61.176746
17698.0,-61.471798
17700.0,-61.719982
17702.0,-61.946133
17704.0,-62.156548
17706.0,-62.35754
17708.0,-62.526672
17710.0,-62.679794
17712.0,-62.820038
17714.0,-62.950089
17716.0,-63.062954
17718.0,-63.160809
17720.0,-63.246716
17722.0,-63.321724
17724.0,-63.389351
17726.0,-63.452408
17728.0,-63.511223
17730.0,-63.567459
17732.0,-63.618099
17734.0,-63.654949
17736.0,-63.68343
17738.0,-63.703262
17740.0,-63.716137
17742.0,-63.735855
17744.0,-63.756935
17746.0,-63.781116
17748.0,-63.810146
17750.0,-63.820621
17752.0,-63.821507
17754.0,-63.81221
17756.0,-63.791187
17758.0,-63.780762
17760.0,-63.782379
17762.0,-63.7929
17764.0,-63.815033
17766.0,-63.828358
17768.0,-63.816006
17770.0,-63.788502
17772.0,-63.742485
17774.0,-63.685165
17776.0,-63.639114
17778.0,-63.591106
17780.0,-63.54258
17782.0,-63.495274
17784.0,-63.453281
17786.0,-63.417068
17788.0,-63.388451
17790.0,-63.36924
17792.0,-63.338696
17794.0,-63.304028
17796.0,-63.265381
17798.0,-63.221497
17800.0,-63.186577
17802.0,-63.162506
17804.0,-63.146534
17806.0,-63.140293
17808.0,-63.136517
17810.0,-63.127972
17812.0,-63.119804
17814.0,-63.111145
17816.0,-63.100914
17818.0,-63.087605
17820.0,-63.070599
17822.0,-63.04892
17824.0,-63.022491
17826.0,-63.00161
17828.0,-62.981167
17830.0,-62.9617
17832.0,-62.943748
17834.0,-62.918888
17836.0,-62.889351
17838.0,-62.855194
17840.0,-62.815678
17842.0,-62.77692
17844.0,-62.74015
17846.0,-62.703762
17848.0,-62.668365
17850.0,-62.633053
17852.0,-62.596661
17854.0,-62.560501
17856.0,-62.524731
17858.0,-62.488914
17860.0,-62.451721
17862.0,-62.414482
17864.0,-62.377197
17866.0,-62.339863
17868.0,-62.302486
17870.0,-62.265064
17872.0,-62.227592
17874.0,-62.190075
17876.0,-62.151917
17878.0,-62.113354
17880.0,-62.074574
17882.0,-62.035576
17884.0,-61.996357
17886.0,-61.956921
17888.0,-61.917267
17890.0,-61.877392
17892.0,-61.83712
17894.0,-61.795963
17896.0,-61.754501
17898.0,-61.712734
17900.0,-61.670662
17902.0,-61.628284
17904.0,-61.585602
17906.0,-61.542618
17908.0,-61.499329
17910.0,-61.455734
17912.0,-61.411835
17914.0,-61.36763
17916.0,-61.32312
17918.0,-61.278309
17920.0,-61.233189
17922.0,-61.187767
17924.0,-61.14204
17926.0,-61.096008
17928.0,-61.049675
17930.0,-60.999596
17932.0,-60.948689
17934.0,-60.897221
17936.0,-60.845196
17938.0,-60.79261
17940.0,-60.739471
17942.0,-60.685772
17944.0,-60.631512
17946.0,-60.576698
17948.0,-60.521324
17950.0,-60.465389
17952.0,-60.408901
17954.0,-60.351852
17956.0,-60.294243
17958.0,-60.23608
17960.0,-60.177357
17962.0,-60.118076
17964.0,-60.058235
17966.0,-59.997837
17968.0,-59.936882
17970.0,-59.87537
17972.0,-59.813297
17974.0,-59.750668
17976.0,-59.687481
17978.0,-59.623734
17980.0,-59.559429
17982.0,-59.494568
17984.0,-59.429146
17986.0,-59.36203
17988.0,-59.292793
17990.0,-59.222408
17992.0,-59.150875
17994.0,-59.07819
17996.0,-59.004356
17998.0,-58.929371
18000.0,-58.852638
18002.0,-58.773575
18004.0,-58.692966
18006.0,-58.610809
18008.0,-58.5271
18010.0,-58.441845
18012.0,-58.355038
18014.0,-58.264748
18016.0,-58.167641
18018.0,-58.06797
18020.0,-57.965729
18022.0,-57.86092
18024.0,-57.753544
18026.0,-57.6436
18028.0,-57.53109
18030.0,-57.416012
18032.0,-57.298367
18034.0,-57.178154
18036.0,-57.055374
18038.0,-56.930023
18040.0,-56.786068
18042.0,-56.631195
18044.0,-56.470512
18046.0,-56.30402
18048.0,-56.131718
18050.0,-55.953606
18052.0,-55.76968
18054.0,-55.579945
18056.0,-55.384399
18058.0,-55.183044
18060.0,-54.97588
18062.0,-54.762901
18064.0,-54.542141
18066.0,-54.303612
18068.0,-54.053108
18070.0,-53.790234
18072.0,-53.506054
18074.0,-53.205315
18076.0,-52.88802
18078.0,-52.540432
18080.0,-52.167946
18082.0,-51.771507
18084.0,-51.333752
18086.0,-50.856968
18088.0,-50.344837
18090.0,-49.7672
18092.0,-49.116825
18094.0,-48.40617
18096.0,-47.587208
18098.0,-46.620945
18100.0,-45.541878
18102.0,-44.326912
18104.0,-42.891762
18106.0,-41.163391
18108.0,-39.017288
18110.0,-36.297867
18112.0,-32.841145
18114.0,-28.269716
18116.0,-22.361374
18118.0,-15.598569
18120.0,-9.6901674
18122.0,-6.5684586
18124.0,-6.5415421
18126.0,-8.8789158
18128.0,-12.6863
18130.0,-17.226501
18132.0,-21.875217
18134.0,-26.2974
18136.0,-30.382402
18138.0,-34.112103
18140.0,-37.49474
18142.0,-40.549919
18144.0,-43.2939
18146.0,-45.734386
18148.0,-47.906994
18150.0,-49.825127
18152.0,-51.519241
18154.0,-52.98999
18156.0,-54.297993
18158.0,-55.43092
18160.0,-56.433559
18162.0,-57.297821
18164.0,-58.068233
18166.0,-58.734879
18168.0,-59.318859
18170.0,-59.818195
18172.0,-60.245445
18174.0,-60.643826
18176.0,-61.012203
18178.0,-61.356495
18180.0,-61.632679
18182.0,-61.86338
18184.0,-62.052063
18186.0,-62.237202
18188.0,-62.413391
18190.0,-62.588764
18192.0,-62.745937
18194.0,-62.897915
18196.0,-63.048012
18198.0,-63.181637
18200.0,-63.304203
18202.0,-63.415485
18204.0,-63.509861
18206.0,-63.586792
18208.0,-63.644878
18210.0,-63.704327
18212.0,-63.766529
18214.0,-63.832859
18216.0,-63.894157
18218.0,-63.950417
18220.0,-64.004227
18222.0,-64.045013
18224.0,-64.067612
18226.0,-64.071426
18228.0,-64.06369
18230.0,-64.048752
18232.0,-64.023514
18234.0,-64.000984
18236.0,-63.994335
18238.0,-64.003792
18240.0,-64.023941
18242.0,-64.045181
18244.0,-64.074486
18246.0,-64.099297
18248.0,-64.096382
18250.0,-64.068283
18252.0,-64.026489
18254.0,-64.009933
18256.0,-64.005943
18258.0,-64.014534
18260.0,-64.021271
18262.0,-64.034973
18264.0,-64.048576
18266.0,-64.038422
18268.0,-64.024208
18270.0,-64.00592
18272.0,-63.98357
18274.0,-63.957153
18276.0,-63.933552
18278.0,-63.908581
18280.0,-63.881886
18282.0,-63.853462
18284.0,-63.823315
18286.0,-63.793171
18288.0,-63.763012
18290.0,-63.732033
18292.0,-63.700233
18294.0,-63.667614
18296.0,-63.634739
18298.0,-63.602348
18300.0,-63.569489
18302.0,-63.536156
18304.0,-63.502346
18306.0,-63.468071
18308.0,-63.433319
18310.0,-63.398098
18312.0,-63.3624
18314.0,-63.326443
18316.0,-63.29071
18318.0,-63.254677
18320.0,-63.218342
18322.0,-63.181705
18324.0,-63.144768
18326.0,-63.107529
18328.0,-63.069988
18330.0,-63.032146
18332.0,-62.994095
18334.0,-62.956196
18336.0,-62.918064
18338.0,-62.879696
18340.0,-62.841091
18342.0,-62.80225
18344.0,-62.763172
18346.0,-62.723858
18348.0,-62.684307
18350.0,-62.644524
18352.0,-62.6045
18354.0,-62.564243
18356.0,-62.52375
18358.0,-62.483021
18360.0,-62.442055
18362.0,-62.400852
18364.0,-62.359276
18366.0,-62.317402
18368.0,-62.27528
18370.0,-62.232906
18372.0,-62.190285
18374.0,-62.147411
18376.0,-62.104286
18378.0,-62.060917
18380.0,-62.017292
18382.0,-61.973419
18384.0,-61.929295
18386.0,-61.884922
18388.0,-61.840302
18390.0,-61.795429
18392.0,-61.750305
18394.0,-61.704933
18396.0,-61.659309
18398.0,-61.613434
18400.0,-61.567314
18402.0,-61.520939
18404.0,-61.474316
18406.0,-61.427444
18408.0,-61.380322
18410.0,-61.332947
18412.0,-61.285324
18414.0,-61.23745
18416.0,-61.188786
18418.0,-61.139561
18420.0,-61.089966
18422.0,-61.039997
18424.0,-60.989655
18426.0,-60.938938
18428.0,-60.887852
18430.0,-60.836391
18432.0,-60.784557
18434.0,-60.732349
18436.0,-60.679771
18438.0,-60.626457
18440.0,-60.57201
18442.0,-60.517021
18444.0,-60.461483
18446.0,-60.405403
18448.0,-60.348778
18450.0,-60.291611
18452.0,-60.233894
18454.0,-60.175636
18456.0,-60.116837
18458.0,-60.057487
18460.0,-59.997597
18462.0,-59.932392
18464.0,-59.866116
18466.0,-59.798824
18468.0,-59.730526
18470.0,-59.661217
18472.0,-59.590897
18474.0,-59.519566
18476.0,-59.447224
18478.0,-59.373871
18480.0,-59.299507
18482.0,-59.224133
18484.0,-59.147747
18486.0,-59.070354
18488.0,-58.991947
18490.0,-58.912533
18492.0,-58.832108
18494.0,-58.750671
18496.0,-58.668224
18498.0,-58.584766
18500.0,-58.499077
18502.0,-58.407566
18504.0,-58.314034
18506.0,-58.218483
18508.0,-58.120914
18510.0,-58.021328
18512.0,-57.91972
18514.0,-57.816093
18516.0,-57.710449
18518.0,-57.602787
18520.0,-57.493103
18522.0,-57.375645
18524.0,-57.25256
18526.0,-57.126007
18528.0,-56.995991
18530.0,-56.862507
18532.0,-56.725555
18534.0,-56.585136
18536.0,-56.44125
18538.0,-56.293896
18540.0,-56.143078
18542.0,-55.983646
18544.0,-55.796146
18546.0,-55.600178
18548.0,-55.395741
18550.0,-55.182838
18552.0,-54.961472
18554.0,-54.731636
18556.0,-54.493336
18558.0,-54.246571
18560.0,-53.991337
18562.0,-53.727634
18564.0,-53.444813
18566.0,-53.140411
18568.0,-52.817642
18570.0,-52.466526
18572.0,-52.091656
18574.0,-51.686882
18576.0,-51.242939
18578.0,-50.765583
18580.0,-50.234863
18582.0,-49.652142
18584.0,-49.015125
18586.0,-48.281963
18588.0,-47.473228
18590.0,-46.535343
18592.0,-45.425446
18594.0,-44.175999
18596.0,-42.705605
18598.0,-40.93779
18600.0,-38.752087
18602.0,-35.978752
18604.0,-32.427605
18606.0,-27.738897
18608.0,-21.677338
18610.0,-14.888701
18612.0,-9.1868858
18614.0,-6.3962708
18616.0,-6.6466346
18618.0,-9.1573334
18620.0,-13.073718
18622.0,-17.629946
18624.0,-22.244841
18626.0,-26.656237
18628.0,-30.72459
18630.0,-34.446365
18632.0,-37.82457
18634.0,-40.864655
18636.0,-43.584496
18638.0,-46.00531
18640.0,-48.146797
18642.0,-50.029823
18644.0,-51.690384
18646.0,-53.13261
18648.0,-54.405792
18650.0,-55.507797
18652.0,-56.457314
18654.0,-57.294022
18656.0,-58.026833
18658.0,-58.666985
18660.0,-59.219868
18662.0,-59.704937
18664.0,-60.1306
18666.0,-60.506378
18668.0,-60.84594
18670.0,-61.144436
18672.0,-61.409092
18674.0,-61.648769
18676.0,-61.861317
18678.0,-62.054005
18680.0,-62.2304
18682.0,-62.386845
18684.0,-62.528549
18686.0,-62.657188
18688.0,-62.772949
18690.0,-62.878338
18692.0,-62.973083
18694.0,-63.056782
18696.0,-63.132072
18698.0,-63.200302
18700.0,-63.262829
18702.0,-63.317799
18704.0,-63.365929
18706.0,-63.409184
18708.0,-63.448418
18710.0,-63.484489
18712.0,-63.513836
18714.0,-63.538399
18716.0,-63.559204
18718.0,-63.576759
18720.0,-63.591583
18722.0,-63.604233
18724.0,-63.615292
18726.0,-63.625366
18728.0,-63.632034
18730.0,-63.634968
18732.0,-63.636135
18734.0,-63.63578
18736.0,-63.634151
18738.0,-63.631485
18740.0,-63.628017
18742.0,-63.623989
18744.0,-63.618916
18746.0,-63.611492
18748.0,-63.603004
18750.0,-63.593456
18752.0,-63.582855
18754.0,-63.571171
18756.0,-63.558372
18758.0,-63.544403
18760.0,-63.529232
18762.0,-63.513847
18764.0,-63.497524
18766.0,-63.480232
18768.0,-63.461926
18770.0,-63.442551
18772.0,-63.422043
18774.0,-63.400333
18776.0,-63.377327
18778.0,-63.354176
18780.0,-63.330521
18782.0,-63.306087
18784.0,-63.280888
18786.0,-63.254929
18788.0,-63.22823
18790.0,-63.200798
18792.0,-63.172646
18794.0,-63.144089
18796.0,-63.115273
18798.0,-63.085934
18800.0,-63.056087
18802.0,-63.025753
18804.0,-62.994946
18806.0,-62.963684
18808.0,-62.931984
18810.0,-62.899864
18812.0,-62.867336
18814.0,-62.834419
18816.0,-62.801132
18818.0,-62.76749
18820.0,-62.733513
18822.0,-62.699215
18824.0,-62.664608
18826.0,-62.629719
18828.0,-62.594555
18830.0,-62.559139
18832.0,-62.523487
18834.0,-62.487221
18836.0,-62.450409
18838.0,-62.413303
18840.0,-62.375923
18842.0,-62.33828
18844.0,-62.300381
18846.0,-62.262241
18848.0,-62.223873
18850.0,-62.185287
18852.0,-62.1465
18854.0,-62.107517
18856.0,-62.068352
18858.0,-62.029018
18860.0,-61.989529
18862.0,-61.949894
18864.0,-61.910126
18866.0,-61.870239
18868.0,-61.830242
18870.0,-61.790146
18872.0,-61.749969
18874.0,-61.708752
18876.0,-61.666874
18878.0,-61.624729
18880.0,-61.582325
18882.0,-61.539661
18884.0,-61.496735
18886.0,-61.453556
18888.0,-61.410118
18890.0,-61.366432
18892.0,-61.322495
18894.0,-61.278309
18896.0,-61.233875
18898.0,-61.189198
18900.0,-61.144276
18902.0,-61.099117
18904.0,-61.053719
18906.0,-61.008083
18908.0,-60.962215
18910.0,-60.916111
18912.0,-60.869781
18914.0,-60.822071
18916.0,-60.773643
18918.0,-60.724762
18920.0,-60.675426
18922.0,-60.625626
18924.0,-60.575352
18926.0,-60.524593
18928.0,-60.473343
18930.0,-60.421597
18932.0,-60.369343
18934.0,-60.31657
18936.0,-60.263279
18938.0,-60.20945
18940.0,-60.155083
18942.0,-60.100166
18944.0,-60.044693
18946.0,-59.988655
18948.0,-59.932041
18950.0,-59.874844
18952.0,-59.817059
18954.0,-59.756077
18956.0,-59.693722
18958.0,-59.63026
18960.0,-59.565655
18962.0,-59.499863
18964.0,-59.432854
18966.0,-59.364586
18968.0,-59.295021
18970.0,-59.224121
18972.0,-59.151848
18974.0,-59.078156
18976.0,-59.00301
18978.0,-58.926365
18980.0,-58.848183
18982.0,-58.768425
18984.0,-58.687038
18986.0,-58.603992
18988.0,-58.519238
18990.0,-58.432732
18992.0,-58.344429
18994.0,-58.254288
18996.0,-58.162258
18998.0,-58.068302
19000.0,-57.97237
19002.0,-57.874413
19004.0,-57.774372
19006.0,-57.671394
19008.0,-57.565578
19010.0,-57.456772
19012.0,-57.344826
19014.0,-57.229576
19016.0,-57.110851
19018.0,-56.988258
19020.0,-56.861488
19022.0,-56.730427
19024.0,-56.594822
19026.0,-56.454418
19028.0,-56.308949
19030.0,-56.157791
19032.0,-55.997002
19034.0,-55.828518
19036.0,-55.651833
19038.0,-55.466419
19040.0,-55.271763
19042.0,-55.067337
19044.0,-54.852608
19046.0,-54.627045
19048.0,-54.390106
19050.0,-54.141251
19052.0,-53.879936
19054.0,-53.605606
19056.0,-53.317234
19058.0,-53.009705
19060.0,-52.681267
19062.0,-52.329548
19064.0,-51.950527
19066.0,-51.541218
19068.0,-51.098038
19070.0,-50.607189
19072.0,-50.061035
19074.0,-49.454857
19076.0,-48.78141
19078.0,-48.033241
19080.0,-47.202698
19082.0,-46.244774
19084.0,-45.138294
19086.0,-43.857933
19088.0,-42.308872
19090.0,-40.390602
19092.0,-38.033569
19094.0,-35.080948
19096.0,-31.227085
19098.0,-26.236828
19100.0,-19.996532
19102.0,-13.240566
19104.0,-8.0131102
19106.0,-6.046885
19108.0,-7.0844059
19110.0,-10.133312
19112.0,-14.299785
19114.0,-18.919895
19116.0,-23.549679
19118.0,-27.925179
19120.0,-31.90538
19122.0,-35.499653
19124.0,-38.72179
19126.0,-41.618263
19128.0,-44.227306
19130.0,-46.566166
19132.0,-48.643513
19134.0,-50.470089
19136.0,-52.069656
19138.0,-53.460281
19140.0,-54.665699
19142.0,-55.706055
19144.0,-56.611938
19146.0,-57.406452
19148.0,-58.098614
19150.0,-58.707485
19152.0,-59.253567
19154.0,-59.743546
19156.0,-60.171848
19158.0,-60.552456
19160.0,-60.904449
19162.0,-61.217205
19164.0,-61.478905
19166.0,-61.719856
19168.0,-61.956631
19170.0,-62.169743
19172.0,-62.360249
19174.0,-62.533791
19176.0,-62.687267
19178.0,-62.821938
19180.0,-62.940269
19182.0,-63.048122
19184.0,-63.143967
19186.0,-63.228451
19188.0,-63.302628
19190.0,-63.369343
19192.0,-63.428425
19194.0,-63.48085
19196.0,-63.527592
19198.0,-63.567902
19200.0,-63.603283
19202.0,-63.634548
19204.0,-63.662449
19206.0,-63.684937
19208.0,-63.70285
19210.0,-63.717567
19212.0,-63.729656
19214.0,-63.739685
19216.0,-63.748222
19218.0,-63.755833
19220.0,-63.758121
19222.0,-63.75845
19224.0,-63.757183
19226.0,-63.754623
19228.0,-63.751068
19230.0,-63.746811
19232.0,-63.741505
19234.0,-63.733185
19236.0,-63.723667
19238.0,-63.713074
19240.0,-63.70153
19242.0,-63.689156
19244.0,-63.676075
19246.0,-63.661819
19248.0,-63.646084
19250.0,-63.629421
19252.0,-63.611877
19254.0,-63.593506
19256.0,-63.574356
19258.0,-63.554478
19260.0,-63.533531
19262.0,-63.511673
19264.0,-63.489056
19266.0,-63.465725
19268.0,-63.441719
19270.0,-63.41708
19272.0,-63.391846
19274.0,-63.366058
19276.0,-63.339756
19278.0,-63.312981
19280.0,-63.285774
19282.0,-63.25729
19284.0,-63.228043
19286.0,-63.198254
19288.0,-63.167965
19290.0,-63.137207
19292.0,-63.10601
19294.0,-63.074413
19296.0,-63.042446
19298.0,-63.010139
19300.0,-62.977531
19302.0,-62.944653
19304.0,-62.911537
19306.0,-62.87822
19308.0,-62.84473
19310.0,-62.811104
19312.0,-62.777374
19314.0,-62.743572
19316.0,-62.709736
19318.0,-62.675892
19320.0,-62.640503
19322.0,-62.604038
19324.0,-62.567284
19326.0,-62.530251
19328.0,-62.49295
19330.0,-62.455402
19332.0,-62.417618
19334.0,-62.379612
19336.0,-62.341404
19338.0,-62.303001
19340.0,-62.264423
19342.0,-62.225685
19344.0,-62.186794
19346.0,-62.147774
19348.0,-62.108635
19350.0,-62.069389
19352.0,-62.030056
19354.0,-61.990646
19356.0,-61.95118
19358.0,-61.910973
19360.0,-61.869911
19362.0,-61.828609
19364.0,-61.787071
19366.0,-61.745308
19368.0,-61.703316
19370.0,-61.661102
19372.0,-61.618668
19374.0,-61.576023
19376.0,-61.533169
19378.0,-61.490105
19380.0,-61.446838
19382.0,-61.403374
19384.0,-61.359715
19386.0,-61.315865
19388.0,-61.271824
19390.0,-61.227604
19392.0,-61.183201
19394.0,-61.138626
19396.0,-61.093418
19398.0,-61.047085
19400.0,-61.000378
19402.0,-60.953293
19404.0,-60.905819
19406.0,-60.857956
19408.0,-60.809696
19410.0,-60.761028
19412.0,-60.711952
19414.0,-60.662457
19416.0,-60.612541
19418.0,-60.562195
19420.0,-60.51141
19422.0,-60.460182
19424.0,-60.408508
19426.0,-60.356377
19428.0,-60.303787
19430.0,-60.250729
19432.0,-60.197193
19434.0,-60.142891
19436.0,-60.086918
19438.0,-60.030228
19440.0,-59.972805
19442.0,-59.914635
19444.0,-59.855701
19446.0,-59.795982
19448.0,-59.735466
19450.0,-59.674133
19452.0,-59.611965
19454.0,-59.548946
19456.0,-59.485062
19458.0,-59.420288
19460.0,-59.354614
19462.0,-59.288021
19464.0,-59.22049
19466.0,-59.152004
19468.0,-59.08255
19470.0,-59.012104
19472.0,-58.940479
19474.0,-58.865074
19476.0,-58.788189
19478.0,-58.709778
19480.0,-58.629803
19482.0,-58.548229
19484.0,-58.465012
19486.0,-58.380116
19488.0,-58.293499
19490.0,-58.205128
19492.0,-58.114956
19494.0,-58.022945
19496.0,-57.929062
19498.0,-57.833263
19500.0,-57.735508
19502.0,-57.635761
19504.0,-57.533981
19506.0,-57.43013
19508.0,-57.324169
19510.0,-57.216057
19512.0,-57.098072
19514.0,-56.975151
19516.0,-56.847687
19518.0,-56.715462
19520.0,-56.578259
19522.0,-56.435852
19524.0,-56.288029
19526.0,-56.134563
19528.0,-55.975243
19530.0,-55.809845
19532.0,-55.638149
19534.0,-55.449898
19536.0,-55.247097
19538.0,-55.033234
19540.0,-54.807766
19542.0,-54.57016
19544.0,-54.319878
19546.0,-54.056385
19548.0,-53.779137
19550.0,-53.487598
19552.0,-53.181236
19554.0,-52.859512
19556.0,-52.518707
19558.0,-52.151493
19560.0,-51.757423
19562.0,-51.330627
19564.0,-50.865963
19566.0,-50.36079
19568.0,-49.792614
19570.0,-49.158016
19572.0,-48.453144
19574.0,-47.671734
19576.0,-46.784058
19578.0,-45.760166
19580.0,-44.590523
19582.0,-43.16898
19584.0,-41.471855
19586.0,-39.439129
19588.0,-36.889812
19590.0,-33.602455
19592.0,-29.313019
19594.0,-23.716448
19596.0,-17.035603
19598.0,-10.724337
19600.0,-6.8216763
19602.0,-6.1790233
19604.0,-8.1582212
19606.0,-11.785743
19608.0,-16.236845
19610.0,-20.902298
19612.0,-25.4076
19614.0,-29.567879
19616.0,-33.346096
19618.0,-36.766266
19620.0,-39.858765
19622.0,-42.638767
19624.0,-45.129887
19626.0,-47.339401
19628.0,-49.291534
19630.0,-51.012775
19632.0,-52.513592
19634.0,-53.839451
19636.0,-54.983627
19638.0,-55.999947
19640.0,-56.868835
19642.0,-57.622387
19644.0,-58.248539
19646.0,-58.837963
19648.0,-59.35762
19650.0,-59.810123
19652.0,-60.195099
19654.0,-60.528118
19656.0,-60.811867
19658.0,-61.062965
19660.0,-61.294025
19662.0,-61.503345
19664.0,-61.699867
19666.0,-61.877522
19668.0,-62.03265
19670.0,-62.168037
19672.0,-62.288769
19674.0,-62.391449
19676.0,-62.476078
19678.0,-62.553204
19680.0,-62.638378
19682.0,-62.718636
19684.0,-62.793972
19686.0,-62.86372
19688.0,-62.927608
19690.0,-62.986038
19692.0,-63.039009
19694.0,-63.079716
19696.0,-63.109238
19698.0,-63.12933
19700.0,-63.139999
19702.0,-63.143398
19704.0,-63.138458
19706.0,-63.125065
19708.0,-63.106663
19710.0,-63.113544
19712.0,-63.12669
19714.0,-63.146095
19716.0,-63.168175
19718.0,-63.184547
19720.0,-63.201443
19722.0,-63.218864
19724.0,-63.227585
19726.0,-63.220577
19728.0,-63.205299
19730.0,-63.181747
19732.0,-63.159863
19734.0,-63.140079
19736.0,-63.118626
19738.0,-63.095493
19740.0,-63.086243
19742.0,-63.085159
19744.0,-63.090187
19746.0,-63.101185
19748.0,-63.114048
19750.0,-63.131233
19752.0,-63.152737
19754.0,-63.171066
19756.0,-63.157612
19758.0,-63.131908
19760.0,-63.093956
19762.0,-63.057423
19764.0,-63.03965
19766.0,-63.025497
19768.0,-63.014957
19770.0,-63.005741
19772.0,-62.997162
19774.0,-62.990444
19776.0,-62.985584
19778.0,-62.970474
19780.0,-62.947697
19782.0,-62.919983
19784.0,-62.887333
19786.0,-62.847206
19788.0,-62.800953
19790.0,-62.748657
19792.0,-62.694027
19794.0,-62.662781
19796.0,-62.63847
19798.0,-62.621101
19800.0,-62.607586
19802.0,-62.591686
19804.0,-62.578194
19806.0,-62.567104
19808.0,-62.547806
19810.0,-62.513577
19812.0,-62.472179
19814.0,-62.423615
19816.0,-62.376225
19818.0,-62.329803
19820.0,-62.281517
19822.0,-62.231377
19824.0,-62.187382
19826.0,-62.146252
19828.0,-62.107136
19830.0,-62.069836
19832.0,-62.03091
19834.0,-61.992443
19836.0,-61.954437
19838.0,-61.916664
19840.0,-61.878387
19842.0,-61.840122
19844.0,-61.801868
19846.0,-61.762062
19848.0,-61.720211
19850.0,-61.67836
19852.0,-61.636509
19854.0,-61.594658
19856.0,-61.552807
19858.0,-61.510956
19860.0,-61.469105
19862.0,-61.427254
19864.0,-61.385403
19866.0,-61.343552
19868.0,-61.301697
19870.0,-61.259846
19872.0,-61.217915
19874.0,-61.171082
19876.0,-61.124252
19878.0,-61.077423
19880.0,-61.03059
19882.0,-60.983761
19884.0,-60.936932
19886.0,-60.890099
19888.0,-60.843269
19890.0,-60.79644
19892.0,-60.749607
19894.0,-60.702778
19896.0,-60.655949
19898.0,-60.609116
19900.0,-60.559673
19902.0,-60.508156
19904.0,-60.456226
19906.0,-60.403877
19908.0,-60.351116
19910.0,-60.297939
19912.0,-60.24435
19914.0,-60.190342
19916.0,-60.135921
19918.0,-60.081085
19920.0,-60.025833
19922.0,-59.970169
19924.0,-59.914085
19926.0,-59.85759
19928.0,-59.800678
19930.0,-59.743355
19932.0,-59.685612
19934.0,-59.627457
19936.0,-59.568886
19938.0,-59.509899
19940.0,-59.44857
19942.0,-59.379242
19944.0,-59.308628
19946.0,-59.236725
19948.0,-59.163536
19950.0,-59.089062
19952.0,-59.013298
19954.0,-58.936249
19956.0,-58.85791
19958.0,-58.778286
19960.0,-58.697376
19962.0,-58.615177
19964.0,-58.531693
19966.0,-58.446918
19968.0,-58.360859
19970.0,-58.273514
19972.0,-58.184883
19974.0,-58.094963
19976.0,-58.003754
19978.0,-57.911259
19980.0,-57.817478
19982.0,-57.718758
19984.0,-57.616634
19986.0,-57.511738
19988.0,-57.404068
19990.0,-57.293621
19992.0,-57.17865
19994.0,-57.059555
19996.0,-56.936863
19998.0,-56.810581
20000.0,-56.680702
20002.0,-56.540962
20004.0,-56.392326
20006.0,-56.237991
20008.0,-56.077957
20010.0,-55.91222
20012.0,-55.740784
20014.0,-55.563644
20016.0,-55.380806
20018.0,-55.192268
20020.0,-54.97039
20022.0,-54.734585
20024.0,-54.486874
20026.0,-54.227261
20028.0,-53.955738
20030.0,-53.672314
20032.0,-53.376984
20034.0,-53.069752
20036.0,-52.748009
20038.0,-52.398525
20040.0,-52.026611
20042.0,-51.620422
20044.0,-51.184437
20046.0,-50.704754
20048.0,-50.183018
20050.0,-49.601303
20052.0,-48.948246
20054.0,-48.225002
20056.0,-47.420013
20058.0,-46.463665
20060.0,-45.368221
20062.0,-44.117378
20064.0,-42.653198
20066.0,-40.889412
20068.0,-38.699528
20070.0,-35.948803
20072.0,-32.330181
20074.0,-27.634987
20076.0,-21.665213
20078.0,-14.886743
20080.0,-9.2019491
20082.0,-6.3339357
20084.0,-6.555531
20086.0,-9.1400833
20088.0,-13.145937
20090.0,-17.760153
20092.0,-22.394402
20094.0,-26.775558
20096.0,-30.826616
20098.0,-34.534142
20100.0,-37.902042
20102.0,-40.94305
20104.0,-43.663376
20106.0,-46.077415
20108.0,-48.208981
20110.0,-50.082642
20112.0,-51.724194
20114.0,-53.162621
20116.0,-54.419945
20118.0,-55.523304
20120.0,-56.488663
20122.0,-57.334435
20124.0,-58.076694
20126.0,-58.728851
20128.0,-59.303116
20130.0,-59.809017
20132.0,-60.253773
20134.0,-60.646339
20136.0,-60.998299
20138.0,-61.311794
20140.0,-61.59037
20142.0,-61.841137
20144.0,-62.064644
20146.0,-62.261883
20148.0,-62.438503
20150.0,-62.600807
20152.0,-62.748253
20154.0,-62.882427
20156.0,-63.002911
20158.0,-63.110489
20160.0,-63.204819
20162.0,-63.291836
20164.0,-63.373043
20166.0,-63.446255
20168.0,-63.510712
20170.0,-63.56509
20172.0,-63.607491
20174.0,-63.649986
20176.0,-63.69067
20178.0,-63.7253
20180.0,-63.753033
20182.0,-63.772713
20184.0,-63.782894
20186.0,-63.798683
20188.0,-63.817089
20190.0,-63.835819
20192.0,-63.855793
20194.0,-63.87796
20196.0,-63.903275
20198.0,-63.917191
20200.0,-63.923222
20202.0,-63.92165
20204.0,-63.910458
20206.0,-63.887367
20208.0,-63.849857
20210.0,-63.819973
20212.0,-63.788342
20214.0,-63.753815
20216.0,-63.717419
20218.0,-63.680309
20220.0,-63.643814
20222.0,-63.604111
20224.0,-63.56461
20226.0,-63.526432
20228.0,-63.490597
20230.0,-63.458172
20232.0,-63.430244
20234.0,-63.396595
20236.0,-63.363129
20238.0,-63.329498
20240.0,-63.295258
20242.0,-63.259869
20244.0,-63.223141
20246.0,-63.193439
20248.0,-63.166252
20250.0,-63.142109
20252.0,-63.121574
20254.0,-63.105267
20256.0,-63.092636
20258.0,-63.072163
20260.0,-63.049564
20262.0,-63.023567
20264.0,-62.992733
20266.0,-62.955482
20268.0,-62.91325
20270.0,-62.884373
20272.0,-62.858532
20274.0,-62.837208
20276.0,-62.822067
20278.0,-62.814976
20280.0,-62.814014
20282.0,-62.803822
20284.0,-62.794094
20286.0,-62.784012
20288.0,-62.772629
20290.0,-62.758865
20292.0,-62.743271
20294.0,-62.730179
20296.0,-62.715771
20298.0,-62.699654
20300.0,-62.681435
20302.0,-62.660686
20304.0,-62.637779
20306.0,-62.614212
20308.0,-62.588699
20310.0,-62.561218
20312.0,-62.531761
20314.0,-62.500362
20316.0,-62.467255
20318.0,-62.432854
20320.0,-62.397129
20322.0,-62.360291
20324.0,-62.322601
20326.0,-62.284344
20328.0,-62.244755
20330.0,-62.202908
20332.0,-62.160095
20334.0,-62.116531
20336.0,-62.072456
20338.0,-62.028149
20340.0,-61.983906
20342.0,-61.940071
20344.0,-61.897003
20346.0,-61.85416
20348.0,-61.807785
20350.0,-61.761158
20352.0,-61.714397
20354.0,-61.667633
20356.0,-61.620991
20358.0,-61.574619
20360.0,-61.528667
20362.0,-61.483292
20364.0,-61.438671
20366.0,-61.392151
20368.0,-61.345505
20370.0,-61.298832
20372.0,-61.252136
20374.0,-61.20541
20376.0,-61.158646
20378.0,-61.111839
20380.0,-61.064972
20382.0,-61.018024
20384.0,-60.970753
20386.0,-60.923161
20388.0,-60.875275
20390.0,-60.827034
20392.0,-60.778381
20394.0,-60.729248
20396.0,-60.679565
20398.0,-60.629261
20400.0,-60.578251
20402.0,-60.527271
20404.0,-60.476662
20406.0,-60.425644
20408.0,-60.374172
20410.0,-60.322189
20412.0,-60.26963
20414.0,-60.216431
20416.0,-60.162514
20418.0,-60.107803
20420.0,-60.052212
20422.0,-59.995651
20424.0,-59.938026
20426.0,-59.87923
20428.0,-59.819164
20430.0,-59.757706
20432.0,-59.694744
20434.0,-59.630154
20436.0,-59.566536
20438.0,-59.503128
20440.0,-59.438675
20442.0,-59.373119
20444.0,-59.3064
20446.0,-59.238457
20448.0,-59.16922
20450.0,-59.098629
20452.0,-59.026608
20454.0,-58.953083
20456.0,-58.877979
20458.0,-58.80122
20460.0,-58.722721
20462.0,-58.642403
20464.0,-58.560169
20466.0,-58.475941
20468.0,-58.389618
20470.0,-58.301094
20472.0,-58.210285
20474.0,-58.117085
20476.0,-58.021393
20478.0,-57.9231
20480.0,-57.822105
20482.0,-57.718288
20484.0,-57.611538
20486.0,-57.50174
20488.0,-57.388771
20490.0,-57.272511
20492.0,-57.152832
20494.0,-57.02961
20496.0,-56.90271
20498.0,-56.772003
20500.0,-56.637348
20502.0,-56.498417
20504.0,-56.348095
20506.0,-56.191826
20508.0,-56.029312
20510.0,-55.860249
20512.0,-55.68433
20514.0,-55.501228
20516.0,-55.310627
20518.0,-55.112179
20520.0,-54.905548
20522.0,-54.69038
20524.0,-54.466309
20526.0,-54.232971
20528.0,-53.98999
20530.0,-53.736977
20532.0,-53.473537
20534.0,-53.199276
20536.0,-52.912071
20538.0,-52.598499
20540.0,-52.256763
20542.0,-51.883011
20544.0,-51.473152
20546.0,-51.02422
20548.0,-50.531433
20550.0,-49.99036
20552.0,-49.396366
20554.0,-48.72541
20556.0,-47.968266
20558.0,-47.115791
20560.0,-46.154514
20562.0,-45.01659
20564.0,-43.639618
20566.0,-42.002518
20568.0,-40.055607
20570.0,-37.683811
20572.0,-34.604893
20574.0,-30.634203
20576.0,-25.516891
20578.0,-19.146259
20580.0,-12.474652
20582.0,-7.5674129
20584.0,-6.006052
20586.0,-7.340858
20588.0,-10.569619
20590.0,-14.829889
20592.0,-19.460611
20594.0,-24.008526
20596.0,-28.216154
20598.0,-31.990204
20600.0,-35.331856
20602.0,-38.278248
20604.0,-40.904198
20606.0,-43.212563
20608.0,-45.332706
20610.0,-47.281956
20612.0,-49.020126
20614.0,-50.557858
20616.0,-51.921955
20618.0,-53.120113
20620.0,-54.132771
20622.0,-55.027908
20624.0,-55.825436
20626.0,-56.533321
20628.0,-57.153107
20630.0,-57.720654
20632.0,-58.243076
20634.0,-58.693012
20636.0,-59.098289
20638.0,-59.466766
20640.0,-59.804245
20642.0,-60.104671
20644.0,-60.376175
20646.0,-60.614315
20648.0,-60.824459
20650.0,-61.010468
20652.0,-61.175667
20654.0,-61.335056
20656.0,-61.49334
20658.0,-61.630997
20660.0,-61.750713
20662.0,-61.860115
20664.0,-61.960941
20666.0,-62.060104
20668.0,-62.164074
20670.0,-62.26025
20672.0,-62.332806
20674.0,-62.392029
20676.0,-62.454498
20678.0,-62.518414
20680.0,-62.586124
20682.0,-62.655323
20684.0,-62.69743
20686.0,-62.715698
20688.0,-62.749863
20690.0,-62.797344
20692.0,-62.842079
20694.0,-62.889759
20696.0,-62.914188
20698.0,-62.907345
20700.0,-62.902107
20702.0,-62.913448
20704.0,-62.925213
20706.0,-62.926506
20708.0,-62.934948
20710.0,-62.95763
20712.0,-62.986179
20714.0,-63.015442
20716.0,-63.019073
20718.0,-63.013165
20720.0,-62.997707
20722.0,-62.999451
20724.0,-63.012424
20726.0,-63.031715
20728.0,-63.049034
20730.0,-63.054081
20732.0,-63.055168
20734.0,-63.051849
20736.0,-63.031372
20738.0,-63.000824
20740.0,-62.960205
20742.0,-62.936375
20744.0,-62.932999
20746.0,-62.939678
20748.0,-62.947647
20750.0,-62.931973
20752.0,-62.909157
20754.0,-62.879196
20756.0,-62.87151
20758.0,-62.874599
20760.0,-62.88588
20762.0,-62.883904
20764.0,-62.853745
20766.0,-62.81041
20768.0,-62.759441
20770.0,-62.744709
20772.0,-62.740448
20774.0,-62.746655
20776.0,-62.728447
20778.0,-62.689507
20780.0,-62.638577
20782.0,-62.590759
20784.0,-62.571594
20786.0,-62.562206
20788.0,-62.562599
20790.0,-62.530998
20792.0,-62.489441
20794.0,-62.43832
20796.0,-62.394871
20798.0,-62.364491
20800.0,-62.338799
20802.0,-62.318462
20804.0,-62.306099
20806.0,-62.300056
20808.0,-62.300343
20810.0,-62.277382
20812.0,-62.239937
20814.0,-62.192207
20816.0,-62.14579
20818.0,-62.112183
20820.0,-62.081375
20822.0,-62.053303
20824.0,-62.027084
20826.0,-62.003227
20828.0,-61.981724
20830.0,-61.955967
20832.0,-61.925758
20834.0,-61.893265
20836.0,-61.856789
20838.0,-61.812454
20840.0,-61.762939
20842.0,-61.708241
20844.0,-61.663284
20846.0,-61.621349
20848.0,-61.581631
20850.0,-61.542206
20852.0,-61.502068
20854.0,-61.462379
20856.0,-61.422832
20858.0,-61.381897
20860.0,-61.340801
20862.0,-61.299549
20864.0,-61.258137
20866.0,-61.216564
20868.0,-61.171703
20870.0,-61.122887
20872.0,-61.074066
20874.0,-61.025249
20876.0,-60.976433
20878.0,-60.927612
20880.0,-60.878796
20882.0,-60.829975
20884.0,-60.781158
20886.0,-60.732342
20888.0,-60.683521
20890.0,-60.634705
20892.0,-60.585884
20894.0,-60.537067
20896.0,-60.488251
20898.0,-60.429623
20900.0,-60.370014
20902.0,-60.310406
20904.0,-60.250801
20906.0,-60.191193
20908.0,-60.131588
20910.0,-60.07198
20912.0,-60.012371
20914.0,-59.952766
20916.0,-59.893158
20918.0,-59.833553
20920.0,-59.773945
20922.0,-59.714336
20924.0,-59.654732
20926.0,-59.587761
20928.0,-59.508461
20930.0,-59.429161
20932.0,-59.349865
20934.0,-59.270565
20936.0,-59.191269
20938.0,-59.111969
20940.0,-59.032673
20942.0,-58.953373
20944.0,-58.874073
20946.0,-58.794777
20948.0,-58.715477
20950.0,-58.636181
20952.0,-58.556881
20954.0,-58.477585
20956.0,-58.391064
20958.0,-58.303154
20960.0,-58.215244
20962.0,-58.125294
20964.0,-58.028469
20966.0,-57.931644
20968.0,-57.83482
20970.0,-57.731403
20972.0,-57.623943
20974.0,-57.516487
20976.0,-57.408913
20978.0,-57.288578
20980.0,-57.165398
20982.0,-57.039368
20984.0,-56.910496
20986.0,-56.778774
20988.0,-56.644207
20990.0,-56.506798
20992.0,-56.366539
20994.0,-56.21101
20996.0,-56.049633
20998.0,-55.882603
21000.0,-55.709919
21002.0,-55.531582
21004.0,-55.347591
21006.0,-55.157951
21008.0,-54.962658
21010.0,-54.731743
21012.0,-54.486938
21014.0,-54.229496
21016.0,-53.959419
21018.0,-53.676701
21020.0,-53.381344
21022.0,-53.073349
21024.0,-52.752716
21026.0,-52.399151
21028.0,-52.020672
21030.0,-51.618462
21032.0,-51.169338
21034.0,-50.681847
21036.0,-50.157673
21038.0,-49.558372
21040.0,-48.897072
21042.0,-48.177128
21044.0,-47.311378
21046.0,-46.32711
21048.0,-45.233265
21050.0,-43.964458
21052.0,-42.464561
21054.0,-40.652439
21056.0,-38.401909
21058.0,-35.541016
21060.0,-31.869553
21062.0,-27.01951
21064.0,-20.849094
21066.0,-14.065631
21068.0,-8.6987925
21070.0,-6.3318057
21072.0,-6.9204259
21074.0,-9.6900005
21076.0,-13.737221
21078.0,-18.315161
21080.0,-22.891777
21082.0,-27.218611
21084.0,-31.21331
21086.0,-34.864819
21088.0,-38.180073
21090.0,-41.168903
21092.0,-43.840416
21094.0,-46.221745
21096.0,-48.320503
21098.0,-50.184349
21100.0,-51.811523
21102.0,-53.251301
21104.0,-54.500225
21106.0,-55.6068
21108.0,-56.564465
21110.0,-57.381203
21112.0,-58.111656
21114.0,-58.756699
21116.0,-59.331825
21118.0,-59.830387
21120.0,-60.251675
21122.0,-60.614159
21124.0,-60.929279
21126.0,-61.215893
21128.0,-61.480854
21130.0,-61.735329
21132.0,-61.944565
21134.0,-62.123909
21136.0,-62.277874
21138.0,-62.418159
21140.0,-62.555447
21142.0,-62.690704
21144.0,-62.822903
21146.0,-62.926502
21148.0,-63.013485
21150.0,-63.082573
21152.0,-63.155132
21154.0,-63.229324
21156.0,-63.306736
21158.0,-63.376892
21160.0,-63.428398
21162.0,-63.466778
21164.0,-63.493904
21166.0,-63.53059
21168.0,-63.570023
21170.0,-63.615013
21172.0,-63.646572
21174.0,-63.666508
21176.0,-63.675274
21178.0,-63.681278
21180.0,-63.695633
21182.0,-63.714306
21184.0,-63.736897
21186.0,-63.744621
21188.0,-63.744427
21190.0,-63.734406
21192.0,-63.729652
21194.0,-63.730347
21196.0,-63.736092
21198.0,-63.740757
21200.0,-63.734299
21202.0,-63.720795
21204.0,-63.700287
21206.0,-63.688766
21208.0,-63.680683
21210.0,-63.677814
21212.0,-63.668713
21214.0,-63.652409
21216.0,-63.629803
21218.0,-63.605293
21220.0,-63.587624
21222.0,-63.573486
21224.0,-63.563374
21226.0,-63.544319
21228.0,-63.520962
21230.0,-63.492016
21232.0,-63.465748
21234.0,-63.443726
21236.0,-63.425083
21238.0,-63.407787
21240.0,-63.386429
21242.0,-63.363464
21244.0,-63.338409
21246.0,-63.313507
21248.0,-63.287537
21250.0,-63.260433
21252.0,-63.234379
21254.0,-63.208496
21256.0,-63.181961
21258.0,-63.154774
21260.0,-63.126938
21262.0,-63.098454
21264.0,-63.069317
21266.0,-63.039528
21268.0,-63.00909
21270.0,-62.978004
21272.0,-62.946266
21274.0,-62.913876
21276.0,-62.881989
21278.0,-62.849941
21280.0,-62.817467
21282.0,-62.784573
21284.0,-62.751255
21286.0,-62.71751
21288.0,-62.683342
21290.0,-62.64875
21292.0,-62.613735
21294.0,-62.578293
21296.0,-62.542431
21298.0,-62.506142
21300.0,-62.470276
21302.0,-62.434185
21304.0,-62.397766
21306.0,-62.361023
21308.0,-62.323952
21310.0,-62.286556
21312.0,-62.248829
21314.0,-62.210777
21316.0,-62.172398
21318.0,-62.133694
21320.0,-62.094658
21322.0,-62.055298
21324.0,-62.01561
21326.0,-61.975597
21328.0,-61.935257
21330.0,-61.894588
21332.0,-61.853592
21334.0,-61.812271
21336.0,-61.770618
21338.0,-61.728649
21340.0,-61.686348
21342.0,-61.643723
21344.0,-61.600773
21346.0,-61.557491
21348.0,-61.513889
21350.0,-61.469955
21352.0,-61.425697
21354.0,-61.381111
21356.0,-61.336201
21358.0,-61.290962
21360.0,-61.245396
21362.0,-61.199505
21364.0,-61.15329
21366.0,-61.106743
21368.0,-61.059872
21370.0,-61.012672
21372.0,-60.965149
21374.0,-60.91711
21376.0,-60.868214
21378.0,-60.818874
21380.0,-60.769089
21382.0,-60.718864
21384.0,-60.668194
21386.0,-60.617081
21388.0,-60.565525
21390.0,-60.513527
21392.0,-60.461082
21394.0,-60.408199
21396.0,-60.354347
21398.0,-60.299416
21400.0,-60.243858
21402.0,-60.187679
21404.0,-60.130875
21406.0,-60.073444
21408.0,-60.015388
21410.0,-59.956711
21412.0,-59.897408
21414.0,-59.837482
21416.0,-59.776928
21418.0,-59.712116
21420.0,-59.644909
21422.0,-59.576576
21424.0,-59.507118
21426.0,-59.436535
21428.0,-59.364822
21430.0,-59.291985
21432.0,-59.218021
21434.0,-59.142933
21436.0,-59.066719
21438.0,-58.98938
21440.0,-58.910912
21442.0,-58.831318
21444.0,-58.750603
21446.0,-58.668755
21448.0,-58.585785
21450.0,-58.50169
21452.0,-58.416466
21454.0,-58.330116
21456.0,-58.238949
21458.0,-58.143642
21460.0,-58.046127
21462.0,-57.946404
21464.0,-57.844467
21466.0,-57.740322
21468.0,-57.633968
21470.0,-57.525402
21472.0,-57.414627
21474.0,-57.301643
21476.0,-57.181969
21478.0,-57.055069
21480.0,-56.924397
21482.0,-56.789955
21484.0,-56.651745
21486.0,-56.509766
21488.0,-56.364014
21490.0,-56.214493
21492.0,-56.061203
21494.0,-55.90414
21496.0,-55.73093
21498.0,-55.534622
21500.0,-55.32925
21502.0,-55.114819
21504.0,-54.891323
21506.0,-54.658764
21508.0,-54.417145
21510.0,-54.166466
21512.0,-53.906723
21514.0,-53.637917
21516.0,-53.355145
21518.0,-53.047512
21520.0,-52.721004
21522.0,-52.367401
21524.0,-51.987743
21526.0,-51.579262
21528.0,-51.130539
21530.0,-50.647572
21532.0,-50.109295
21534.0,-49.516102
21536.0,-48.863293
21538.0,-48.117378
21540.0,-47.295284
21542.0,-46.324997
21544.0,-45.19915
21546.0,-43.92437
21548.0,-42.414516
21550.0,-40.585491
21552.0,-38.304497
21554.0,-35.403091
21556.0,-31.689449
21558.0,-26.773119
21560.0,-20.519482
21562.0,-13.761375
21564.0,-8.4954395
21566.0,-6.2679672
21568.0,-6.9762335
21570.0,-9.786624
21572.0,-13.859236
21574.0,-18.489521
21576.0,-23.182503
21578.0,-27.595766
21580.0,-31.631609
21582.0,-35.339363
21584.0,-38.713211
21586.0,-41.740795
21588.0,-44.438995
21590.0,-46.818069
21592.0,-48.927628
21594.0,-50.770046
21596.0,-52.385071
21598.0,-53.799637
21600.0,-55.039555
21602.0,-56.105133
21604.0,-57.027622
21606.0,-57.842728
21608.0,-58.55698
21610.0,-59.181408
21612.0,-59.713409
21614.0,-60.175163
21616.0,-60.579002
21618.0,-60.931892
21620.0,-61.248055
21622.0,-61.539272
21624.0,-61.786301
21626.0,-62.005669
21628.0,-62.203365
21630.0,-62.379982
21632.0,-62.54002
21634.0,-62.688553
21636.0,-62.822571
21638.0,-62.940536
21640.0,-63.046909
21642.0,-63.143112
21644.0,-63.230442
21646.0,-63.310516
21648.0,-63.383347
21650.0,-63.444729
21652.0,-63.498596
21654.0,-63.545864
21656.0,-63.58746
21658.0,-63.624191
21660.0,-63.656292
21662.0,-63.685024
21664.0,-63.711235
21666.0,-63.735775
21668.0,-63.7589
21670.0,-63.774597
21672.0,-63.786972
21674.0,-63.7962
21676.0,-63.802448
21678.0,-63.805927
21680.0,-63.809166
21682.0,-63.811241
21684.0,-63.812531
21686.0,-63.813423
21688.0,-63.814297
21690.0,-63.810299
21692.0,-63.803848
21694.0,-63.795052
21696.0,-63.783791
21698.0,-63.769962
21700.0,-63.757275
21702.0,-63.744591
21704.0,-63.731777
21706.0,-63.719128
21708.0,-63.706928
21710.0,-63.691486
21712.0,-63.673595
21714.0,-63.653824
21716.0,-63.632
21718.0,-63.607948
21720.0,-63.584896
21722.0,-63.562832
21724.0,-63.54105
21726.0,-63.519821
21728.0,-63.49942
21730.0,-63.476547
21732.0,-63.451527
21734.0,-63.425964
21736.0,-63.39986
21738.0,-63.373215
21740.0,-63.346027
21742.0,-63.318298
21744.0,-63.290031
21746.0,-63.261604
21748.0,-63.232746
21750.0,-63.203438
21752.0,-63.173679
21754.0,-63.143475
21756.0,-63.11282
21758.0,-63.081715
21760.0,-63.050442
21762.0,-63.019524
21764.0,-62.988251
21766.0,-62.956627
21768.0,-62.924644
21770.0,-62.892307
21772.0,-62.859615
21774.0,-62.826565
21776.0,-62.793163
21778.0,-62.759407
21780.0,-62.725292
21782.0,-62.690826
21784.0,-62.656002
21786.0,-62.620827
21788.0,-62.585293
21790.0,-62.549404
21792.0,-62.513161
21794.0,-62.476562
21796.0,-62.43961
21798.0,-62.402302
21800.0,-62.364639
21802.0,-62.326618
21804.0,-62.288616
21806.0,-62.2505
21808.0,-62.212086
21810.0,-62.173363
21812.0,-62.134338
21814.0,-62.095013
21816.0,-62.055378
21818.0,-62.015446
21820.0,-61.975204
21822.0,-61.934662
21824.0,-61.893818
21826.0,-61.852669
21828.0,-61.811214
21830.0,-61.769459
21832.0,-61.727398
21834.0,-61.685032
21836.0,-61.642365
21838.0,-61.599392
21840.0,-61.556118
21842.0,-61.512539
21844.0,-61.468658
21846.0,-61.424435
21848.0,-61.377373
21850.0,-61.329857
21852.0,-61.281887
21854.0,-61.233459
21856.0,-61.184582
21858.0,-61.13525
21860.0,-61.085461
21862.0,-61.035221
21864.0,-60.984524
21866.0,-60.933372
21868.0,-60.881767
21870.0,-60.829708
21872.0,-60.777195
21874.0,-60.724228
21876.0,-60.670807
21878.0,-60.616932
21880.0,-60.562603
21882.0,-60.507816
21884.0,-60.452579
21886.0,-60.396885
21888.0,-60.34074
21890.0,-60.284138
21892.0,-60.227081
21894.0,-60.169571
21896.0,-60.111607
21898.0,-60.053188
21900.0,-59.994316
21902.0,-59.93499
21904.0,-59.875206
21906.0,-59.814972
21908.0,-59.75428
21910.0,-59.693138
21912.0,-59.631538
21914.0,-59.567268
21916.0,-59.50177
21918.0,-59.43528
21920.0,-59.367794
21922.0,-59.299313
21924.0,-59.229839
21926.0,-59.15937
21928.0,-59.08791
21930.0,-59.014385
21932.0,-58.938889
21934.0,-58.862011
21936.0,-58.783749
21938.0,-58.704102
21940.0,-58.623074
21942.0,-58.540661
21944.0,-58.456863
21946.0,-58.36937
21948.0,-58.27523
21950.0,-58.178696
21952.0,-58.079769
21954.0,-57.978451
21956.0,-57.874733
21958.0,-57.768627
21960.0,-57.660122
21962.0,-57.549225
21964.0,-57.435936
21966.0,-57.320251
21968.0,-57.202171
21970.0,-57.081699
21972.0,-56.958508
21974.0,-56.809635
21976.0,-56.655079
21978.0,-56.494839
21980.0,-56.328911
21982.0,-56.157303
21984.0,-55.980007
21986.0,-55.797028
21988.0,-55.60836
21990.0,-55.414013
21992.0,-55.213978
21994.0,-55.008259
21996.0,-54.796856
21998.0,-54.579769
22000.0,-54.347584
22002.0,-54.09985
22004.0,-53.839691
22006.0,-53.563721
22008.0,-53.265968
22010.0,-52.950752
22012.0,-52.617588
22014.0,-52.248371
22016.0,-51.853012
22018.0,-51.431515
22020.0,-50.964081
22022.0,-50.45026
22024.0,-49.896336
22026.0,-49.27882
22028.0,-48.558323
22030.0,-47.763699
22032.0,-46.893303
22034.0,-45.886631
22036.0,-44.72924
22038.0,-43.382267
22040.0,-41.726704
22042.0,-39.706055
22044.0,-37.174759
22046.0,-33.98045
22048.0,-29.796398
22050.0,-24.310884
22052.0,-17.643234
22054.0,-11.230709
22056.0,-7.1779666
22058.0,-6.2597227
22060.0,-7.983717
22062.0,-11.424603
22064.0,-15.78448
22066.0,-20.446836
22068.0,-25.014875
22070.0,-29.284176
22072.0,-33.189213
22074.0,-36.739712
22076.0,-39.941902
22078.0,-42.804413
22080.0,-45.348038
22082.0,-47.602318
22084.0,-49.586487
22086.0,-51.324341
22088.0,-52.854801
22090.0,-54.182232
22092.0,-55.352711
22094.0,-56.363983
22096.0,-57.236771
22098.0,-58.005638
22100.0,-58.679062
22102.0,-59.266514
22104.0,-59.774185
22106.0,-60.219997
22108.0,-60.611214
22110.0,-60.956142
22112.0,-61.267658
22114.0,-61.54261
22116.0,-61.785755
22118.0,-62.006012
22120.0,-62.201984
22122.0,-62.378689
22124.0,-62.540836
22126.0,-62.684547
22128.0,-62.814468
22130.0,-62.932644
22132.0,-63.038513
22134.0,-63.13451
22136.0,-63.22142
22138.0,-63.297264
22140.0,-63.364883
22142.0,-63.425434
22144.0,-63.480083
22146.0,-63.529099
22148.0,-63.571125
22150.0,-63.608566
22152.0,-63.642235
22154.0,-63.672943
22156.0,-63.699989
22158.0,-63.721436
22160.0,-63.739548
22162.0,-63.754723
22164.0,-63.767353
22166.0,-63.777832
22168.0,-63.786568
22170.0,-63.793968
22172.0,-63.797962
22174.0,-63.799831
22176.0,-63.79998
22178.0,-63.798542
22180.0,-63.795635
22182.0,-63.791363
22184.0,-63.785809
22186.0,-63.778976
22188.0,-63.770821
22190.0,-63.761444
22192.0,-63.750858
22194.0,-63.739052
22196.0,-63.72599
22198.0,-63.711639
22200.0,-63.69593
22202.0,-63.68084
22204.0,-63.665253
22206.0,-63.648979
22208.0,-63.631996
22210.0,-63.614254
22212.0,-63.595695
22214.0,-63.576237
22216.0,-63.55579
22218.0,-63.534241
22220.0,-63.511456
22222.0,-63.487293
22224.0,-63.46159
22226.0,-63.435032
22228.0,-63.411369
22230.0,-63.387177
22232.0,-63.362415
22234.0,-63.337044
22236.0,-63.311001
22238.0,-63.284225
22240.0,-63.256649
22242.0,-63.228188
22244.0,-63.198761
22246.0,-63.168262
22248.0,-63.136593
22250.0,-63.103642
22252.0,-63.071007
22254.0,-63.039711
22256.0,-63.007957
22258.0,-62.975754
22260.0,-62.943089
22262.0,-62.909962
22264.0,-62.876362
22266.0,-62.842281
22268.0,-62.807713
22270.0,-62.772644
22272.0,-62.737061
22274.0,-62.700947
22276.0,-62.664288
22278.0,-62.627792
22280.0,-62.591225
22282.0,-62.554371
22284.0,-62.517246
22286.0,-62.479862
22288.0,-62.442238
22290.0,-62.404388
22292.0,-62.366322
22294.0,-62.32806
22296.0,-62.289616
22298.0,-62.251003
22300.0,-62.212242
22302.0,-62.17334
22304.0,-62.133274
22306.0,-62.092926
22308.0,-62.052296
22310.0,-62.011402
22312.0,-61.970253
22314.0,-61.928852
22316.0,-61.887215
22318.0,-61.845352
22320.0,-61.803265
22322.0,-61.760971
22324.0,-61.718479
22326.0,-61.675793
22328.0,-61.632931
22330.0,-61.589893
22332.0,-61.546696
22334.0,-61.503345
22336.0,-61.459854
22338.0,-61.416229
22340.0,-61.372478
22342.0,-61.328617
22344.0,-61.284649
22346.0,-61.240589
22348.0,-61.194752
22350.0,-61.148071
22352.0,-61.101017
22354.0,-61.053593
22356.0,-61.005787
22358.0,-60.957607
22360.0,-60.909039
22362.0,-60.860088
22364.0,-60.810745
22366.0,-60.761009
22368.0,-60.71088
22370.0,-60.660351
22372.0,-60.609421
22374.0,-60.558086
22376.0,-60.50634
22378.0,-60.454185
22380.0,-60.401615
22382.0,-60.348629
22384.0,-60.295219
22386.0,-60.241386
22388.0,-60.18713
22390.0,-60.132439
22392.0,-60.076271
22394.0,-60.018524
22396.0,-59.960064
22398.0,-59.900875
22400.0,-59.840939
22402.0,-59.780243
22404.0,-59.718773
22406.0,-59.656513
22408.0,-59.593452
22410.0,-59.529572
22412.0,-59.464855
22414.0,-59.399292
22416.0,-59.332867
22418.0,-59.265564
22420.0,-59.197369
22422.0,-59.128265
22424.0,-59.058243
22426.0,-58.987282
22428.0,-58.915367
22430.0,-58.842491
22432.0,-58.768631
22434.0,-58.693775
22436.0,-58.616585
22438.0,-58.534714
22440.0,-58.451164
22442.0,-58.365891
22444.0,-58.278851
22446.0,-58.190002
22448.0,-58.099308
22450.0,-58.006725
22452.0,-57.912205
22454.0,-57.815712
22456.0,-57.717205
22458.0,-57.616634
22460.0,-57.513966
22462.0,-57.409153
22464.0,-57.302158
22466.0,-57.192932
22468.0,-57.08144
22470.0,-56.967636
22472.0,-56.851482
22474.0,-56.732933
22476.0,-56.611942
22478.0,-56.48848
22480.0,-56.36219
22482.0,-56.225376
22484.0,-56.081261
22486.0,-55.929314
22488.0,-55.768997
22490.0,-55.599785
22492.0,-55.421825
22494.0,-55.235176
22496.0,-55.038876
22498.0,-54.832508
22500.0,-54.615658
22502.0,-54.387917
22504.0,-54.143982
22506.0,-53.885429
22508.0,-53.611732
22510.0,-53.322063
22512.0,-53.015617
22514.0,-52.686199
22516.0,-52.323898
22518.0,-51.933533
22520.0,-51.513016
22522.0,-51.060253
22524.0,-50.573154
22526.0,-50.009144
22528.0,-49.374252
22530.0,-48.66972
22532.0,-47.889519
22534.0,-47.027618
22536.0,-46.072136
22538.0,-44.968185
22540.0,-43.674129
22542.0,-42.136276
22544.0,-40.274364
22546.0,-37.951019
22548.0,-34.994202
22550.0,-31.158655
22552.0,-26.117966
22554.0,-19.817013
22556.0,-13.113809
22558.0,-8.0502577
22560.0,-6.1133342
22562.0,-7.1411772
22564.0,-10.219363
22566.0,-14.427925
22568.0,-19.057375
22570.0,-23.639967
22572.0,-27.947285
22574.0,-31.915636
22576.0,-35.535355
22578.0,-38.811592
22580.0,-41.761814
22582.0,-44.39769
22584.0,-46.73814
22586.0,-48.803215
22588.0,-50.611427
22590.0,-52.197834
22592.0,-53.569756
22594.0,-54.779335
22596.0,-55.840885
22598.0,-56.760433
22600.0,-57.552868
22602.0,-58.242085
22604.0,-58.854313
22606.0,-59.404278
22608.0,-59.875134
22610.0,-60.285099
22612.0,-60.651764
22614.0,-60.988045
22616.0,-61.292786
22618.0,-61.553459
22620.0,-61.78038
22622.0,-61.99321
22624.0,-62.194756
22626.0,-62.371647
22628.0,-62.521648
22630.0,-62.654263
22632.0,-62.784103
22634.0,-62.909786
22636.0,-63.01292
22638.0,-63.097504
22640.0,-63.178158
22642.0,-63.259914
22644.0,-63.33633
22646.0,-63.39505
22648.0,-63.44038
22650.0,-63.490154
22652.0,-63.542938
22654.0,-63.585472
22656.0,-63.614788
22658.0,-63.638142
22660.0,-63.667488
22662.0,-63.699879
22664.0,-63.719288
22666.0,-63.72805
22668.0,-63.739063
22670.0,-63.755352
22672.0,-63.770668
22674.0,-63.774658
22676.0,-63.77066
22678.0,-63.773331
22680.0,-63.781033
22682.0,-63.782055
22684.0,-63.774326
22686.0,-63.763813
22688.0,-63.759777
22690.0,-63.758923
22692.0,-63.749657
22694.0,-63.739216
22696.0,-63.727596
22698.0,-63.714928
22700.0,-63.701206
22702.0,-63.68639
22704.0,-63.670921
22706.0,-63.65612
22708.0,-63.640476
22710.0,-63.623989
22712.0,-63.606659
22714.0,-63.588482
22716.0,-63.569462
22718.0,-63.549603
22720.0,-63.528896
22722.0,-63.507347
22724.0,-63.484955
22726.0,-63.461716
22728.0,-63.437637
22730.0,-63.412712
22732.0,-63.386944
22734.0,-63.360332
22736.0,-63.332878
22738.0,-63.30695
22740.0,-63.280586
22742.0,-63.253666
22744.0,-63.226196
22746.0,-63.19817
22748.0,-63.169594
22750.0,-63.140461
22752.0,-63.110775
22754.0,-63.080532
22756.0,-63.04974
22758.0,-63.018391
22760.0,-62.986492
22762.0,-62.954037
22764.0,-62.921028
22766.0,-62.887466
22768.0,-62.853352
22770.0,-62.81982
22772.0,-62.786423
22774.0,-62.752666
22776.0,-62.718555
22778.0,-62.684086
22780.0,-62.649258
22782.0,-62.614071
22784.0,-62.578529
22786.0,-62.542629
22788.0,-62.506371
22790.0,-62.469753
22792.0,-62.432781
22794.0,-62.395447
22796.0,-62.357758
22798.0,-62.319714
22800.0,-62.281307
22802.0,-62.242809
22804.0,-62.204365
22806.0,-62.165638
22808.0,-62.126629
22810.0,-62.087334
22812.0,-62.04776
22814.0,-62.0079
22816.0,-61.967758
22818.0,-61.927334
22820.0,-61.886627
22822.0,-61.845638
22824.0,-61.804363
22826.0,-61.762806
22828.0,-61.720966
22830.0,-61.678844
22832.0,-61.63644
22834.0,-61.593594
22836.0,-61.549587
22838.0,-61.505226
22840.0,-61.460514
22842.0,-61.415447
22844.0,-61.370029
22846.0,-61.324257
22848.0,-61.278133
22850.0,-61.231655
22852.0,-61.184826
22854.0,-61.137642
22856.0,-61.090107
22858.0,-61.042217
22860.0,-60.993977
22862.0,-60.945381
22864.0,-60.896435
22866.0,-60.847134
22868.0,-60.797482
22870.0,-60.747475
22872.0,-60.697117
22874.0,-60.646404
22876.0,-60.595341
22878.0,-60.543922
22880.0,-60.492149
22882.0,-60.440025
22884.0,-60.38755
22886.0,-60.334721
22888.0,-60.28154
22890.0,-60.228004
22892.0,-60.166801
22894.0,-60.103256
22896.0,-60.038757
22898.0,-59.973305
22900.0,-59.906898
22902.0,-59.839539
22904.0,-59.771225
22906.0,-59.701958
22908.0,-59.631741
22910.0,-59.560566
22912.0,-59.488438
22914.0,-59.415359
22916.0,-59.341328
22918.0,-59.266338
22920.0,-59.190399
22922.0,-59.113506
22924.0,-59.03566
22926.0,-58.95686
22928.0,-58.877106
22930.0,-58.796398
22932.0,-58.714737
22934.0,-58.632122
22936.0,-58.548557
22938.0,-58.464035
22940.0,-58.378563
22942.0,-58.292133
22944.0,-58.204754
22946.0,-58.116421
22948.0,-58.024166
22950.0,-57.92701
22952.0,-57.827381
22954.0,-57.725281
22956.0,-57.620708
22958.0,-57.513664
22960.0,-57.404152
22962.0,-57.290321
22964.0,-57.170815
22966.0,-57.047703
22968.0,-56.92099
22970.0,-56.790676
22972.0,-56.656765
22974.0,-56.519253
22976.0,-56.375118
22978.0,-56.220314
22980.0,-56.059608
22982.0,-55.893005
22984.0,-55.720509
22986.0,-55.54211
22988.0,-55.357815
22990.0,-55.16354
22992.0,-54.949913
22994.0,-54.726318
22996.0,-54.49276
22998.0,-54.249241
23000.0,-53.995754
23002.0,-53.732304
23004.0,-53.455318
23006.0,-53.147911
23008.0,-52.821339
23010.0,-52.475601
23012.0,-52.103317
23014.0,-51.691784
23016.0,-51.251186
23018.0,-50.781525
23020.0,-50.252804
23022.0,-49.646996
23024.0,-48.985558
23026.0,-48.26849
23028.0,-47.463322
23030.0,-46.554131
23032.0,-45.498013
23034.0,-44.285622
23036.0,-42.815754
23038.0,-41.039455
23040.0,-38.837654
23042.0,-36.135426
23044.0,-32.631725
23046.0,-28.011499
23048.0,-22.030376
23050.0,-15.235615
23052.0,-9.4988317
23054.0,-6.5751228
23056.0,-6.6653957
23058.0,-9.0527382
23060.0,-12.875413
23062.0,-17.387646
23064.0,-22.040846
23066.0,-26.497963
23068.0,-30.613268
23070.0,-34.369484
23072.0,-37.785873
23074.0,-40.861885
23076.0,-43.607288
23078.0,-46.043289
23080.0,-48.190514
23082.0,-50.074368
23084.0,-51.725327
23086.0,-53.165325
23088.0,-54.420925
23090.0,-55.516155
23092.0,-56.470036
23094.0,-57.303219
23096.0,-58.034077
23098.0,-58.672657
23100.0,-59.238403
23102.0,-59.733765
23104.0,-60.174812
23106.0,-60.563946
23108.0,-60.907394
23110.0,-61.213783
23112.0,-61.489037
23114.0,-61.733528
23116.0,-61.953609
23118.0,-62.152824
23120.0,-62.333275
23122.0,-62.496544
23124.0,-62.644161
23126.0,-62.777023
23128.0,-62.903618
23130.0,-63.020836
23132.0,-63.128605
23134.0,-63.226173
23136.0,-63.312103
23138.0,-63.38427
23140.0,-63.45863
23142.0,-63.530811
23144.0,-63.596107
23146.0,-63.653336
23148.0,-63.700909
23150.0,-63.736851
23152.0,-63.770031
23154.0,-63.807087
23156.0,-63.84005
23158.0,-63.868866
23160.0,-63.893402
23162.0,-63.913418
23164.0,-63.929188
23166.0,-63.942467
23168.0,-63.951778
23170.0,-63.956944
23172.0,-63.957726
23174.0,-63.953835
23176.0,-63.944939
23178.0,-63.93774
23180.0,-63.928989
23182.0,-63.919022
23184.0,-63.908356
23186.0,-63.89756
23188.0,-63.88723
23190.0,-63.874062
23192.0,-63.858204
23194.0,-63.840832
23196.0,-63.821831
23198.0,-63.801041
23200.0,-63.778275
23202.0,-63.75478
23204.0,-63.732235
23206.0,-63.709393
23208.0,-63.686478
23210.0,-63.663712
23212.0,-63.641335
23214.0,-63.619171
23216.0,-63.594761
23218.0,-63.569592
23220.0,-63.543499
23222.0,-63.516293
23224.0,-63.487751
23226.0,-63.45763
23228.0,-63.428658
23230.0,-63.399704
23232.0,-63.370628
23234.0,-63.341568
23236.0,-63.312675
23238.0,-63.284122
23240.0,-63.254822
23242.0,-63.224503
23244.0,-63.193657
23246.0,-63.162186
23248.0,-63.129982
23250.0,-63.096931
23252.0,-63.063782
23254.0,-63.031815
23256.0,-62.999664
23258.0,-62.967297
23260.0,-62.934681
23262.0,-62.901772
23264.0,-62.868542
23266.0,-62.834953
23268.0,-62.800972
23270.0,-62.76656
23272.0,-62.731686
23274.0,-62.696766
23276.0,-62.662025
23278.0,-62.626999
23280.0,-62.591679
23282.0,-62.556046
23284.0,-62.520092
23286.0,-62.483807
23288.0,-62.447174
23290.0,-62.410183
23292.0,-62.372822
23294.0,-62.335083
23296.0,-62.297352
23298.0,-62.259617
23300.0,-62.221622
23302.0,-62.183357
23304.0,-62.144814
23306.0,-62.105991
23308.0,-62.066879
23310.0,-62.027477
23312.0,-61.987778
23314.0,-61.947773
23316.0,-61.907459
23318.0,-61.866829
23320.0,-61.825882
23322.0,-61.784607
23324.0,-61.743
23326.0,-61.701057
23328.0,-61.658806
23330.0,-61.616386
23332.0,-61.57365
23334.0,-61.530594
23336.0,-61.487213
23338.0,-61.443504
23340.0,-61.399467
23342.0,-61.355095
23344.0,-61.310387
23346.0,-61.265335
23348.0,-61.21994
23350.0,-61.174198
23352.0,-61.128105
23354.0,-61.081657
23356.0,-61.034851
23358.0,-60.987686
23360.0,-60.940151
23362.0,-60.888908
23364.0,-60.836082
23366.0,-60.782639
23368.0,-60.72858
23370.0,-60.673908
23372.0,-60.618622
23374.0,-60.562721
23376.0,-60.506203
23378.0,-60.449074
23380.0,-60.391327
23382.0,-60.332966
23384.0,-60.273991
23386.0,-60.214401
23388.0,-60.154194
23390.0,-60.093376
23392.0,-60.03194
23394.0,-59.969891
23396.0,-59.907227
23398.0,-59.843948
23400.0,-59.780056
23402.0,-59.715549
23404.0,-59.650425
23406.0,-59.58469
23408.0,-59.518337
23410.0,-59.45137
23412.0,-59.383789
23414.0,-59.315594
23416.0,-59.24678
23418.0,-59.177357
23420.0,-59.107315
23422.0,-59.036659
23424.0,-58.965389
23426.0,-58.891052
23428.0,-58.813995
23430.0,-58.735439
23432.0,-58.655384
23434.0,-58.573833
23436.0,-58.490784
23438.0,-58.406235
23440.0,-58.320187
23442.0,-58.230919
23444.0,-58.138515
23446.0,-58.043961
23448.0,-57.94725
23450.0,-57.848389
23452.0,-57.747372
23454.0,-57.644203
23456.0,-57.538876
23458.0,-57.428257
23460.0,-57.312176
23462.0,-57.192673
23464.0,-57.069748
23466.0,-56.943401
23468.0,-56.813637
23470.0,-56.68045
23472.0,-56.543846
23474.0,-56.398823
23476.0,-56.244541
23478.0,-56.084698
23480.0,-55.919289
23482.0,-55.748322
23484.0,-55.571789
23486.0,-55.389698
23488.0,-55.202042
23490.0,-54.995125
23492.0,-54.764839
23494.0,-54.52272
23496.0,-54.268776
23498.0,-54.003002
23500.0,-53.725399
23502.0,-53.435966
23504.0,-53.134708
23506.0,-52.812515
23508.0,-52.460945
23510.0,-52.087185
23512.0,-51.684921
23514.0,-51.237392
23516.0,-50.755363
23518.0,-50.234726
23520.0,-49.633781
23522.0,-48.975674
23524.0,-48.260399
23526.0,-47.402992
23528.0,-46.438541
23530.0,-45.372242
23532.0,-44.14032
23534.0,-42.676018
23536.0,-40.910458
23538.0,-38.723724
23540.0,-35.953377
23542.0,-32.403679
23544.0,-27.718218
23546.0,-21.693623
23548.0,-14.886765
23550.0,-9.2171249
23552.0,-6.4384117
23554.0,-6.7038541
23556.0,-9.2320299
23558.0,-13.143716
23560.0,-17.67222
23562.0,-22.257111
23564.0,-26.605623
23566.0,-30.618528
23568.0,-34.286758
23570.0,-37.618858
23572.0,-40.627426
23574.0,-43.33342
23576.0,-45.756195
23578.0,-47.90213
23580.0,-49.795235
23582.0,-51.454426
23584.0,-52.901325
23586.0,-54.159256
23588.0,-55.253643
23590.0,-56.202625
23592.0,-57.033333
23594.0,-57.767292
23596.0,-58.394981
23598.0,-58.935375
23600.0,-59.402782
23602.0,-59.826954
23604.0,-60.217552
23606.0,-60.565712
23608.0,-60.864914
23610.0,-61.139614
23612.0,-61.400665
23614.0,-61.648319
23616.0,-61.854279
23618.0,-62.044674
23620.0,-62.224155
23622.0,-62.397362
23624.0,-62.537888
23626.0,-62.660088
23628.0,-62.765709
23630.0,-62.855522
23632.0,-62.941021
23634.0,-63.026657
23636.0,-63.111412
23638.0,-63.198177
23640.0,-63.279251
23642.0,-63.335915
23644.0,-63.379711
23646.0,-63.409363
23648.0,-63.425407
23650.0,-63.459003
23652.0,-63.496609
23654.0,-63.54105
23656.0,-63.595142
23658.0,-63.62896
23660.0,-63.64407
23662.0,-63.644829
23664.0,-63.6287
23666.0,-63.606815
23668.0,-63.59243
23670.0,-63.576462
23672.0,-63.560352
23674.0,-63.545013
23676.0,-63.528828
23678.0,-63.514416
23680.0,-63.502766
23682.0,-63.494884
23684.0,-63.482536
23686.0,-63.468483
23688.0,-63.453312
23690.0,-63.436752
23692.0,-63.421425
23694.0,-63.408802
23696.0,-63.397839
23698.0,-63.388912
23700.0,-63.380432
23702.0,-63.366898
23704.0,-63.351006
23706.0,-63.332146
23708.0,-63.309708
23710.0,-63.292671
23712.0,-63.276882
23714.0,-63.262848
23716.0,-63.251087
23718.0,-63.235638
23720.0,-63.215553
23722.0,-63.192139
23724.0,-63.164734
23726.0,-63.136669
23728.0,-63.11401
23730.0,-63.093357
23732.0,-63.075455
23734.0,-63.059978
23736.0,-63.036118
23738.0,-63.008999
23740.0,-62.97784
23742.0,-62.941864
23744.0,-62.911201
23746.0,-62.884537
23748.0,-62.860962
23750.0,-62.841366
23752.0,-62.819756
23754.0,-62.790565
23756.0,-62.757423
23758.0,-62.719391
23760.0,-62.678398
23762.0,-62.646519
23764.0,-62.617783
23766.0,-62.593212
23768.0,-62.573837
23770.0,-62.544621
23772.0,-62.510723
23774.0,-62.472038
23776.0,-62.427494
23778.0,-62.384071
23780.0,-62.344398
23782.0,-62.305698
23784.0,-62.268597
23786.0,-62.232479
23788.0,-62.194958
23790.0,-62.157852
23792.0,-62.121246
23794.0,-62.085117
23796.0,-62.046532
23798.0,-62.007935
23800.0,-61.969326
23802.0,-61.930702
23804.0,-61.892067
23806.0,-61.853424
23808.0,-61.814766
23810.0,-61.776093
23812.0,-61.737411
23814.0,-61.698719
23816.0,-61.6591
23818.0,-61.618973
23820.0,-61.578613
23822.0,-61.538021
23824.0,-61.497196
23826.0,-61.456139
23828.0,-61.414848
23830.0,-61.373325
23832.0,-61.33157
23834.0,-61.289581
23836.0,-61.24678
23838.0,-61.202976
23840.0,-61.158806
23842.0,-61.114265
23844.0,-61.069359
23846.0,-61.024078
23848.0,-60.978432
23850.0,-60.932419
23852.0,-60.886036
23854.0,-60.839283
23856.0,-60.79216
23858.0,-60.744671
23860.0,-60.696815
23862.0,-60.648586
23864.0,-60.599991
23866.0,-60.551029
23868.0,-60.501694
23870.0,-60.451996
23872.0,-60.40044
23874.0,-60.347095
23876.0,-60.293095
23878.0,-60.23843
23880.0,-60.183113
23882.0,-60.127132
23884.0,-60.070496
23886.0,-60.013199
23888.0,-59.955242
23890.0,-59.896629
23892.0,-59.837357
23894.0,-59.777424
23896.0,-59.716835
23898.0,-59.655582
23900.0,-59.593674
23902.0,-59.531109
23904.0,-59.46788
23906.0,-59.403996
23908.0,-59.336563
23910.0,-59.266487
23912.0,-59.195271
23914.0,-59.122913
23916.0,-59.049416
23918.0,-58.974773
23920.0,-58.898991
23922.0,-58.822067
23924.0,-58.744003
23926.0,-58.664795
23928.0,-58.58445
23930.0,-58.50296
23932.0,-58.42033
23934.0,-58.336559
23936.0,-58.251644
23938.0,-58.165592
23940.0,-58.078396
23942.0,-57.990059
23944.0,-57.894726
23946.0,-57.794785
23948.0,-57.692127
23950.0,-57.586758
23952.0,-57.478676
23954.0,-57.367882
23956.0,-57.254372
23958.0,-57.138145
23960.0,-57.019207
23962.0,-56.894909
23964.0,-56.761982
23966.0,-56.624798
23968.0,-56.483353
23970.0,-56.33765
23972.0,-56.187691
23974.0,-56.033474
23976.0,-55.874996
23978.0,-55.712261
23980.0,-55.545269
23982.0,-55.346622
23984.0,-55.137424
23986.0,-54.918499
23988.0,-54.689842
23990.0,-54.451462
23992.0,-54.203354
23994.0,-53.945518
23996.0,-53.677956
23998.0,-53.400665
24000.0,-53.104641
24002.0,-52.784126
24004.0,-52.441658
24006.0,-52.070087
24008.0,-51.672741
24010.0,-51.23682
24012.0,-50.765175
24014.0,-50.247025
24016.0,-49.669147
24018.0,-49.033928
24020.0,-48.337795
24022.0,-47.538136
24024.0,-46.639198
24026.0,-45.631969
24028.0,-44.482941
24030.0,-43.103252
24032.0,-41.448441
24034.0,-39.407261
24036.0,-36.891914
24038.0,-33.646614
24040.0,-29.377876
24042.0,-23.924862
24044.0,-17.338243
24046.0,-11.014011
24048.0,-7.0599098
24050.0,-6.3008218
24052.0,-8.1719542
24054.0,-11.724165
24056.0,-16.120108
24058.0,-20.749165
24060.0,-25.187452
24062.0,-29.292904
24064.0,-33.073902
24066.0,-36.529434
24068.0,-39.649734
24070.0,-42.445221
24072.0,-44.938786
24074.0,-47.147079
24076.0,-49.096748
24078.0,-50.810543
24080.0,-52.312988
24082.0,-53.626904
24084.0,-54.777302
24086.0,-55.781509
24088.0,-56.659519
24090.0,-57.43478
24092.0,-58.108727
24094.0,-58.700954
24096.0,-59.227768
24098.0,-59.68787
24100.0,-60.098759
24102.0,-60.468208
24104.0,-60.792995
24106.0,-61.085686
24108.0,-61.349411
24110.0,-61.584774
24112.0,-61.799046
24114.0,-61.99226
24116.0,-62.166088
24118.0,-62.324696
24120.0,-62.467628
24122.0,-62.597374
24124.0,-62.715828
24126.0,-62.820347
24128.0,-62.914455
24130.0,-62.99968
24132.0,-63.077534
24134.0,-63.147797
24136.0,-63.209797
24138.0,-63.266121
24140.0,-63.317818
24142.0,-63.365944
24144.0,-63.407341
24146.0,-63.443546
24148.0,-63.475815
24150.0,-63.504688
24152.0,-63.530731
24154.0,-63.55452
24156.0,-63.576633
24158.0,-63.595169
24160.0,-63.609905
24162.0,-63.62225
24164.0,-63.632336
24166.0,-63.640285
24168.0,-63.646179
24170.0,-63.650093
24172.0,-63.652481
24174.0,-63.653931
24176.0,-63.654083
24178.0,-63.653034
24180.0,-63.650867
24182.0,-63.647648
24184.0,-63.643433
24186.0,-63.637997
24188.0,-63.630188
24190.0,-63.620659
24192.0,-63.609238
24194.0,-63.595734
24196.0,-63.579926
24198.0,-63.561565
24200.0,-63.540375
24202.0,-63.522549
24204.0,-63.50449
24206.0,-63.486504
24208.0,-63.468933
24210.0,-63.452148
24212.0,-63.43655
24214.0,-63.422554
24216.0,-63.403538
24218.0,-63.381191
24220.0,-63.356503
24222.0,-63.328976
24224.0,-63.298065
24226.0,-63.263176
24228.0,-63.22366
24230.0,-63.187683
24232.0,-63.157906
24234.0,-63.130413
24236.0,-63.106148
24238.0,-63.086132
24240.0,-63.071472
24242.0,-63.063366
24244.0,-63.057011
24246.0,-63.044502
24248.0,-63.032959
24250.0,-63.021988
24252.0,-63.011131
24254.0,-62.999874
24256.0,-62.987629
24258.0,-62.974274
24260.0,-62.961838
24262.0,-62.948071
24264.0,-62.932491
24266.0,-62.914585
24268.0,-62.893806
24270.0,-62.869568
24272.0,-62.841248
24274.0,-62.817486
24276.0,-62.79314
24278.0,-62.768322
24280.0,-62.743328
24282.0,-62.718498
24284.0,-62.694225
24286.0,-62.670937
24288.0,-62.642208
24290.0,-62.60947
24292.0,-62.573895
24294.0,-62.535057
24296.0,-62.492504
24298.0,-62.445747
24300.0,-62.394264
24302.0,-62.345158
24304.0,-62.30135
24306.0,-62.259232
24308.0,-62.219746
24310.0,-62.183926
24312.0,-62.152889
24314.0,-62.12785
24316.0,-62.104633
24318.0,-62.075352
24320.0,-62.047043
24322.0,-62.019444
24324.0,-61.992226
24326.0,-61.965015
24328.0,-61.937378
24330.0,-61.909145
24332.0,-61.88166
24334.0,-61.853317
24336.0,-61.823715
24338.0,-61.792404
24340.0,-61.758911
24342.0,-61.722721
24344.0,-61.683289
24346.0,-61.647701
24348.0,-61.611874
24350.0,-61.575737
24352.0,-61.539497
24354.0,-61.503395
24356.0,-61.467705
24358.0,-61.432732
24360.0,-61.393887
24362.0,-61.35199
24364.0,-61.307972
24366.0,-61.26152
24368.0,-61.212284
24370.0,-61.159893
24372.0,-61.103954
24374.0,-61.049042
24376.0,-60.997395
24378.0,-60.946392
24380.0,-60.896629
24382.0,-60.848747
24384.0,-60.803452
24386.0,-60.761505
24388.0,-60.719067
24390.0,-60.668205
24392.0,-60.615059
24394.0,-60.558968
24396.0,-60.499199
24398.0,-60.434948
24400.0,-60.365337
24402.0,-60.291714
24404.0,-60.229134
24406.0,-60.168007
24408.0,-60.109203
24410.0,-60.053669
24412.0,-60.002449
24414.0,-59.956676
24416.0,-59.91758
24418.0,-59.869225
24420.0,-59.820339
24422.0,-59.771351
24424.0,-59.721779
24426.0,-59.671082
24428.0,-59.618649
24430.0,-59.563808
24432.0,-59.509312
24434.0,-59.454189
24436.0,-59.397114
24438.0,-59.337704
24440.0,-59.275551
24442.0,-59.210224
24444.0,-59.14127
24446.0,-59.070751
24448.0,-58.999737
24450.0,-58.92651
24452.0,-58.851101
24454.0,-58.77356
24456.0,-58.693951
24458.0,-58.61237
24460.0,-58.528641
24462.0,-58.442291
24464.0,-58.353828
24466.0,-58.263321
24468.0,-58.170853
24470.0,-58.076519
24472.0,-57.980423
24474.0,-57.882454
24476.0,-57.780777
24478.0,-57.676575
24480.0,-57.569759
24482.0,-57.460251
24484.0,-57.347946
24486.0,-57.232754
24488.0,-57.114559
24490.0,-56.992104
24492.0,-56.865723
24494.0,-56.735237
24496.0,-56.600372
24498.0,-56.460838
24500.0,-56.316326
24502.0,-56.166512
24504.0,-56.010479
24506.0,-55.847862
24508.0,-55.678383
24510.0,-55.501549
24512.0,-55.316853
24514.0,-55.123756
24516.0,-54.921703
24518.0,-54.705696
24520.0,-54.472683
24522.0,-54.224922
24524.0,-53.961285
24526.0,-53.680611
24528.0,-53.381702
24530.0,-53.063351
24532.0,-52.724304
24534.0,-52.363293
24536.0,-51.979004
24538.0,-51.57011
24540.0,-51.135014
24542.0,-50.660378
24544.0,-50.139881
24546.0,-49.56617
24548.0,-48.928112
24550.0,-48.216644
24552.0,-47.411396
24554.0,-46.467079
24556.0,-45.372272
24558.0,-44.102333
24560.0,-42.631321
24562.0,-40.841759
24564.0,-38.643494
24566.0,-35.866825
24568.0,-32.24704
24570.0,-27.558624
24572.0,-21.634233
24574.0,-14.869888
24576.0,-9.0536356
24578.0,-6.2320728
24580.0,-6.6324511
24582.0,-9.2855387
24584.0,-13.265934
24586.0,-17.839678
24588.0,-22.500748
24590.0,-26.944693
24592.0,-31.020578
24594.0,-34.686741
24596.0,-37.973225
24598.0,-40.922878
24600.0,-43.5667
24602.0,-45.924061
24604.0,-48.012211
24606.0,-49.85775
24608.0,-51.485176
24610.0,-52.914059
24612.0,-54.169937
24614.0,-55.279396
24616.0,-56.263157
24618.0,-57.140022
24620.0,-57.921814
24622.0,-58.633369
24624.0,-59.282391
24626.0,-59.812477
24628.0,-60.256714
24630.0,-60.61903
24632.0,-60.962475
24634.0,-61.278831
24636.0,-61.582874
24638.0,-61.834793
24640.0,-62.04599
24642.0,-62.22364
24644.0,-62.369164
24646.0,-62.484135
24648.0,-62.570286
24650.0,-62.643482
24652.0,-62.721802
24654.0,-62.805523
24656.0,-62.89365
24658.0,-62.972733
24660.0,-63.053677
24662.0,-63.132919
24664.0,-63.181862
24666.0,-63.207535
24668.0,-63.206982
24670.0,-63.242878
24672.0,-63.29789
24674.0,-63.380592
24676.0,-63.434715
24678.0,-63.466995
24680.0,-63.47649
24682.0,-63.483086
24684.0,-63.491722
24686.0,-63.497353
24688.0,-63.509083
24690.0,-63.536572
24692.0,-63.580765
24694.0,-63.625816
24696.0,-63.630436
24698.0,-63.60574
24700.0,-63.557304
24702.0,-63.547886
24704.0,-63.55711
24706.0,-63.590256
24708.0,-63.588917
24710.0,-63.573261
24712.0,-63.53788
24714.0,-63.509163
24716.0,-63.481594
24718.0,-63.454674
24720.0,-63.433525
24722.0,-63.421246
24724.0,-63.419872
24726.0,-63.412834
24728.0,-63.383678
24730.0,-63.336422
24732.0,-63.283428
24734.0,-63.255974
24736.0,-63.244064
24738.0,-63.24984
24740.0,-63.262932
24742.0,-63.29158
24744.0,-63.334469
24746.0,-63.338501
24748.0,-63.315258
24750.0,-63.255173
24752.0,-63.225407
24754.0,-63.213753
24756.0,-63.223042
24758.0,-63.225235
24760.0,-63.215714
24762.0,-63.199234
24764.0,-63.172009
24766.0,-63.130352
24768.0,-63.071533
24770.0,-63.011887
24772.0,-62.986023
24774.0,-62.985867
24776.0,-63.003635
24778.0,-62.979759
24780.0,-62.933548
24782.0,-62.86095
24784.0,-62.813637
24786.0,-62.772766
24788.0,-62.742676
24790.0,-62.717587
24792.0,-62.702477
24794.0,-62.699982
24796.0,-62.678532
24798.0,-62.630276
24800.0,-62.554455
24802.0,-62.485195
24804.0,-62.45034
24806.0,-62.441238
24808.0,-62.442093
24810.0,-62.417587
24812.0,-62.381683
24814.0,-62.333668
24816.0,-62.28558
24818.0,-62.229542
24820.0,-62.16745
24822.0,-62.131958
24824.0,-62.116261
24826.0,-62.126583
24828.0,-62.101509
24830.0,-62.053566
24832.0,-61.977112
24834.0,-61.914093
24836.0,-61.869141
24838.0,-61.838943
24840.0,-61.813602
24842.0,-61.78661
24844.0,-61.763809
24846.0,-61.735836
24848.0,-61.687057
24850.0,-61.619194
24852.0,-61.540886
24854.0,-61.496155
24856.0,-61.472137
24858.0,-61.470963
24860.0,-61.446861
24862.0,-61.41642
24864.0,-61.375519
24866.0,-61.337616
24868.0,-61.296467
24870.0,-61.251152
24872.0,-61.208702
24874.0,-61.166294
24876.0,-61.122375
24878.0,-61.07695
24880.0,-61.030014
24882.0,-60.981571
24884.0,-60.934185
24886.0,-60.886402
24888.0,-60.837955
24890.0,-60.788845
24892.0,-60.739075
24894.0,-60.688644
24896.0,-60.638306
24898.0,-60.587471
24900.0,-60.536121
24902.0,-60.484268
24904.0,-60.4319
24906.0,-60.379025
24908.0,-60.325642
24910.0,-60.271748
24912.0,-60.217342
24914.0,-60.160835
24916.0,-60.103432
24918.0,-60.045322
24920.0,-59.986504
24922.0,-59.926975
24924.0,-59.866737
24926.0,-59.805794
24928.0,-59.744141
24930.0,-59.681778
24932.0,-59.61871
24934.0,-59.554932
24936.0,-59.490444
24938.0,-59.425247
24940.0,-59.359344
24942.0,-59.292732
24944.0,-59.22541
24946.0,-59.157383
24948.0,-59.08321
24950.0,-59.005856
24952.0,-58.926987
24954.0,-58.846603
24956.0,-58.764706
24958.0,-58.681297
24960.0,-58.596375
24962.0,-58.509933
24964.0,-58.421986
24966.0,-58.33252
24968.0,-58.241539
24970.0,-58.149048
24972.0,-58.055042
24974.0,-57.959522
24976.0,-57.862488
24978.0,-57.763939
24980.0,-57.663879
24982.0,-57.557957
24984.0,-57.446556
24986.0,-57.33205
24988.0,-57.214439
24990.0,-57.093723
24992.0,-56.969902
24994.0,-56.842976
24996.0,-56.71294
24998.0,-56.575642
25000.0,-56.427879
25002.0,-56.274719
25004.0,-56.116158
25006.0,-55.952198
25008.0,-55.782837
25010.0,-55.608078
25012.0,-55.427921
25014.0,-55.237087
25016.0,-55.018906
25018.0,-54.789684
25020.0,-54.549412
25022.0,-54.298096
25024.0,-54.035736
25026.0,-53.762329
25028.0,-53.477875
25030.0,-53.182026
25032.0,-52.855644
25034.0,-52.509163
25036.0,-52.142582
25038.0,-51.739368
25040.0,-51.298496
25042.0,-50.825581
25044.0,-50.306328
25046.0,-49.714012
25048.0,-49.067707
25050.0,-48.366074
25052.0,-47.516205
25054.0,-46.568615
25056.0,-45.523308
25058.0,-44.322525
25060.0,-42.896374
25062.0,-41.185047
25064.0,-39.085606
25066.0,-36.390476
25068.0,-32.966961
25070.0,-28.458349
25072.0,-22.616537
25074.0,-15.864544
25076.0,-9.8969288
25078.0,-6.6666584
25080.0,-6.5354586
25082.0,-8.7985525
25084.0,-12.560658
25086.0,-17.037186
25088.0,-21.633303
25090.0,-26.019796
25092.0,-30.077974
25094.0,-33.792015
25096.0,-37.169067
25098.0,-40.220131
25100.0,-42.96645
25102.0,-45.429203
25104.0,-47.612896
25106.0,-49.541271
25108.0,-51.23307
25110.0,-52.709705
25112.0,-53.994244
25114.0,-55.1119
25116.0,-56.081909
25118.0,-56.929653
25120.0,-57.679367
25122.0,-58.321835
25124.0,-58.876534
25126.0,-59.356106
25128.0,-59.789665
25130.0,-60.186646
25132.0,-60.54216
25134.0,-60.84642
25136.0,-61.124222
25138.0,-61.386265
25140.0,-61.637142
25142.0,-61.844196
25144.0,-62.034992
25146.0,-62.214287
25148.0,-62.386845
25150.0,-62.531696
25152.0,-62.655567
25154.0,-62.763374
25156.0,-62.856049
25158.0,-62.941101
25160.0,-63.026524
25162.0,-63.110222
25164.0,-63.194958
25166.0,-63.279491
25168.0,-63.3386
25170.0,-63.385925
25172.0,-63.42038
25174.0,-63.440872
25176.0,-63.470623
25178.0,-63.506611
25180.0,-63.547634
25182.0,-63.596218
25184.0,-63.637909
25186.0,-63.657173
25188.0,-63.664246
25190.0,-63.656967
25192.0,-63.638615
25194.0,-63.644798
25196.0,-63.658653
25198.0,-63.683208
25200.0,-63.721497
25202.0,-63.748951
25204.0,-63.77087
25206.0,-63.790394
25208.0,-63.806446
25210.0,-63.818962
25212.0,-63.827923
25214.0,-63.831806
25216.0,-63.82983
25218.0,-63.82251
25220.0,-63.818073
25222.0,-63.812218
25224.0,-63.805393
25226.0,-63.798046
25228.0,-63.785648
25230.0,-63.769073
25232.0,-63.748783
25234.0,-63.724483
25236.0,-63.701622
25238.0,-63.68261
25240.0,-63.662399
25242.0,-63.640991
25244.0,-63.618393
25246.0,-63.594601
25248.0,-63.569611
25250.0,-63.543427
25252.0,-63.517902
25254.0,-63.491917
25256.0,-63.465233
25258.0,-63.437855
25260.0,-63.409782
25262.0,-63.381012
25264.0,-63.351547
25266.0,-63.321629
25268.0,-63.291878
25270.0,-63.261677
25272.0,-63.231018
25274.0,-63.199909
25276.0,-63.168346
25278.0,-63.13633
25280.0,-63.103859
25282.0,-63.071533
25284.0,-63.039204
25286.0,-63.006546
25288.0,-62.973564
25290.0,-62.94025
25292.0,-62.906612
25294.0,-62.872646
25296.0,-62.838356
25298.0,-62.803734
25300.0,-62.768787
25302.0,-62.733513
25304.0,-62.69791
25306.0,-62.66198
25308.0,-62.625725
25310.0,-62.589302
25312.0,-62.553043
25314.0,-62.516514
25316.0,-62.479706
25318.0,-62.442627
25320.0,-62.405277
25322.0,-62.367649
25324.0,-62.32975
25326.0,-62.291576
25328.0,-62.253128
25330.0,-62.214405
25332.0,-62.175411
25334.0,-62.136139
25336.0,-62.096596
25338.0,-62.056782
25340.0,-62.016689
25342.0,-61.976326
25344.0,-61.935688
25346.0,-61.894775
25348.0,-61.853592
25350.0,-61.81213
25352.0,-61.770397
25354.0,-61.72839
25356.0,-61.68544
25358.0,-61.640972
25360.0,-61.596127
25362.0,-61.550903
25364.0,-61.505302
25366.0,-61.459324
25368.0,-61.412964
25370.0,-61.366226
25372.0,-61.319111
25374.0,-61.271618
25376.0,-61.223747
25378.0,-61.175495
25380.0,-61.126869
25382.0,-61.077862
25384.0,-61.028477
25386.0,-60.978714
25388.0,-60.928574
25390.0,-60.878052
25392.0,-60.827156
25394.0,-60.775879
25396.0,-60.724224
25398.0,-60.672192
25400.0,-60.619781
25402.0,-60.566994
25404.0,-60.513824
25406.0,-60.460278
25408.0,-60.406353
25410.0,-60.352051
25412.0,-60.297371
25414.0,-60.242313
25416.0,-60.186874
25418.0,-60.131062
25420.0,-60.074867
25422.0,-60.018295
25424.0,-59.961346
25426.0,-59.903111
25428.0,-59.843216
25430.0,-59.782536
25432.0,-59.721066
25434.0,-59.658806
25436.0,-59.59576
25438.0,-59.531929
25440.0,-59.467304
25442.0,-59.401897
25444.0,-59.334553
25446.0,-59.265774
25448.0,-59.195892
25450.0,-59.124901
25452.0,-59.052807
25454.0,-58.979603
25456.0,-58.905293
25458.0,-58.829876
25460.0,-58.75312
25462.0,-58.66909
25464.0,-58.583134
25466.0,-58.495255
25468.0,-58.405445
25470.0,-58.313709
25472.0,-58.220051
25474.0,-58.124462
25476.0,-58.026951
25478.0,-57.927513
25480.0,-57.826149
25482.0,-57.722858
25484.0,-57.617641
25486.0,-57.510498
25488.0,-57.401428
25490.0,-57.280361
25492.0,-57.14505
25494.0,-57.005104
25496.0,-56.860523
25498.0,-56.711311
25500.0,-56.557461
25502.0,-56.398975
25504.0,-56.235859
25506.0,-56.068108
25508.0,-55.895718
25510.0,-55.718697
25512.0,-55.537041
25514.0,-55.35075
25516.0,-55.159824
25518.0,-54.964264
25520.0,-54.751652
25522.0,-54.528198
25524.0,-54.294411
25526.0,-54.047657
25528.0,-53.782024
25530.0,-53.501816
25532.0,-53.207027
25534.0,-52.886757
25536.0,-52.540485
25538.0,-52.172176
25540.0,-51.780903
25542.0,-51.339901
25544.0,-50.864738
25546.0,-50.355415
25548.0,-49.78688
25550.0,-49.126083
25552.0,-48.4006
25554.0,-47.610432
25556.0,-46.714924
25558.0,-45.696491
25560.0,-44.506042
25562.0,-43.100815
25564.0,-41.416435
25566.0,-39.27969
25568.0,-36.677135
25570.0,-33.34597
25572.0,-28.949814
25574.0,-23.223316
25576.0,-16.448904
25578.0,-10.325253
25580.0,-6.8193712
25582.0,-6.410675
25584.0,-8.4947548
25586.0,-12.152838
25588.0,-16.592384
25590.0,-21.196012
25592.0,-25.609297
25594.0,-29.70682
25596.0,-33.465561
25598.0,-36.884789
25600.0,-39.970451
25602.0,-42.739429
25604.0,-45.211361
25606.0,-47.405598
25608.0,-49.338223
25610.0,-51.049057
25612.0,-52.538891
25614.0,-53.851913
25616.0,-54.9884
25618.0,-55.975601
25620.0,-56.840382
25622.0,-57.596611
25624.0,-58.257133
25626.0,-58.841549
25628.0,-59.361649
25630.0,-59.818977
25632.0,-60.230953
25634.0,-60.597591
25636.0,-60.924583
25638.0,-61.220757
25640.0,-61.483471
25642.0,-61.720379
25644.0,-61.933884
25646.0,-62.124996
25648.0,-62.298016
25650.0,-62.451405
25652.0,-62.588615
25654.0,-62.712658
25656.0,-62.82608
25658.0,-62.927593
25660.0,-63.017544
25662.0,-63.099453
25664.0,-63.175007
25666.0,-63.244255
25668.0,-63.304737
25670.0,-63.35976
25672.0,-63.410278
25674.0,-63.457085
25676.0,-63.497303
25678.0,-63.533257
25680.0,-63.565372
25682.0,-63.594067
25684.0,-63.619751
25686.0,-63.642826
25688.0,-63.663193
25690.0,-63.680092
25692.0,-63.694477
25694.0,-63.70649
25696.0,-63.716244
25698.0,-63.723827
25700.0,-63.729309
25702.0,-63.732983
25704.0,-63.734978
25706.0,-63.735195
25708.0,-63.73365
25710.0,-63.730339
25712.0,-63.725243
25714.0,-63.718311
25716.0,-63.711578
25718.0,-63.704166
25720.0,-63.695797
25722.0,-63.686459
25724.0,-63.676121
25726.0,-63.66473
25728.0,-63.65221
25730.0,-63.638454
25732.0,-63.623344
25734.0,-63.606728
25736.0,-63.58844
25738.0,-63.568283
25740.0,-63.548363
25742.0,-63.530376
25744.0,-63.511639
25746.0,-63.492081
25748.0,-63.47163
25750.0,-63.450191
25752.0,-63.427662
25754.0,-63.403919
25756.0,-63.378834
25758.0,-63.352261
25760.0,-63.324039
25762.0,-63.293995
25764.0,-63.262005
25766.0,-63.233879
25768.0,-63.205112
25770.0,-63.175694
25772.0,-63.145626
25774.0,-63.114891
25776.0,-63.083485
25778.0,-63.051384
25780.0,-63.018578
25782.0,-62.985046
25784.0,-62.950764
25786.0,-62.91571
25788.0,-62.879852
25790.0,-62.844234
25792.0,-62.808914
25794.0,-62.773289
25796.0,-62.7374
25798.0,-62.701275
25800.0,-62.664959
25802.0,-62.628479
25804.0,-62.591881
25806.0,-62.555199
25808.0,-62.518478
25810.0,-62.481754
25812.0,-62.445072
25814.0,-62.408154
25816.0,-62.369595
25818.0,-62.330807
25820.0,-62.291817
25822.0,-62.252644
25824.0,-62.21331
25826.0,-62.17384
25828.0,-62.134251
25830.0,-62.09457
25832.0,-62.054817
25834.0,-62.015015
25836.0,-61.975189
25838.0,-61.935356
25840.0,-61.895542
25842.0,-61.855766
25844.0,-61.816055
25846.0,-61.776428
25848.0,-61.736908
25850.0,-61.697517
25852.0,-61.658279
25854.0,-61.617466
25856.0,-61.575817
25858.0,-61.533997
25860.0,-61.492004
25862.0,-61.449848
25864.0,-61.407532
25866.0,-61.365059
25868.0,-61.32243
25870.0,-61.279655
25872.0,-61.236732
25874.0,-61.193665
25876.0,-61.150463
25878.0,-61.107124
25880.0,-61.063656
25882.0,-61.020061
25884.0,-60.976341
25886.0,-60.932503
25888.0,-60.88855
25890.0,-60.844486
25892.0,-60.79987
25894.0,-60.753613
25896.0,-60.706963
25898.0,-60.659912
25900.0,-60.61245
25902.0,-60.564568
25904.0,-60.516254
25906.0,-60.467499
25908.0,-60.418289
25910.0,-60.368618
25912.0,-60.318474
25914.0,-60.267845
25916.0,-60.216724
25918.0,-60.1651
25920.0,-60.112961
25922.0,-60.060299
25924.0,-60.007103
25926.0,-59.953365
25928.0,-59.899071
25930.0,-59.844212
25932.0,-59.787571
25934.0,-59.729805
25936.0,-59.671196
25938.0,-59.611729
25940.0,-59.551376
25942.0,-59.49012
25944.0,-59.42794
25946.0,-59.364811
25948.0,-59.300709
25950.0,-59.235619
25952.0,-59.169514
25954.0,-59.102371
25956.0,-59.034176
25958.0,-58.964901
25960.0,-58.894524
25962.0,-58.823025
25964.0,-58.750385
25966.0,-58.676579
25968.0,-58.601585
25970.0,-58.524307
25972.0,-58.443169
25974.0,-58.360233
25976.0,-58.275459
25978.0,-58.188801
25980.0,-58.100201
25982.0,-58.009621
25984.0,-57.917007
25986.0,-57.822319
25988.0,-57.725498
25990.0,-57.626507
25992.0,-57.525295
25994.0,-57.42181
25996.0,-57.31601
25998.0,-57.207844
26000.0,-57.097263
26002.0,-56.984222
26004.0,-56.868675
26006.0,-56.750568
26008.0,-56.62986
26010.0,-56.50209
26012.0,-56.36768
26014.0,-56.226673
26016.0,-56.078621
26018.0,-55.92305
26020.0,-55.761055
26022.0,-55.591511
26024.0,-55.414093
26026.0,-55.228489
26028.0,-55.033646
26030.0,-54.823193
26032.0,-54.600624
26034.0,-54.365402
26036.0,-54.116993
26038.0,-53.854851
26040.0,-53.578449
26042.0,-53.287243
26044.0,-52.980694
26046.0,-52.622185
26048.0,-52.231461
26050.0,-51.808846
26052.0,-51.352322
26054.0,-50.859879
26056.0,-50.329506
26058.0,-49.759186
26060.0,-49.146912
26062.0,-48.47094
26064.0,-47.709499
26066.0,-46.845238
26068.0,-45.857121
26070.0,-44.709507
26072.0,-43.358913
26074.0,-41.742146
26076.0,-39.770752
26078.0,-37.340687
26080.0,-34.224102
26082.0,-30.142391
26084.0,-24.875319
26086.0,-18.379133
26088.0,-11.883574
26090.0,-7.4765906
26092.0,-6.2285805
26094.0,-7.7514644
26096.0,-11.102898
26098.0,-15.422381
26100.0,-20.077501
26102.0,-24.640406
26104.0,-28.872622
26106.0,-32.733868
26108.0,-36.242203
26110.0,-39.411301
26112.0,-42.258614
26114.0,-44.805729
26116.0,-47.068661
26118.0,-49.06654
26120.0,-50.82198
26122.0,-52.356987
26124.0,-53.698261
26126.0,-54.867188
26128.0,-55.887421
26130.0,-56.775867
26132.0,-57.550724
26134.0,-58.235153
26136.0,-58.83305
26138.0,-59.34737
26140.0,-59.800179
26142.0,-60.200642
26144.0,-60.555485
26146.0,-60.879097
26148.0,-61.172428
26150.0,-61.423977
26152.0,-61.647709
26154.0,-61.848896
26156.0,-62.034473
26158.0,-62.208633
26160.0,-62.372536
26162.0,-62.511456
26164.0,-62.633469
26166.0,-62.74033
26168.0,-62.844868
26170.0,-62.945442
26172.0,-63.04425
26174.0,-63.124218
26176.0,-63.191734
26178.0,-63.245621
26180.0,-63.303261
26182.0,-63.360924
26184.0,-63.421139
26186.0,-63.467407
26188.0,-63.50222
26190.0,-63.525093
26192.0,-63.55106
26194.0,-63.581512
26196.0,-63.616776
26198.0,-63.643497
26200.0,-63.657829
26202.0,-63.661152
26204.0,-63.665298
26206.0,-63.677593
26208.0,-63.696186
26210.0,-63.711193
26212.0,-63.712376
26214.0,-63.703045
26216.0,-63.691372
26218.0,-63.690891
26220.0,-63.697632
26222.0,-63.705521
26224.0,-63.698025
26226.0,-63.68034
26228.0,-63.656715
26230.0,-63.646721
26232.0,-63.644489
26234.0,-63.647873
26236.0,-63.63451
26238.0,-63.611271
26240.0,-63.578434
26242.0,-63.561035
26244.0,-63.551613
26246.0,-63.55191
26248.0,-63.534504
26250.0,-63.507614
26252.0,-63.467949
26254.0,-63.437141
26256.0,-63.408283
26258.0,-63.383095
26260.0,-63.356518
26262.0,-63.330429
26264.0,-63.305557
26266.0,-63.280544
26268.0,-63.255352
26270.0,-63.230045
26272.0,-63.203953
26274.0,-63.177338
26276.0,-63.150372
26278.0,-63.123062
26280.0,-63.095402
26282.0,-63.067394
26284.0,-63.03904
26286.0,-63.010353
26288.0,-62.981331
26290.0,-62.951969
26292.0,-62.92226
26294.0,-62.892208
26296.0,-62.861809
26298.0,-62.83107
26300.0,-62.799984
26302.0,-62.768559
26304.0,-62.736786
26306.0,-62.70467
26308.0,-62.672207
26310.0,-62.639404
26312.0,-62.60638
26314.0,-62.573219
26316.0,-62.539764
26318.0,-62.506008
26320.0,-62.471951
26322.0,-62.437595
26324.0,-62.402939
26326.0,-62.367985
26328.0,-62.332733
26330.0,-62.29718
26332.0,-62.261326
26334.0,-62.225178
26336.0,-62.188725
26338.0,-62.151974
26340.0,-62.114918
26342.0,-62.077564
26344.0,-62.039909
26346.0,-62.001957
26348.0,-61.963703
26350.0,-61.925148
26352.0,-61.886295
26354.0,-61.847141
26356.0,-61.80769
26358.0,-61.767937
26360.0,-61.727886
26362.0,-61.687531
26364.0,-61.646881
26366.0,-61.60593
26368.0,-61.564678
26370.0,-61.523129
26372.0,-61.481277
26374.0,-61.439125
26376.0,-61.396675
26378.0,-61.353924
26380.0,-61.310875
26382.0,-61.267525
26384.0,-61.223877
26386.0,-61.179928
26388.0,-61.135345
26390.0,-61.090233
26392.0,-61.044739
26394.0,-60.998871
26396.0,-60.952621
26398.0,-60.905998
26400.0,-60.858997
26402.0,-60.811619
26404.0,-60.763863
26406.0,-60.715733
26408.0,-60.667221
26410.0,-60.618332
26412.0,-60.568733
26414.0,-60.518009
26416.0,-60.466755
26418.0,-60.414967
26420.0,-60.362648
26422.0,-60.309795
26424.0,-60.256413
26426.0,-60.202499
26428.0,-60.148052
26430.0,-60.093075
26432.0,-60.037563
26434.0,-59.981522
26436.0,-59.924824
26438.0,-59.862625
26440.0,-59.799435
26442.0,-59.735252
26444.0,-59.670078
26446.0,-59.603916
26448.0,-59.536758
26450.0,-59.468613
26452.0,-59.399475
26454.0,-59.329346
26456.0,-59.258221
26458.0,-59.186108
26460.0,-59.113007
26462.0,-59.03891
26464.0,-58.963821
26466.0,-58.887741
26468.0,-58.810673
26470.0,-58.732613
26472.0,-58.653557
26474.0,-58.573513
26476.0,-58.492477
26478.0,-58.41045
26480.0,-58.322498
26482.0,-58.23214
26484.0,-58.139782
26486.0,-58.045437
26488.0,-57.949093
26490.0,-57.850754
26492.0,-57.75042
26494.0,-57.64809
26496.0,-57.543766
26498.0,-57.436699
26500.0,-57.31958
26502.0,-57.198868
26504.0,-57.074566
26506.0,-56.946667
26508.0,-56.81517
26510.0,-56.680084
26512.0,-56.541405
26514.0,-56.399128
26516.0,-56.253258
26518.0,-56.098248
26520.0,-55.92234
26522.0,-55.738823
26524.0,-55.547695
26526.0,-55.348949
26528.0,-55.142593
26530.0,-54.928623
26532.0,-54.707039
26534.0,-54.47784
26536.0,-54.241028
26538.0,-53.990276
26540.0,-53.719482
26542.0,-53.434513
26544.0,-53.135368
26546.0,-52.809849
26548.0,-52.456306
26550.0,-52.08004
26552.0,-51.681053
26554.0,-51.229252
26556.0,-50.734245
26558.0,-50.200886
26560.0,-49.628078
26562.0,-48.941578
26564.0,-48.185192
26566.0,-47.358917
26568.0,-46.452034
26570.0,-45.394989
26572.0,-44.154736
26574.0,-42.68676
26576.0,-40.920319
26578.0,-38.687714
26580.0,-35.934044
26582.0,-32.366226
26584.0,-27.645452
26586.0,-21.60907
26588.0,-14.813744
26590.0,-9.2080917
26592.0,-6.4861336
26594.0,-6.7712259
26596.0,-9.3265295
26598.0,-13.252203
26600.0,-17.810568
26602.0,-22.45804
26604.0,-26.863514
26606.0,-30.950232
26608.0,-34.688675
26610.0,-38.074764
26612.0,-41.11834
26614.0,-43.835396
26616.0,-46.257488
26618.0,-48.394127
26620.0,-50.283089
26622.0,-51.942184
26624.0,-53.385986
26626.0,-54.654339
26628.0,-55.745537
26630.0,-56.674244
26632.0,-57.486
26634.0,-58.185745
26636.0,-58.792698
26638.0,-59.328289
26640.0,-59.810482
26642.0,-60.246414
26644.0,-60.632915
26646.0,-60.98999
26648.0,-61.306622
26650.0,-61.569561
26652.0,-61.789471
26654.0,-61.994839
26656.0,-62.203167
26658.0,-62.41811
26660.0,-62.614799
26662.0,-62.795147
26664.0,-62.96434
26666.0,-63.106709
26668.0,-63.222561
26670.0,-63.310551
26672.0,-63.409439
26674.0,-63.510838
26676.0,-63.617046
26678.0,-63.706352
26680.0,-63.787842
26682.0,-63.859562
26684.0,-63.916851
26686.0,-63.959122
26688.0,-63.992119
26690.0,-64.026184
26692.0,-64.05442
26694.0,-64.076736
26696.0,-64.09301
26698.0,-64.110321
26700.0,-64.125992
26702.0,-64.138054
26704.0,-64.1465
26706.0,-64.151329
26708.0,-64.15255
26710.0,-64.150162
26712.0,-64.147781
26714.0,-64.144821
26716.0,-64.139656
26718.0,-64.132294
26720.0,-64.122726
26722.0,-64.110962
26724.0,-64.097
26726.0,-64.082672
26728.0,-64.068207
26730.0,-64.052391
26732.0,-64.035225
26734.0,-64.016701
26736.0,-63.996819
26738.0,-63.975586
26740.0,-63.953869
26742.0,-63.932148
26744.0,-63.909561
26746.0,-63.886108
26748.0,-63.861794
26750.0,-63.836617
26752.0,-63.810577
26754.0,-63.784309
26756.0,-63.758453
26758.0,-63.732018
26760.0,-63.705013
26762.0,-63.677429
26764.0,-63.649273
26766.0,-63.620541
26768.0,-63.591232
26770.0,-63.561348
26772.0,-63.530891
26774.0,-63.499855
26776.0,-63.468246
26778.0,-63.437153
26780.0,-63.405849
26782.0,-63.374176
26784.0,-63.342133
26786.0,-63.309719
26788.0,-63.276932
26790.0,-63.243774
26792.0,-63.210251
26794.0,-63.176353
26796.0,-63.142086
26798.0,-63.107445
26800.0,-63.072765
26802.0,-63.038391
26804.0,-63.003742
26806.0,-62.968826
26808.0,-62.933636
26810.0,-62.898174
26812.0,-62.862438
26814.0,-62.826435
26816.0,-62.790157
26818.0,-62.753609
26820.0,-62.716789
26822.0,-62.679699
26824.0,-62.642334
26826.0,-62.604698
26828.0,-62.566792
26830.0,-62.528614
26832.0,-62.490166
26834.0,-62.451443
26836.0,-62.412449
26838.0,-62.373474
26840.0,-62.334373
26842.0,-62.295044
26844.0,-62.255486
26846.0,-62.215694
26848.0,-62.175674
26850.0,-62.135422
26852.0,-62.094944
26854.0,-62.054234
26856.0,-62.01329
26858.0,-61.972118
26860.0,-61.930717
26862.0,-61.889088
26864.0,-61.847225
26866.0,-61.805134
26868.0,-61.762814
26870.0,-61.720261
26872.0,-61.677479
26874.0,-61.634254
26876.0,-61.588722
26878.0,-61.542831
26880.0,-61.496586
26882.0,-61.449982
26884.0,-61.403019
26886.0,-61.355698
26888.0,-61.308018
26890.0,-61.259979
26892.0,-61.211582
26894.0,-61.16283
26896.0,-61.113716
26898.0,-61.064247
26900.0,-61.01442
26902.0,-60.964233
26904.0,-60.913689
26906.0,-60.862785
26908.0,-60.811523
26910.0,-60.759907
26912.0,-60.707932
26914.0,-60.655594
26916.0,-60.602901
26918.0,-60.54985
26920.0,-60.496441
26922.0,-60.442677
26924.0,-60.38855
26926.0,-60.334068
26928.0,-60.279224
26930.0,-60.224026
26932.0,-60.168468
26934.0,-60.112553
26936.0,-60.056278
26938.0,-59.999645
26940.0,-59.942657
26942.0,-59.885307
26944.0,-59.826485
26946.0,-59.765854
26948.0,-59.704384
26950.0,-59.642071
26952.0,-59.578918
26954.0,-59.514927
26956.0,-59.450096
26958.0,-59.384426
26960.0,-59.317913
26962.0,-59.249268
26964.0,-59.179276
26966.0,-59.108124
26968.0,-59.035816
26970.0,-58.962353
26972.0,-58.88773
26974.0,-58.811951
26976.0,-58.735016
26978.0,-58.65559
26980.0,-58.569534
26982.0,-58.481468
26984.0,-58.391384
26986.0,-58.299286
26988.0,-58.205173
26990.0,-58.109047
26992.0,-58.01091
26994.0,-57.910755
26996.0,-57.808586
26998.0,-57.704403
27000.0,-57.598206
27002.0,-57.489998
27004.0,-57.379772
27006.0,-57.267532
27008.0,-57.136654
27010.0,-56.995853
27012.0,-56.850147
27014.0,-56.699535
27016.0,-56.544018
27018.0,-56.383591
27020.0,-56.218262
27022.0,-56.048027
27024.0,-55.872883
27026.0,-55.692837
27028.0,-55.507885
27030.0,-55.318024
27032.0,-55.12326
27034.0,-54.923588
27036.0,-54.715366
27038.0,-54.489697
27040.0,-54.252907
27042.0,-54.005001
27044.0,-53.739132
27046.0,-53.45509
27048.0,-53.155289
27050.0,-52.838692
27052.0,-52.488781
27054.0,-52.115299
27056.0,-51.718246
27058.0,-51.284275
27060.0,-50.800491
27062.0,-50.27882
27064.0,-49.719257
27066.0,-49.054863
27068.0,-48.307362
27070.0,-47.486374
27072.0,-46.581627
27074.0,-45.536926
27076.0,-44.32272
27078.0,-42.898022
27080.0,-41.15963
27082.0,-38.988014
27084.0,-36.302654
27086.0,-32.857018
27088.0,-28.320034
27090.0,-22.440676
27092.0,-15.633194
27094.0,-9.740777
27096.0,-6.6173272
27098.0,-6.5604382
27100.0,-8.8821373
27102.0,-12.671811
27104.0,-17.173096
27106.0,-21.841167
27108.0,-26.333124
27110.0,-30.493841
27112.0,-34.289761
27114.0,-37.738194
27116.0,-40.841656
27118.0,-43.610035
27120.0,-46.072395
27122.0,-48.241772
27124.0,-50.162228
27126.0,-51.837006
27128.0,-53.309429
27130.0,-54.600826
27132.0,-55.750591
27134.0,-56.749519
27136.0,-57.602917
27138.0,-58.334549
27140.0,-58.986542
27142.0,-59.550148
27144.0,-60.038074
27146.0,-60.461449
27148.0,-60.823296
27150.0,-61.1399
27152.0,-61.422539
27154.0,-61.68248
27156.0,-61.893909
27158.0,-62.080452
27160.0,-62.249229
27162.0,-62.406845
27164.0,-62.543243
27166.0,-62.664532
27168.0,-62.777775
27170.0,-62.886791
27172.0,-62.985195
27174.0,-63.070362
27176.0,-63.14872
27178.0,-63.221645
27180.0,-63.289043
27182.0,-63.349594
27184.0,-63.405716
27186.0,-63.458229
27188.0,-63.507217
27190.0,-63.549473
27192.0,-63.587315
27194.0,-63.620953
27196.0,-63.650597
27198.0,-63.677288
27200.0,-63.700943
27202.0,-63.72187
27204.0,-63.740395
27206.0,-63.755089
27208.0,-63.766644
27210.0,-63.775627
27212.0,-63.782272
27214.0,-63.786804
27216.0,-63.789463
27218.0,-63.790478
27220.0,-63.789528
27222.0,-63.786133
27224.0,-63.781162
27226.0,-63.774769
27228.0,-63.76712
27230.0,-63.758377
27232.0,-63.748695
27234.0,-63.738235
27236.0,-63.725647
27238.0,-63.711987
27240.0,-63.697376
27242.0,-63.6819
27244.0,-63.665653
27246.0,-63.648724
27248.0,-63.631203
27250.0,-63.612606
27252.0,-63.592842
27254.0,-63.572315
27256.0,-63.551064
27258.0,-63.529137
27260.0,-63.506577
27262.0,-63.483418
27264.0,-63.459713
27266.0,-63.435505
27268.0,-63.410831
27270.0,-63.385738
27272.0,-63.360271
27274.0,-63.334476
27276.0,-63.307884
27278.0,-63.280685
27280.0,-63.253063
27282.0,-63.225037
27284.0,-63.196625
27286.0,-63.167843
27288.0,-63.13871
27290.0,-63.109241
27292.0,-63.079449
27294.0,-63.049351
27296.0,-63.018959
27298.0,-62.988281
27300.0,-62.957333
27302.0,-62.926014
27304.0,-62.894394
27306.0,-62.862488
27308.0,-62.830307
27310.0,-62.797848
27312.0,-62.76511
27314.0,-62.732098
27316.0,-62.698807
27318.0,-62.665234
27320.0,-62.631378
27322.0,-62.597237
27324.0,-62.562798
27326.0,-62.528091
27328.0,-62.493702
27330.0,-62.459133
27332.0,-62.424389
27334.0,-62.389465
27336.0,-62.354359
27338.0,-62.319065
27340.0,-62.283573
27342.0,-62.247883
27344.0,-62.211979
27346.0,-62.175858
27348.0,-62.139503
27350.0,-62.102905
27352.0,-62.066048
27354.0,-62.028919
27356.0,-61.991501
27358.0,-61.953777
27360.0,-61.91573
27362.0,-61.877338
27364.0,-61.838577
27366.0,-61.799431
27368.0,-61.759872
27370.0,-61.719875
27372.0,-61.679417
27374.0,-61.63847
27376.0,-61.597
27378.0,-61.554981
27380.0,-61.512386
27382.0,-61.469402
27384.0,-61.428513
27386.0,-61.387333
27388.0,-61.34586
27390.0,-61.304073
27392.0,-61.261959
27394.0,-61.219501
27396.0,-61.176685
27398.0,-61.133492
27400.0,-61.089901
27402.0,-61.045895
27404.0,-61.001457
27406.0,-60.956562
27408.0,-60.91119
27410.0,-60.865318
27412.0,-60.818928
27414.0,-60.771988
27416.0,-60.72448
27418.0,-60.676373
27420.0,-60.62764
27422.0,-60.578262
27424.0,-60.528202
27426.0,-60.477436
27428.0,-60.425938
27430.0,-60.373669
27432.0,-60.320599
27434.0,-60.266705
27436.0,-60.211941
27438.0,-60.156418
27440.0,-60.101055
27442.0,-60.044888
27444.0,-59.987881
27446.0,-59.930016
27448.0,-59.871258
27450.0,-59.811577
27452.0,-59.75095
27454.0,-59.689342
27456.0,-59.626728
27458.0,-59.563068
27460.0,-59.498337
27462.0,-59.432503
27464.0,-59.365524
27466.0,-59.297379
27468.0,-59.228024
27470.0,-59.157429
27472.0,-59.085556
27474.0,-59.012367
27476.0,-58.937832
27478.0,-58.861912
27480.0,-58.784565
27482.0,-58.705753
27484.0,-58.625443
27486.0,-58.543587
27488.0,-58.460148
27490.0,-58.375088
27492.0,-58.288364
27494.0,-58.199261
27496.0,-58.104237
27498.0,-58.006794
27500.0,-57.906857
27502.0,-57.80434
27504.0,-57.699165
27506.0,-57.591248
27508.0,-57.480503
27510.0,-57.36684
27512.0,-57.250179
27514.0,-57.130424
27516.0,-57.007484
27518.0,-56.881275
27520.0,-56.751694
27522.0,-56.618652
27524.0,-56.482048
27526.0,-56.341789
27528.0,-56.197769
27530.0,-56.049896
27532.0,-55.898064
27534.0,-55.742165
27536.0,-55.582104
27538.0,-55.417763
27540.0,-55.249043
27542.0,-55.075832
27544.0,-54.898018
27546.0,-54.715492
27548.0,-54.528141
27550.0,-54.334068
27552.0,-54.120941
27554.0,-53.891369
27556.0,-53.6437
27558.0,-53.376221
27560.0,-53.087151
27562.0,-52.774639
27564.0,-52.435677
27566.0,-52.062763
27568.0,-51.656593
27570.0,-51.214249
27572.0,-50.732693
27574.0,-50.208763
27576.0,-49.639179
27578.0,-49.015541
27580.0,-48.304398
27582.0,-47.505302
27584.0,-46.603882
27586.0,-45.576122
27588.0,-44.314312
27590.0,-42.811264
27592.0,-41.0172
27594.0,-38.872955
27596.0,-36.1203
27598.0,-32.599831
27600.0,-28.064554
27602.0,-22.250656
27604.0,-15.534593
27606.0,-9.5231714
27608.0,-6.3678575
27610.0,-6.4544411
27612.0,-8.9122162
27614.0,-12.778782
27616.0,-17.307459
27618.0,-21.938406
27620.0,-26.333292
27622.0,-30.288448
27624.0,-33.803711
27626.0,-36.938564
27628.0,-39.760101
27630.0,-42.361206
27632.0,-44.710888
27634.0,-46.80661
27636.0,-48.648853
27638.0,-50.260105
27640.0,-51.672195
27642.0,-52.910835
27644.0,-54.000824
27646.0,-54.955482
27648.0,-55.801552
27650.0,-56.556633
27652.0,-57.213711
27654.0,-57.798584
27656.0,-58.319946
27658.0,-58.781017
27660.0,-59.19698
27662.0,-59.565212
27664.0,-59.886909
27666.0,-60.17123
27668.0,-60.43708
27670.0,-60.69138
27672.0,-60.93961
27674.0,-61.154911
27676.0,-61.349346
27678.0,-61.522171
27680.0,-61.670956
27682.0,-61.795784
27684.0,-61.916939
27686.0,-62.061909
27688.0,-62.230896
27690.0,-62.379139
27692.0,-62.491669
27694.0,-62.570602
27696.0,-62.665226
27698.0,-62.764866
27700.0,-62.868858
27702.0,-62.945873
27704.0,-63.004383
27706.0,-63.041359
27708.0,-63.055435
27710.0,-63.04232
27712.0,-63.044521
27714.0,-63.102661
27716.0,-63.217697
27718.0,-63.29792
27720.0,-63.332912
27722.0,-63.322617
27724.0,-63.334457
27726.0,-63.344986
27728.0,-63.3512
27730.0,-63.323994
27732.0,-63.269768
27734.0,-63.207493
27736.0,-63.173962
27738.0,-63.163952
27740.0,-63.160648
27742.0,-63.156475
27744.0,-63.158199
27746.0,-63.172802
27748.0,-63.200405
27750.0,-63.23827
27752.0,-63.24345
27754.0,-63.221046
27756.0,-63.179585
27758.0,-63.16711
27760.0,-63.170998
27762.0,-63.176292
27764.0,-63.162174
27766.0,-63.135326
27768.0,-63.110493
27770.0,-63.091385
27772.0,-63.076862
27774.0,-63.08297
27776.0,-63.111298
27778.0,-63.159782
27780.0,-63.184399
27782.0,-63.194454
27784.0,-63.197372
27786.0,-63.219479
27788.0,-63.252163
27790.0,-63.275532
27792.0,-63.272243
27794.0,-63.243687
27796.0,-63.219734
27798.0,-63.201649
27800.0,-63.188892
27802.0,-63.167976
27804.0,-63.144722
27806.0,-63.114754
27808.0,-63.059925
27810.0,-62.981216
27812.0,-62.894894
27814.0,-62.830723
27816.0,-62.783657
27818.0,-62.732044
27820.0,-62.665897
27822.0,-62.58913
27824.0,-62.534618
27826.0,-62.500935
27828.0,-62.48777
27830.0,-62.453583
27832.0,-62.408474
27834.0,-62.355007
27836.0,-62.312485
27838.0,-62.273708
27840.0,-62.242592
27842.0,-62.223423
27844.0,-62.218197
27846.0,-62.192219
27848.0,-62.13427
27850.0,-62.040882
27852.0,-61.983318
27854.0,-61.945045
27856.0,-61.926792
27858.0,-61.885372
27860.0,-61.834301
27862.0,-61.778419
27864.0,-61.73315
27866.0,-61.693356
27868.0,-61.656925
27870.0,-61.622486
27872.0,-61.591793
27874.0,-61.561134
27876.0,-61.530087
27878.0,-61.498257
27880.0,-61.466232
27882.0,-61.433022
27884.0,-61.398682
27886.0,-61.364582
27888.0,-61.32959
27890.0,-61.293461
27892.0,-61.255966
27894.0,-61.219639
27896.0,-61.182762
27898.0,-61.145222
27900.0,-61.106888
27902.0,-61.067646
27904.0,-61.027378
27906.0,-60.986355
27908.0,-60.945621
27910.0,-60.904255
27912.0,-60.862232
27914.0,-60.819527
27916.0,-60.776115
27918.0,-60.731972
27920.0,-60.687366
27922.0,-60.642391
27924.0,-60.59679
27926.0,-60.550575
27928.0,-60.503738
27930.0,-60.45628
27932.0,-60.408203
27934.0,-60.359509
27936.0,-60.310192
27938.0,-60.260254
27940.0,-60.209702
27942.0,-60.158524
27944.0,-60.106148
27946.0,-60.053017
27948.0,-59.999168
27950.0,-59.944603
27952.0,-59.889317
27954.0,-59.833313
27956.0,-59.776592
27958.0,-59.719151
27960.0,-59.660992
27962.0,-59.602112
27964.0,-59.542515
27966.0,-59.479645
27968.0,-59.411274
27970.0,-59.341579
27972.0,-59.270557
27974.0,-59.198215
27976.0,-59.124546
27978.0,-59.049553
27980.0,-58.973236
27982.0,-58.895596
27984.0,-58.816631
27986.0,-58.736343
27988.0,-58.654732
27990.0,-58.571793
27992.0,-58.487534
27994.0,-58.401947
27996.0,-58.315037
27998.0,-58.226803
28000.0,-58.137245
28002.0,-58.046364
28004.0,-57.954159
28006.0,-57.86063
28008.0,-57.765774
28010.0,-57.669598
28012.0,-57.567833
28014.0,-57.462711
28016.0,-57.354759
28018.0,-57.24398
28020.0,-57.130375
28022.0,-57.013153
28024.0,-56.890053
28026.0,-56.763046
28028.0,-56.632133
28030.0,-56.497318
28032.0,-56.358593
28034.0,-56.212555
28036.0,-56.059135
28038.0,-55.900063
28040.0,-55.735336
28042.0,-55.564953
28044.0,-55.388912
28046.0,-55.196209
28048.0,-54.993652
28050.0,-54.780907
28052.0,-54.557632
28054.0,-54.323486
28056.0,-54.078125
28058.0,-53.821213
28060.0,-53.552406
28062.0,-53.256874
28064.0,-52.926216
28066.0,-52.571453
28068.0,-52.191124
28070.0,-51.783768
28072.0,-51.347927
28074.0,-50.882141
28076.0,-50.384949
28078.0,-49.854889
28080.0,-49.26376
28082.0,-48.604
28084.0,-47.860779
28086.0,-47.022289
28088.0,-46.039211
28090.0,-44.882912
28092.0,-43.541142
28094.0,-41.96907
28096.0,-40.053539
28098.0,-37.665115
28100.0,-34.628933
28102.0,-30.627905
28104.0,-25.44836
28106.0,-19.10228
28108.0,-12.521568
28110.0,-7.7943854
28112.0,-6.2134147
28114.0,-7.4997363
28116.0,-10.728518
28118.0,-15.005307
28120.0,-19.636269
28122.0,-24.173172
28124.0,-28.437317
28126.0,-32.372803
28128.0,-35.967117
28130.0,-39.21991
28132.0,-42.140312
28134.0,-44.755383
28136.0,-47.069489
28138.0,-49.122181
28140.0,-50.923885
28142.0,-52.502819
28144.0,-53.88681
28146.0,-55.09362
28148.0,-56.127407
28150.0,-57.038589
28152.0,-57.84145
28154.0,-58.55365
28156.0,-59.158142
28158.0,-59.679203
28160.0,-60.130009
28162.0,-60.532318
28164.0,-60.897221
28166.0,-61.233585
28168.0,-61.51527
28170.0,-61.761024
28172.0,-61.977661
28174.0,-62.180103
28176.0,-62.371548
28178.0,-62.549999
28180.0,-62.699036
28182.0,-62.827473
28184.0,-62.942104
28186.0,-63.054501
28188.0,-63.16412
28190.0,-63.263832
28192.0,-63.345318
28194.0,-63.412365
28196.0,-63.474304
28198.0,-63.537186
28200.0,-63.600647
28202.0,-63.654354
28204.0,-63.69614
28206.0,-63.727051
28208.0,-63.758812
28210.0,-63.791828
28212.0,-63.827011
28214.0,-63.851658
28216.0,-63.868778
28218.0,-63.87793
28220.0,-63.89101
28222.0,-63.905144
28224.0,-63.92065
28226.0,-63.927494
28228.0,-63.928696
28230.0,-63.925171
28232.0,-63.925247
28234.0,-63.926823
28236.0,-63.929012
28238.0,-63.928185
28240.0,-63.92725
28242.0,-63.926205
28244.0,-63.925053
28246.0,-63.915668
28248.0,-63.902126
28250.0,-63.88512
28252.0,-63.864655
28254.0,-63.846004
28256.0,-63.833702
28258.0,-63.822681
28260.0,-63.81295
28262.0,-63.804466
28264.0,-63.783783
28266.0,-63.759422
28268.0,-63.731392
28270.0,-63.699688
28272.0,-63.672871
28274.0,-63.654137
28276.0,-63.637928
28278.0,-63.624241
28280.0,-63.612396
28282.0,-63.595325
28284.0,-63.577797
28286.0,-63.559807
28288.0,-63.541359
28290.0,-63.518803
28292.0,-63.492008
28294.0,-63.462551
28296.0,-63.430439
28298.0,-63.397377
28300.0,-63.370739
28302.0,-63.345131
28304.0,-63.320553
28306.0,-63.297005
28308.0,-63.267731
28310.0,-63.234184
28312.0,-63.1982
28314.0,-63.159771
28316.0,-63.121899
28318.0,-63.091366
28320.0,-63.062618
28322.0,-63.035656
28324.0,-63.010479
28326.0,-62.977154
28328.0,-62.939732
28330.0,-62.89967
28332.0,-62.856968
28334.0,-62.816368
28336.0,-62.783787
28338.0,-62.753502
28340.0,-62.72551
28342.0,-62.699814
28344.0,-62.663052
28346.0,-62.622723
28348.0,-62.579453
28350.0,-62.533245
28352.0,-62.490952
28354.0,-62.456913
28356.0,-62.425537
28358.0,-62.396828
28360.0,-62.370197
28362.0,-62.330532
28364.0,-62.287651
28366.0,-62.241558
28368.0,-62.192249
28370.0,-62.148872
28372.0,-62.113415
28374.0,-62.080856
28376.0,-62.051193
28378.0,-62.022366
28380.0,-61.98045
28382.0,-61.935139
28384.0,-61.886429
28386.0,-61.834324
28388.0,-61.790134
28390.0,-61.752972
28392.0,-61.718773
28394.0,-61.687538
28396.0,-61.65564
28398.0,-61.611313
28400.0,-61.563541
28402.0,-61.512318
28404.0,-61.457653
28406.0,-61.412567
28408.0,-61.373123
28410.0,-61.336525
28412.0,-61.302773
28414.0,-61.268467
28416.0,-61.2276
28418.0,-61.185402
28420.0,-61.141872
28422.0,-61.097012
28424.0,-61.05233
28426.0,-61.007111
28428.0,-60.961197
28430.0,-60.914593
28432.0,-60.867599
28434.0,-60.820427
28436.0,-60.77272
28438.0,-60.724476
28440.0,-60.675694
28442.0,-60.626381
28444.0,-60.576527
28446.0,-60.526142
28448.0,-60.47522
28450.0,-60.422806
28452.0,-60.369671
28454.0,-60.315891
28456.0,-60.261467
28458.0,-60.20639
28460.0,-60.150669
28462.0,-60.094303
28464.0,-60.037285
28466.0,-59.979622
28468.0,-59.921314
28470.0,-59.862354
28472.0,-59.80275
28474.0,-59.7425
28476.0,-59.681599
28478.0,-59.620052
28480.0,-59.557858
28482.0,-59.495018
28484.0,-59.429512
28486.0,-59.359703
28488.0,-59.288658
28490.0,-59.216377
28492.0,-59.142864
28494.0,-59.068115
28496.0,-58.992134
28498.0,-58.914913
28500.0,-58.83646
28502.0,-58.756775
28504.0,-58.67585
28506.0,-58.593693
28508.0,-58.5103
28510.0,-58.425674
28512.0,-58.339809
28514.0,-58.252712
28516.0,-58.164383
28518.0,-58.074814
28520.0,-57.967777
28522.0,-57.854431
28524.0,-57.737743
28526.0,-57.61771
28528.0,-57.494339
28530.0,-57.367622
28532.0,-57.237564
28534.0,-57.104164
28536.0,-56.967419
28538.0,-56.827335
28540.0,-56.683907
28542.0,-56.537136
28544.0,-56.38702
28546.0,-56.233566
28548.0,-56.076767
28550.0,-55.916626
28552.0,-55.753143
28554.0,-55.583443
28556.0,-55.400757
28558.0,-55.210533
28560.0,-55.012772
28562.0,-54.80748
28564.0,-54.585953
28566.0,-54.352543
28568.0,-54.107971
28570.0,-53.852242
28572.0,-53.577503
28574.0,-53.279697
28576.0,-52.964588
28578.0,-52.632168
28580.0,-52.278351
28582.0,-51.873161
28584.0,-51.437172
28586.0,-50.970379
28588.0,-50.472782
28590.0,-49.88401
28592.0,-49.216576
28594.0,-48.486881
28596.0,-47.694931
28598.0,-46.823956
28600.0,-45.825569
28602.0,-44.656834
28604.0,-43.283588
28606.0,-41.643841
28608.0,-39.602253
28610.0,-37.03027
28612.0,-33.792995
28614.0,-29.55986
28616.0,-24.006224
28618.0,-17.372562
28620.0,-11.026115
28622.0,-7.1029253
28624.0,-6.3196955
28626.0,-8.1011009
28628.0,-11.552849
28630.0,-15.873148
28632.0,-20.435963
28634.0,-24.865187
28636.0,-29.003981
28638.0,-32.813114
28640.0,-36.294331
28642.0,-39.445942
28644.0,-42.271431
28646.0,-44.787773
28648.0,-47.014668
28650.0,-48.97702
28652.0,-50.701767
28654.0,-52.215523
28656.0,-53.538467
28658.0,-54.69096
28660.0,-55.69912
28662.0,-56.585155
28664.0,-57.35004
28666.0,-58.023342
28668.0,-58.62484
28670.0,-59.156757
28672.0,-59.627697
28674.0,-60.058777
28676.0,-60.460033
28678.0,-60.813408
28680.0,-61.141098
28682.0,-61.451241
28684.0,-61.733696
28686.0,-61.988823
28688.0,-62.225113
28690.0,-62.441185
28692.0,-62.617947
28694.0,-62.763809
28696.0,-62.877342
28698.0,-62.984917
28700.0,-63.092007
28702.0,-63.197983
28704.0,-63.303616
28706.0,-63.398224
28708.0,-63.490887
28710.0,-63.583405
28712.0,-63.653862
28714.0,-63.701759
28716.0,-63.727211
28718.0,-63.739658
28720.0,-63.768688
28722.0,-63.803467
28724.0,-63.848545
28726.0,-63.889843
28728.0,-63.932529
28730.0,-63.979149
28732.0,-64.020317
28734.0,-64.037262
28736.0,-64.034981
28738.0,-64.009048
28740.0,-64.002777
28742.0,-64.004723
28744.0,-64.017174
28746.0,-64.03582
28748.0,-64.052498
28750.0,-64.074043
28752.0,-64.10099
28754.0,-64.103004
28756.0,-64.100784
28758.0,-64.09433
28760.0,-64.083633
28762.0,-64.06871
28764.0,-64.053764
28766.0,-64.038902
28768.0,-64.022041
28770.0,-64.003189
28772.0,-63.98233
28774.0,-63.960144
28776.0,-63.938492
28778.0,-63.915775
28780.0,-63.891987
28782.0,-63.867134
28784.0,-63.841213
28786.0,-63.816017
28788.0,-63.790382
28790.0,-63.764088
28792.0,-63.737137
28794.0,-63.709526
28796.0,-63.681259
28798.0,-63.652332
28800.0,-63.622749
28802.0,-63.59251
28804.0,-63.562607
28806.0,-63.532459
28808.0,-63.501888
28810.0,-63.470905
28812.0,-63.439499
28814.0,-63.407677
28816.0,-63.375439
28818.0,-63.342781
28820.0,-63.309704
28822.0,-63.276989
28824.0,-63.244164
28826.0,-63.211048
28828.0,-63.177639
28830.0,-63.14394
28832.0,-63.109947
28834.0,-63.075665
28836.0,-63.041088
28838.0,-63.006222
28840.0,-62.971062
28842.0,-62.935612
28844.0,-62.899868
28846.0,-62.863834
28848.0,-62.827507
28850.0,-62.790993
28852.0,-62.754757
28854.0,-62.718292
28856.0,-62.681591
28858.0,-62.644657
28860.0,-62.607491
28862.0,-62.570087
28864.0,-62.532452
28866.0,-62.494583
28868.0,-62.456482
28870.0,-62.418144
28872.0,-62.37957
28874.0,-62.340767
28876.0,-62.301727
28878.0,-62.262455
28880.0,-62.222946
28882.0,-62.183205
28884.0,-62.14323
28886.0,-62.103024
28888.0,-62.06258
28890.0,-62.021904
28892.0,-61.980991
28894.0,-61.939838
28896.0,-61.898281
28898.0,-61.856476
28900.0,-61.814419
28902.0,-61.772114
28904.0,-61.729561
28906.0,-61.686756
28908.0,-61.643703
28910.0,-61.600403
28912.0,-61.55685
28914.0,-61.51305
28916.0,-61.468998
28918.0,-61.424702
28920.0,-61.38015
28922.0,-61.335354
28924.0,-61.290306
28926.0,-61.24501
28928.0,-61.199463
28930.0,-61.153667
28932.0,-61.107624
28934.0,-61.061329
28936.0,-61.014786
28938.0,-60.967995
28940.0,-60.920189
28942.0,-60.871964
28944.0,-60.823357
28946.0,-60.774368
28948.0,-60.724991
28950.0,-60.675232
28952.0,-60.625088
28954.0,-60.574558
28956.0,-60.523643
28958.0,-60.472347
28960.0,-60.420574
28962.0,-60.367458
28964.0,-60.313786
28966.0,-60.259556
28968.0,-60.204765
28970.0,-60.149418
28972.0,-60.09351
28974.0,-60.037048
28976.0,-59.980022
28978.0,-59.922443
28980.0,-59.864304
28982.0,-59.804558
28984.0,-59.74052
28986.0,-59.675465
28988.0,-59.60939
28990.0,-59.542301
28992.0,-59.47419
28994.0,-59.405064
28996.0,-59.334923
28998.0,-59.26376
29000.0,-59.191582
29002.0,-59.118385
29004.0,-59.044174
29006.0,-58.968941
29008.0,-58.892693
29010.0,-58.815426
29012.0,-58.737141
29014.0,-58.657841
29016.0,-58.577522
29018.0,-58.496185
29020.0,-58.41383
29022.0,-58.325493
29024.0,-58.234501
29026.0,-58.141499
29028.0,-58.04649
29030.0,-57.949471
29032.0,-57.850449
29034.0,-57.749416
29036.0,-57.646378
29038.0,-57.541328
29040.0,-57.434277
29042.0,-57.323017
29044.0,-57.203133
29046.0,-57.079792
29048.0,-56.952988
29050.0,-56.822731
29052.0,-56.689011
29054.0,-56.551834
29056.0,-56.411201
29058.0,-56.267109
29060.0,-56.119556
29062.0,-55.968548
29064.0,-55.794659
29066.0,-55.604019
29068.0,-55.404869
29070.0,-55.197216
29072.0,-54.981052
29074.0,-54.756386
29076.0,-54.523209
29078.0,-54.281528
29080.0,-54.031338
29082.0,-53.772644
29084.0,-53.504299
29086.0,-53.210056
29088.0,-52.897598
29090.0,-52.562946
29092.0,-52.200699
29094.0,-51.814331
29096.0,-51.390297
29098.0,-50.92955
29100.0,-50.431694
29102.0,-49.87241
29104.0,-49.263569
29106.0,-48.580219
29108.0,-47.797108
29110.0,-46.931965
29112.0,-45.905338
29114.0,-44.73177
29116.0,-43.407581
29118.0,-41.809868
29120.0,-39.865368
29122.0,-37.43716
29124.0,-34.286915
29126.0,-30.127344
29128.0,-24.738155
29130.0,-18.211977
29132.0,-11.806741
29134.0,-7.5284076
29136.0,-6.3796058
29138.0,-7.8917322
29140.0,-11.181999
29142.0,-15.485106
29144.0,-20.06542
29146.0,-24.478155
29148.0,-28.593416
29150.0,-32.392067
29152.0,-35.870808
29154.0,-39.030357
29156.0,-41.883217
29158.0,-44.444134
29160.0,-46.718994
29162.0,-48.74786
29164.0,-50.523506
29166.0,-52.097523
29168.0,-53.456451
29170.0,-54.677021
29172.0,-55.731064
29174.0,-56.67318
29176.0,-57.483711
29178.0,-58.209873
29180.0,-58.839916
29182.0,-59.401878
29184.0,-59.8937
29186.0,-60.331554
29188.0,-60.718567
29190.0,-61.062691
29192.0,-61.369392
29194.0,-61.642052
29196.0,-61.886875
29198.0,-62.104481
29200.0,-62.302151
29202.0,-62.478855
29204.0,-62.636368
29206.0,-62.777447
29208.0,-62.903549
29210.0,-63.016571
29212.0,-63.116386
29214.0,-63.204769
29216.0,-63.283978
29218.0,-63.355736
29220.0,-63.421768
29222.0,-63.483799
29224.0,-63.534206
29226.0,-63.579174
29228.0,-63.619991
29230.0,-63.657696
29232.0,-63.693321
29234.0,-63.726505
29236.0,-63.751633
29238.0,-63.773518
29240.0,-63.79258
29242.0,-63.809242
29244.0,-63.823933
29246.0,-63.836349
29248.0,-63.846054
29250.0,-63.854065
29252.0,-63.86068
29254.0,-63.86618
29256.0,-63.87085
29258.0,-63.872662
29260.0,-63.871521
29262.0,-63.868397
29264.0,-63.863304
29266.0,-63.856258
29268.0,-63.847275
29270.0,-63.838314
29272.0,-63.828712
29274.0,-63.818443
29276.0,-63.807682
29278.0,-63.796604
29280.0,-63.785046
29282.0,-63.770157
29284.0,-63.754166
29286.0,-63.737152
29288.0,-63.719193
29290.0,-63.700367
29292.0,-63.680756
29294.0,-63.660439
29296.0,-63.639488
29298.0,-63.617966
29300.0,-63.595173
29302.0,-63.571732
29304.0,-63.547695
29306.0,-63.523117
29308.0,-63.498051
29310.0,-63.472553
29312.0,-63.446674
29314.0,-63.420471
29316.0,-63.393993
29318.0,-63.365929
29320.0,-63.337315
29322.0,-63.308243
29324.0,-63.278751
29326.0,-63.248875
29328.0,-63.218655
29330.0,-63.188133
29332.0,-63.157349
29334.0,-63.126339
29336.0,-63.095146
29338.0,-63.063808
29340.0,-63.032364
29342.0,-63.000854
29344.0,-62.969315
29346.0,-62.93779
29348.0,-62.905113
29350.0,-62.871674
29352.0,-62.838005
29354.0,-62.804127
29356.0,-62.770054
29358.0,-62.735806
29360.0,-62.701397
29362.0,-62.666855
29364.0,-62.632187
29366.0,-62.59742
29368.0,-62.562569
29370.0,-62.527649
29372.0,-62.492683
29374.0,-62.457684
29376.0,-62.422676
29378.0,-62.387001
29380.0,-62.350128
29382.0,-62.312977
29384.0,-62.275551
29386.0,-62.23785
29388.0,-62.199883
29390.0,-62.161652
29392.0,-62.123165
29394.0,-62.084423
29396.0,-62.045437
29398.0,-62.006207
29400.0,-61.966747
29402.0,-61.927059
29404.0,-61.88715
29406.0,-61.847034
29408.0,-61.806713
29410.0,-61.766205
29412.0,-61.72551
29414.0,-61.684639
29416.0,-61.643608
29418.0,-61.602425
29420.0,-61.561096
29422.0,-61.519642
29424.0,-61.478069
29426.0,-61.436394
29428.0,-61.394627
29430.0,-61.352779
29432.0,-61.310867
29434.0,-61.267509
29436.0,-61.223408
29438.0,-61.179016
29440.0,-61.134338
29442.0,-61.089371
29444.0,-61.044113
29446.0,-60.998569
29448.0,-60.952744
29450.0,-60.906628
29452.0,-60.860229
29454.0,-60.813549
29456.0,-60.76659
29458.0,-60.719349
29460.0,-60.671833
29462.0,-60.624039
29464.0,-60.57597
29466.0,-60.527634
29468.0,-60.479023
29470.0,-60.430149
29472.0,-60.381012
29474.0,-60.331608
29476.0,-60.281948
29478.0,-60.232033
29480.0,-60.181862
29482.0,-60.131443
29484.0,-60.08078
29486.0,-60.029869
29488.0,-59.978512
29490.0,-59.924366
29492.0,-59.869629
29494.0,-59.814281
29496.0,-59.758308
29498.0,-59.701687
29500.0,-59.644405
29502.0,-59.586441
29504.0,-59.527779
29506.0,-59.468395
29508.0,-59.408276
29510.0,-59.347397
29512.0,-59.28574
29514.0,-59.223286
29516.0,-59.160011
29518.0,-59.095901
29520.0,-59.030926
29522.0,-58.965065
29524.0,-58.898304
29526.0,-58.830612
29528.0,-58.761967
29530.0,-58.692352
29532.0,-58.621738
29534.0,-58.550102
29536.0,-58.477417
29538.0,-58.403667
29540.0,-58.328819
29542.0,-58.25285
29544.0,-58.173302
29546.0,-58.088455
29548.0,-58.001205
29550.0,-57.911423
29552.0,-57.81897
29554.0,-57.723709
29556.0,-57.6255
29558.0,-57.524193
29560.0,-57.41964
29562.0,-57.311684
29564.0,-57.200169
29566.0,-57.08493
29568.0,-56.965805
29570.0,-56.842621
29572.0,-56.715202
29574.0,-56.58337
29576.0,-56.446941
29578.0,-56.305737
29580.0,-56.159397
29582.0,-56.002415
29584.0,-55.838367
29586.0,-55.666828
29588.0,-55.487354
29590.0,-55.299496
29592.0,-55.102787
29594.0,-54.896736
29596.0,-54.680851
29598.0,-54.45462
29600.0,-54.217514
29602.0,-53.96899
29604.0,-53.707569
29606.0,-53.420631
29608.0,-53.114285
29610.0,-52.78672
29612.0,-52.436028
29614.0,-52.0602
29616.0,-51.657131
29618.0,-51.224613
29620.0,-50.755379
29622.0,-50.230164
29624.0,-49.651783
29626.0,-49.013237
29628.0,-48.306995
29630.0,-47.524994
29632.0,-46.618706
29634.0,-45.579765
29636.0,-44.383492
29638.0,-42.960899
29640.0,-41.188347
29642.0,-39.023071
29644.0,-36.377659
29646.0,-32.977699
29648.0,-28.5536
29650.0,-22.914593
29652.0,-16.283548
29654.0,-10.188497
29656.0,-6.748086
29658.0,-6.5397143
29660.0,-8.7939587
29662.0,-12.519101
29664.0,-16.953608
29666.0,-21.53997
29668.0,-25.927807
29670.0,-29.938292
29672.0,-33.529823
29674.0,-36.728329
29676.0,-39.580727
29678.0,-42.132961
29680.0,-44.439564
29682.0,-46.544468
29684.0,-48.449818
29686.0,-50.137413
29688.0,-51.628235
29690.0,-52.9636
29692.0,-54.136112
29694.0,-55.143158
29696.0,-55.984241
29698.0,-56.745876
29700.0,-57.431862
29702.0,-57.993595
29704.0,-58.43639
29706.0,-58.833538
29708.0,-59.203953
29710.0,-59.530392
29712.0,-59.82571
29714.0,-60.108395
29716.0,-60.392723
29718.0,-60.666187
29720.0,-60.901821
29722.0,-61.105343
29724.0,-61.311012
29726.0,-61.518902
29728.0,-61.728401
29730.0,-61.943497
29732.0,-62.099644
29734.0,-62.169613
29736.0,-62.261749
29738.0,-62.397545
29740.0,-62.509548
29742.0,-62.578224
29744.0,-62.630352
29746.0,-62.688953
29748.0,-62.763905
29750.0,-62.881035
29752.0,-63.017807
29754.0,-63.046894
29756.0,-62.961704
29758.0,-62.966549
29760.0,-63.083954
29762.0,-63.128174
29764.0,-63.089863
29766.0,-63.108921
29768.0,-63.196129
29770.0,-63.274277
29772.0,-63.294937
29774.0,-63.300213
29776.0,-63.34594
29778.0,-63.412708
29780.0,-63.457542
29782.0,-63.476048
29784.0,-63.442921
29786.0,-63.347389
29788.0,-63.2952
29790.0,-63.316063
29792.0,-63.313602
29794.0,-63.291748
29796.0,-63.29306
29798.0,-63.318466
29800.0,-63.326054
29802.0,-63.274651
29804.0,-63.204533
29806.0,-63.195576
29808.0,-63.230282
29810.0,-63.224735
29812.0,-63.187588
29814.0,-63.167049
29816.0,-63.15937
29818.0,-63.196442
29820.0,-63.304955
29822.0,-63.37252
29824.0,-63.363365
29826.0,-63.353222
29828.0,-63.36348
29830.0,-63.350487
29832.0,-63.272339
29834.0,-63.17004
29836.0,-63.126434
29838.0,-63.133541
29840.0,-63.103653
29842.0,-63.046696
29844.0,-63.033016
29846.0,-63.061062
29848.0,-63.089447
29850.0,-63.117924
29852.0,-63.099377
29854.0,-62.993587
29856.0,-62.891277
29858.0,-62.862579
29860.0,-62.874744
29862.0,-62.879227
29864.0,-62.887806
29866.0,-62.898602
29868.0,-62.897388
29870.0,-62.893005
29872.0,-62.879002
29874.0,-62.859447
29876.0,-62.83728
29878.0,-62.811222
29880.0,-62.78558
29882.0,-62.758923
29884.0,-62.732311
29886.0,-62.704403
29888.0,-62.675468
29890.0,-62.646072
29892.0,-62.616505
29894.0,-62.5863
29896.0,-62.555237
29898.0,-62.523804
29900.0,-62.492104
29902.0,-62.460068
29904.0,-62.42738
29906.0,-62.394306
29908.0,-62.360874
29910.0,-62.327084
29912.0,-62.292747
29914.0,-62.258011
29916.0,-62.222889
29918.0,-62.187397
29920.0,-62.151558
29922.0,-62.115379
29924.0,-62.07888
29926.0,-62.042202
29928.0,-62.005196
29930.0,-61.967865
29932.0,-61.93021
29934.0,-61.892227
29936.0,-61.85392
29938.0,-61.815285
29940.0,-61.776325
29942.0,-61.737038
29944.0,-61.697426
29946.0,-61.65749
29948.0,-61.617226
29950.0,-61.576637
29952.0,-61.535721
29954.0,-61.494476
29956.0,-61.452911
29958.0,-61.411007
29960.0,-61.368759
29962.0,-61.32618
29964.0,-61.283272
29966.0,-61.240032
29968.0,-61.196465
29970.0,-61.152565
29972.0,-61.108334
29974.0,-61.063774
29976.0,-61.018887
29978.0,-60.973663
29980.0,-60.928116
29982.0,-60.882236
29984.0,-60.862076
29986.0,-60.846333
29988.0,-60.83429
29990.0,-60.825943
29992.0,-60.821293
29994.0,-60.820343
29996.0,-60.82309
29998.0,-60.829529
30000.0,-60.839672
30002.0,-60.853508
30004.0,-60.87104
30006.0,-60.892273
30008.0,-60.907158
30010.0,-60.917503
30012.0,-60.929035
30014.0,-60.941761
30016.0,-60.955677
30018.0,-60.970787
30020.0,-60.987083
30022.0,-61.004574
30024.0,-61.023251
30026.0,-61.043121
30028.0,-61.064186
30030.0,-61.086437
30032.0,-61.108437
30034.0,-61.127068
30036.0,-61.146027
30038.0,-61.165314
30040.0,-61.184925
30042.0,-61.204861
30044.0,-61.225124
30046.0,-61.245716
30048.0,-61.266632
30050.0,-61.287876
30052.0,-61.309444
30054.0,-61.331341
30056.0,-61.353561
30058.0,-61.373669
30060.0,-61.393478
30062.0,-61.413216
30064.0,-61.432869
30066.0,-61.45245
30068.0,-61.471951
30070.0,-61.491375
30072.0,-61.510719
30074.0,-61.529991
30076.0,-61.549183
30078.0,-61.568298
30080.0,-61.587334
30082.0,-61.603443
30084.0,-61.617283
30086.0,-61.631126
30088.0,-61.644966
30090.0,-61.658806
30092.0,-61.672646
30094.0,-61.686485
30096.0,-61.700329
30098.0,-61.714169
30100.0,-61.728008
30102.0,-61.741848
30104.0,-61.755692
30106.0,-61.769531
30108.0,-61.783371
30110.0,-61.797211
30112.0,-61.811054
30114.0,-61.824894
30116.0,-61.838734
30118.0,-61.852573
30120.0,-61.866413
30122.0,-61.880257
30124.0,-61.894096
30126.0,-61.907936
30128.0,-61.921776
30130.0,-61.935619
30132.0,-61.949459
30134.0,-61.960072
30136.0,-61.97044
30138.0,-61.980808
30140.0,-61.991173
30142.0,-62.001541
30144.0,-62.011906
30146.0,-62.022274
30148.0,-62.032639
30150.0,-62.043007
30152.0,-62.053371
30154.0,-62.06374
30156.0,-62.074104
30158.0,-62.084473
30160.0,-62.094837
30162.0,-62.105206
30164.0,-62.11557
30166.0,-62.125938
30168.0,-62.136303
30170.0,-62.146671
30172.0,-62.157036
30174.0,-62.167404
30176.0,-62.177769
30178.0,-62.188137
30180.0,-62.198502
30182.0,-62.20887
30184.0,-62.218246
30186.0,-62.225296
30188.0,-62.232346
30190.0,-62.239391
30192.0,-62.246441
30194.0,-62.25349
30196.0,-62.260536
30198.0,-62.267586
30200.0,-62.274635
30202.0,-62.281685
30204.0,-62.288731
30206.0,-62.29578
30208.0,-62.30283
30210.0,-62.309879
30212.0,-62.316925
30214.0,-62.323975
30216.0,-62.331024
30218.0,-62.33807
30220.0,-62.345119
30222.0,-62.352169
30224.0,-62.359219
30226.0,-62.366264
30228.0,-62.373314
30230.0,-62.380363
30232.0,-62.387409
30234.0,-62.394459
30236.0,-62.399807
30238.0,-62.404308
30240.0,-62.408813
30242.0,-62.413315
30244.0,-62.417816
30246.0,-62.422321
30248.0,-62.426823
30250.0,-62.431328
30252.0,-62.435829
30254.0,-62.440331
30256.0,-62.444836
30258.0,-62.449337
30260.0,-62.453838
30262.0,-62.458344
30264.0,-62.462845
30266.0,-62.467346
30268.0,-62.471851
30270.0,-62.476353
30272.0,-62.480854
30274.0,-62.485359
30276.0,-62.489861
30278.0,-62.494362
30280.0,-62.498867
30282.0,-62.503368
30284.0,-62.50787
30286.0,-62.512341
30288.0,-62.515961
30290.0,-62.519539
30292.0,-62.523071
30294.0,-62.526558
30296.0,-62.530003
30298.0,-62.533405
30300.0,-62.536766
30302.0,-62.540077
30304.0,-62.54335
30306.0,-62.546577
30308.0,-62.549763
30310.0,-62.552902
30312.0,-62.556
30314.0,-62.559055
30316.0,-62.562065
30318.0,-62.565029
30320.0,-62.567951
30322.0,-62.570831
30324.0,-62.573669
30326.0,-62.576462
30328.0,-62.579208
30330.0,-62.581913
30332.0,-62.584576
30334.0,-62.587193
30336.0,-62.589767
30338.0,-62.5923
30340.0,-62.594788
30342.0,-62.597233
30344.0,-62.599632
30346.0,-62.60199
30348.0,-62.604301
30350.0,-62.606571
30352.0,-62.608799
30354.0,-62.610981
30356.0,-62.613121
30358.0,-62.615215
30360.0,-62.617268
30362.0,-62.619278
30364.0,-62.621243
30366.0,-62.623119
30368.0,-62.624912
30370.0,-62.626659
30372.0,-62.628361
30374.0,-62.630013
30376.0,-62.631615
30378.0,-62.633171
30380.0,-62.634682
30382.0,-62.636143
30384.0,-62.637558
30386.0,-62.638924
30388.0,-62.640244
30390.0,-62.641514
30392.0,-62.642738
30394.0,-62.643913
30396.0,-62.645042
30398.0,-62.646126
30400.0,-62.64716
30402.0,-62.648144
30404.0,-62.649082
30406.0,-62.649975
30408.0,-62.650818
30410.0,-62.651611
30412.0,-62.652359
30414.0,-62.653061
30416.0,-62.653713
30418.0,-62.65432
30420.0,-62.654877
30422.0,-62.655388
30424.0,-62.655853
30426.0,-62.656265
30428.0,-62.656635
30430.0,-62.656956
30432.0,-62.657227
30434.0,-62.657452
30436.0,-62.657631
30438.0,-62.657761
30440.0,-62.657845
30442.0,-62.657879
30444.0,-62.657936
30446.0,-62.659
30448.0,-62.660042
30450.0,-62.661057
30452.0,-62.662045
30454.0,-62.663006
30456.0,-62.663944
30458.0,-62.664852
30460.0,-62.665737
30462.0,-62.666595
30464.0,-62.667431
30466.0,-62.668236
30468.0,-62.669018
30470.0,-62.669773
30472.0,-62.670502
30474.0,-62.671204
30476.0,-62.671879
30478.0,-62.672531
30480.0,-62.673153
30482.0,-62.673752
30484.0,-62.674328
30486.0,-62.674873
30488.0,-62.675392
30490.0,-62.675888
30492.0,-62.676357
30494.0,-62.6768
30496.0,-62.677216
30498.0,-62.677608
30500.0,-62.677971
30502.0,-62.67831
30504.0,-62.678623
30506.0,-62.678909
30508.0,-62.679173
30510.0,-62.679405
30512.0,-62.679615
30514.0,-62.679798
30516.0,-62.679955
30518.0,-62.680088
30520.0,-62.680191
30522.0,-62.680271
30524.0,-62.680325
30526.0,-62.680351
30528.0,-62.680351
30530.0,-62.680325
30532.0,-62.680275
30534.0,-62.680199
30536.0,-62.680096
30538.0,-62.679966
30540.0,-62.67981
30542.0,-62.67963
30544.0,-62.679424
30546.0,-62.679192
30548.0,-62.678932
30550.0,-62.678646
30552.0,-62.678337
30554.0,-62.677998
30556.0,-62.677635
30558.0,-62.677246
30560.0,-62.676834
30562.0,-62.676392
30564.0,-62.675926
30566.0,-62.675434
30568.0,-62.674915
30570.0,-62.67437
30572.0,-62.673798
30574.0,-62.673203
30576.0,-62.672577
30578.0,-62.671928
30580.0,-62.671257
30582.0,-62.670555
30584.0,-62.669827
30586.0,-62.669075
30588.0,-62.668297
30590.0,-62.667492
30592.0,-62.66666
30594.0,-62.665806
30596.0,-62.664921
30598.0,-62.664013
30600.0,-62.663078
30602.0,-62.662117
30604.0,-62.661133
30606.0,-62.660118
30608.0,-62.659081
30610.0,-62.658016
30612.0,-62.656925
30614.0,-62.655811
30616.0,-62.654667
30618.0,-62.6535
30620.0,-62.652306
30622.0,-62.651085
30624.0,-62.649837
30626.0,-62.648563
30628.0,-62.647266
30630.0,-62.645943
30632.0,-62.644592
30634.0,-62.643215
30636.0,-62.641811
30638.0,-62.640385
30640.0,-62.638931
30642.0,-62.637451
30644.0,-62.635944
30646.0,-62.634411
30648.0,-62.632854
30650.0,-62.631268
30652.0,-62.630222
30654.0,-62.629391
30656.0,-62.628548
30658.0,-62.627693
30660.0,-62.626831
30662.0,-62.625954
30664.0,-62.625069
30666.0,-62.624172
30668.0,-62.623264
30670.0,-62.622345
30672.0,-62.621418
30674.0,-62.62048
30676.0,-62.61953
30678.0,-62.618568
30680.0,-62.617596
30682.0,-62.616611
30684.0,-62.61562
30686.0,-62.614613
30688.0,-62.613598
30690.0,-62.612572
30692.0,-62.611538
30694.0,-62.610489
30696.0,-62.609432
30698.0,-62.60836
30700.0,-62.607281
30702.0,-62.60619
30704.0,-62.605091
30706.0,-62.603977
30708.0,-62.602856
30710.0,-62.601723
30712.0,-62.600578
30714.0,-62.599422
30716.0,-62.598255
30718.0,-62.59708
30720.0,-62.59589
30722.0,-62.594692
30724.0,-62.593483
30726.0,-62.592262
30728.0,-62.591034
30730.0,-62.58979
30732.0,-62.588539
30734.0,-62.587276
30736.0,-62.586002
30738.0,-62.584717
30740.0,-62.583424
30742.0,-62.582115
30744.0,-62.580799
30746.0,-62.579472
30748.0,-62.578133
30750.0,-62.576786
30752.0,-62.575424
30754.0,-62.574055
30756.0,-62.57267
30758.0,-62.571278
30760.0,-62.569878
30762.0,-62.568462
30764.0,-62.567039
30766.0,-62.565601
30768.0,-62.564156
30770.0,-62.562698
30772.0,-62.56123
30774.0,-62.559753
30776.0,-62.558262
30778.0,-62.556763
30780.0,-62.555252
30782.0,-62.55373
30784.0,-62.552197
30786.0,-62.550655
30788.0,-62.549099
30790.0,-62.547535
30792.0,-62.545959
30794.0,-62.544373
30796.0,-62.542778
30798.0,-62.541168
30800.0,-62.539551
30802.0,-62.537922
30804.0,-62.536282
30806.0,-62.53463
30808.0,-62.532967
30810.0,-62.531296
30812.0,-62.52961
30814.0,-62.527916
30816.0,-62.526211
30818.0,-62.524498
30820.0,-62.52277
30822.0,-62.521034
30824.0,-62.519283
30826.0,-62.517525
30828.0,-62.515755
30830.0,-62.513977
30832.0,-62.512184
30834.0,-62.510384
30836.0,-62.508572
30838.0,-62.506748
30840.0,-62.504913
30842.0,-62.503067
30844.0,-62.501213
30846.0,-62.499344
30848.0,-62.497467
30850.0,-62.495579
30852.0,-62.493679
30854.0,-62.491772
30856.0,-62.489849
30858.0,-62.48819
30860.0,-62.487011
30862.0,-62.485836
30864.0,-62.484665
30866.0,-62.483498
30868.0,-62.482334
30870.0,-62.481174
30872.0,-62.480019
30874.0,-62.478867
30876.0,-62.477718
30878.0,-62.476574
30880.0,-62.475433
30882.0,-62.474297
30884.0,-62.473164
30886.0,-62.472034
30888.0,-62.470909
30890.0,-62.469784
30892.0,-62.468666
30894.0,-62.467552
30896.0,-62.466442
30898.0,-62.465336
30900.0,-62.46423
30902.0,-62.463131
30904.0,-62.462036
30906.0,-62.460945
30908.0,-62.459854
30910.0,-62.458771
30912.0,-62.457691
30914.0,-62.456612
30916.0,-62.45554
30918.0,-62.454472
30920.0,-62.453403
30922.0,-62.452343
30924.0,-62.451283
30926.0,-62.45023
30928.0,-62.449177
30930.0,-62.448132
30932.0,-62.44709
30934.0,-62.446049
30936.0,-62.445015
30938.0,-62.443981
30940.0,-62.442951
30942.0,-62.441929
30944.0,-62.440907
30946.0,-62.439892
30948.0,-62.438877
30950.0,-62.43787
30952.0,-62.436863
30954.0,-62.43586
30956.0,-62.434864
30958.0,-62.433868
30960.0,-62.432877
30962.0,-62.431889
30964.0,-62.430908
30966.0,-62.429928
30968.0,-62.428951
30970.0,-62.427979
30972.0,-62.427013
30974.0,-62.426048
30976.0,-62.425087
30978.0,-62.424129
30980.0,-62.423176
30982.0,-62.42223
30984.0,-62.421284
30986.0,-62.420341
30988.0,-62.419403
30990.0,-62.418468
30992.0,-62.417538
30994.0,-62.416611
30996.0,-62.415688
30998.0,-62.414768
31000.0,-62.413853
31002.0,-62.412941
31004.0,-62.412033
31006.0,-62.411129
31008.0,-62.410229
31010.0,-62.409332
31012.0,-62.40844
31014.0,-62.407551
31016.0,-62.406662
31018.0,-62.405781
31020.0,-62.404903
31022.0,-62.40403
31024.0,-62.40316
31026.0,-62.402294
31028.0,-62.401428
31030.0,-62.40057
31032.0,-62.399715
31034.0,-62.398865
31036.0,-62.398014
31038.0,-62.397171
31040.0,-62.396332
31042.0,-62.395493
31044.0,-62.394661
31046.0,-62.393833
31048.0,-62.393005
31050.0,-62.392185
31052.0,-62.391369
31054.0,-62.390553
31056.0,-62.389744
31058.0,-62.388935
31060.0,-62.388134
31062.0,-62.387333
31064.0,-62.386539
31066.0,-62.385822
31068.0,-62.385109
31070.0,-62.384403
31072.0,-62.383701
31074.0,-62.383003
31076.0,-62.382313
31078.0,-62.381626
31080.0,-62.380947
31082.0,-62.380272
31084.0,-62.379604
31086.0,-62.378937
31088.0,-62.378281
31090.0,-62.377628
31092.0,-62.37698
31094.0,-62.376335
31096.0,-62.375702
31098.0,-62.375069
31100.0,-62.374443
31102.0,-62.373821
31104.0,-62.373207
31106.0,-62.372597
31108.0,-62.371994
31110.0,-62.371395
31112.0,-62.370804
31114.0,-62.370216
31116.0,-62.369633
31118.0,-62.369057
31120.0,-62.368488
31122.0,-62.367924
31124.0,-62.367363
31126.0,-62.36681
31128.0,-62.366261
31130.0,-62.365715
31132.0,-62.365177
31134.0,-62.364647
31136.0,-62.36412
31138.0,-62.363598
31140.0,-62.363083
31142.0,-62.362576
31144.0,-62.362072
31146.0,-62.361572
31148.0,-62.36108
31150.0,-62.360592
31152.0,-62.360111
31154.0,-62.359634
31156.0,-62.359165
31158.0,-62.3587
31160.0,-62.358242
31162.0,-62.357788
31164.0,-62.357342
31166.0,-62.356899
31168.0,-62.356461
31170.0,-62.35603
31172.0,-62.355606
31174.0,-62.355186
31176.0,-62.354774
31178.0,-62.354366
31180.0,-62.353962
31182.0,-62.353565
31184.0,-62.353176
31186.0,-62.352791
31188.0,-62.352413
31190.0,-62.352039
31192.0,-62.351669
31194.0,-62.351307
31196.0,-62.350952
31198.0,-62.350601
31200.0,-62.350258
31202.0,-62.349918
31204.0,-62.349583
31206.0,-62.349258
31208.0,-62.348934
31210.0,-62.348621
31212.0,-62.348309
31214.0,-62.348003
31216.0,-62.347706
31218.0,-62.347416
31220.0,-62.347126
31222.0,-62.346848
31224.0,-62.346573
31226.0,-62.346302
31228.0,-62.346039
31230.0,-62.345779
31232.0,-62.345528
31234.0,-62.345284
31236.0,-62.345043
31238.0,-62.34481
31240.0,-62.344582
31242.0,-62.344357
31244.0,-62.344143
31246.0,-62.343933
31248.0,-62.343727
31250.0,-62.343529
31252.0,-62.343334
31254.0,-62.343147
31256.0,-62.342968
31258.0,-62.342793
31260.0,-62.342625
31262.0,-62.342461
31264.0,-62.342304
31266.0,-62.342152
31268.0,-62.342007
31270.0,-62.341866
31272.0,-62.341736
31274.0,-62.341606
31276.0,-62.341484
31278.0,-62.34137
31280.0,-62.341259
31282.0,-62.341156
31284.0,-62.341061
31286.0,-62.340969
31288.0,-62.340885
31290.0,-62.340805
31292.0,-62.340733
31294.0,-62.340664
31296.0,-62.340603
31298.0,-62.340549
31300.0,-62.3405
31302.0,-62.340458
31304.0,-62.34042
31306.0,-62.340389
31308.0,-62.340363
31310.0,-62.340343
31312.0,-62.340332
31314.0,-62.340328
31316.0,-62.340324
31318.0,-62.340332
31320.0,-62.340343
31322.0,-62.340363
31324.0,-62.340385
31326.0,-62.340416
31328.0,-62.340454
31330.0,-62.340496
31332.0,-62.340546
31334.0,-62.340599
31336.0,-62.34066
31338.0,-62.340729
31340.0,-62.340801
31342.0,-62.340881
31344.0,-62.340969
31346.0,-62.341061
31348.0,-62.341156
31350.0,-62.341263
31352.0,-62.341373
31354.0,-62.341492
31356.0,-62.341614
31358.0,-62.341743
31360.0,-62.341877
31362.0,-62.342018
31364.0,-62.342167
31366.0,-62.342323
31368.0,-62.342484
31370.0,-62.342651
31372.0,-62.342823
31374.0,-62.343002
31376.0,-62.343189
31378.0,-62.34338
31380.0,-62.343578
31382.0,-62.343784
31384.0,-62.343994
31386.0,-62.344212
31388.0,-62.344437
31390.0,-62.344666
31392.0,-62.344902
31394.0,-62.345146
31396.0,-62.345394
31398.0,-62.34565
31400.0,-62.345909
31402.0,-62.34618
31404.0,-62.346451
31406.0,-62.346733
31408.0,-62.347019
31410.0,-62.347313
31412.0,-62.347614
31414.0,-62.347919
31416.0,-62.348232
31418.0,-62.348553
31420.0,-62.348877
31422.0,-62.349136
31424.0,-62.349346
31426.0,-62.34956
31428.0,-62.349781
31430.0,-62.350002
31432.0,-62.350231
31434.0,-62.350464
31436.0,-62.3507
31438.0,-62.350941
31440.0,-62.351185
31442.0,-62.351433
31444.0,-62.351688
31446.0,-62.351944
31448.0,-62.352207
31450.0,-62.35247
31452.0,-62.352741
31454.0,-62.353016
31456.0,-62.353294
31458.0,-62.353577
31460.0,-62.353867
31462.0,-62.354156
31464.0,-62.35445
31466.0,-62.354752
31468.0,-62.355057
31470.0,-62.355362
31472.0,-62.355675
31474.0,-62.355991
31476.0,-62.356312
31478.0,-62.356636
31480.0,-62.356964
31482.0,-62.3573
31484.0,-62.357635
31486.0,-62.357975
31488.0,-62.358322
31490.0,-62.358669
31492.0,-62.359024
31494.0,-62.359383
31496.0,-62.359745
31498.0,-62.360107
31500.0,-62.360477
31502.0,-62.360851
31504.0,-62.361229
31506.0,-62.361614
31508.0,-62.362
31510.0,-62.362389
31512.0,-62.362782
31514.0,-62.363182
31516.0,-62.363583
31518.0,-62.363991
31520.0,-62.364399
31522.0,-62.364815
31524.0,-62.365234
31526.0,-62.365654
31528.0,-62.366081
31530.0,-62.366512
31532.0,-62.366947
31534.0,-62.367386
31536.0,-62.367828
31538.0,-62.368275
31540.0,-62.368725
31542.0,-62.369179
31544.0,-62.369637
31546.0,-62.370098
31548.0,-62.370564
31550.0,-62.371037
31552.0,-62.37151
31554.0,-62.371986
31556.0,-62.372467
31558.0,-62.372955
31560.0,-62.373444
31562.0,-62.373936
31564.0,-62.374435
31566.0,-62.374935
31568.0,-62.375443
31570.0,-62.37595
31572.0,-62.376465
31574.0,-62.37698
31576.0,-62.377502
31578.0,-62.378025
31580.0,-62.378555
31582.0,-62.379086
31584.0,-62.379623
31586.0,-62.380161
31588.0,-62.380707
31590.0,-62.381252
31592.0,-62.381805
31594.0,-62.382359
31596.0,-62.382919
31598.0,-62.38348
31600.0,-62.384048
31602.0,-62.384617
31604.0,-62.385193
31606.0,-62.385769
31608.0,-62.386353
31610.0,-62.386936
31612.0,-62.387527
31614.0,-62.388119
31616.0,-62.388714
31618.0,-62.389317
31620.0,-62.389919
31622.0,-62.390526
31624.0,-62.39114
31626.0,-62.391754
31628.0,-62.392372
31630.0,-62.392998
31632.0,-62.393623
31634.0,-62.394253
31636.0,-62.394886
31638.0,-62.395523
31640.0,-62.396164
31642.0,-62.396809
31644.0,-62.397457
31646.0,-62.398109
31648.0,-62.398766
31650.0,-62.399426
31652.0,-62.400085
31654.0,-62.400753
31656.0,-62.401424
31658.0,-62.4021
31660.0,-62.402775
31662.0,-62.403458
31664.0,-62.40414
31666.0,-62.404831
31668.0,-62.405521
31670.0,-62.406216
31672.0,-62.406914
31674.0,-62.407619
31676.0,-62.408325
31678.0,-62.409035
31680.0,-62.409748
31682.0,-62.410465
31684.0,-62.411182
31686.0,-62.411907
31688.0,-62.412636
31690.0,-62.413364
31692.0,-62.414101
31694.0,-62.414837
31696.0,-62.415581
31698.0,-62.416325
31700.0,-62.417072
31702.0,-62.417824
31704.0,-62.418579
31706.0,-62.419338
31708.0,-62.420101
31710.0,-62.420868
31712.0,-62.421635
31714.0,-62.422409
31716.0,-62.423183
31718.0,-62.423965
31720.0,-62.424747
31722.0,-62.425533
31724.0,-62.426323
31726.0,-62.427116
31728.0,-62.427914
31730.0,-62.428715
31732.0,-62.429516
31734.0,-62.430325
31736.0,-62.431133
31738.0,-62.43195
31740.0,-62.432766
31742.0,-62.433586
31744.0,-62.43441
31746.0,-62.435238
31748.0,-62.436066
31750.0,-62.436901
31752.0,-62.437737
31754.0,-62.43858
31756.0,-62.439423
31758.0,-62.440269
31760.0,-62.44112
31762.0,-62.441975
31764.0,-62.442829
31766.0,-62.443691
31768.0,-62.444553
31770.0,-62.445419
31772.0,-62.446293
31774.0,-62.447166
31776.0,-62.44804
31778.0,-62.448872
31780.0,-62.449451
31782.0,-62.450027
31784.0,-62.450603
31786.0,-62.451176
31788.0,-62.451744
31790.0,-62.452316
31792.0,-62.452881
31794.0,-62.453445
31796.0,-62.45401
31798.0,-62.454571
31800.0,-62.455128
31802.0,-62.455685
31804.0,-62.456238
31806.0,-62.456791
31808.0,-62.45734
31810.0,-62.457886
31812.0,-62.458431
31814.0,-62.458973
31816.0,-62.459515
31818.0,-62.460049
31820.0,-62.460587
31822.0,-62.461117
31824.0,-62.461647
31826.0,-62.462173
31828.0,-62.4627
31830.0,-62.463223
31832.0,-62.463741
31834.0,-62.464256
31836.0,-62.464771
31838.0,-62.465282
31840.0,-62.46579
31842.0,-62.466293
31844.0,-62.466797
31846.0,-62.467297
31848.0,-62.467793
31850.0,-62.468285
31852.0,-62.468777
31854.0,-62.469261
31856.0,-62.469746
31858.0,-62.470226
31860.0,-62.470707
31862.0,-62.47118
31864.0,-62.471649
31866.0,-62.472118
31868.0,-62.472584
31870.0,-62.473045
31872.0,-62.473503
31874.0,-62.473957
31876.0,-62.474407
31878.0,-62.474854
31880.0,-62.4753
31882.0,-62.475739
31884.0,-62.476177
31886.0,-62.476608
31888.0,-62.477039
31890.0,-62.477463
31892.0,-62.477886
31894.0,-62.478306
31896.0,-62.478718
31898.0,-62.47913
31900.0,-62.479534
31902.0,-62.479939
31904.0,-62.480335
31906.0,-62.480732
31908.0,-62.481121
31910.0,-62.48151
31912.0,-62.481892
31914.0,-62.482269
31916.0,-62.482643
31918.0,-62.483017
31920.0,-62.483379
31922.0,-62.483742
31924.0,-62.4841
31926.0,-62.484455
31928.0,-62.484802
31930.0,-62.485146
31932.0,-62.485485
31934.0,-62.485821
31936.0,-62.486153
31938.0,-62.486481
31940.0,-62.486801
31942.0,-62.487118
31944.0,-62.487431
31946.0,-62.48774
31948.0,-62.488041
31950.0,-62.488342
31952.0,-62.488636
31954.0,-62.488926
31956.0,-62.489208
31958.0,-62.489487
31960.0,-62.489761
31962.0,-62.490032
31964.0,-62.490295
31966.0,-62.490555
31968.0,-62.49081
31970.0,-62.491058
31972.0,-62.491302
31974.0,-62.491543
31976.0,-62.491776
31978.0,-62.492004
31980.0,-62.492229
31982.0,-62.492447
31984.0,-62.492661
31986.0,-62.492867
31988.0,-62.493069
31990.0,-62.493267
31992.0,-62.493458
31994.0,-62.493645
31996.0,-62.493824
31998.0,-62.493999
32000.0,-62.494167
32002.0,-62.494331
32004.0,-62.494488
32006.0,-62.49464
32008.0,-62.494785
32010.0,-62.494926
32012.0,-62.495064
32014.0,-62.49519
32016.0,-62.495316
32018.0,-62.49543
32020.0,-62.495544
32022.0,-62.495647
32024.0,-62.495747
32026.0,-62.495842
32028.0,-62.495926
32030.0,-62.49601
32032.0,-62.496082
32034.0,-62.496151
32036.0,-62.496216
32038.0,-62.496273
32040.0,-62.496323
32042.0,-62.496365
32044.0,-62.496403
32046.0,-62.496433
32048.0,-62.496456
32050.0,-62.496475
32052.0,-62.496487
32054.0,-62.496494
32056.0,-62.49649
32058.0,-62.496483
32060.0,-62.496468
32062.0,-62.496449
32064.0,-62.496418
32066.0,-62.496384
32068.0,-62.496342
32070.0,-62.496296
32072.0,-62.496239
32074.0,-62.496178
32076.0,-62.496109
32078.0,-62.496033
32080.0,-62.495949
32082.0,-62.495861
32084.0,-62.495766
32086.0,-62.495659
32088.0,-62.495548
32090.0,-62.49543
32092.0,-62.495304
32094.0,-62.495174
32096.0,-62.495033
32098.0,-62.494888
32100.0,-62.494732
32102.0,-62.494572
32104.0,-62.4944
32106.0,-62.494225
32108.0,-62.494041
32110.0,-62.493851
32112.0,-62.493652
32114.0,-62.493446
32116.0,-62.493229
32118.0,-62.493008
32120.0,-62.492779
32122.0,-62.492542
32124.0,-62.492298
32126.0,-62.492046
32128.0,-62.491787
32130.0,-62.491516
32132.0,-62.491241
32134.0,-62.490959
32136.0,-62.490849
32138.0,-62.490799
32140.0,-62.490746
32142.0,-62.490688
32144.0,-62.490627
32146.0,-62.490562
32148.0,-62.490494
32150.0,-62.490421
32152.0,-62.490345
32154.0,-62.490261
32156.0,-62.490177
32158.0,-62.490089
32160.0,-62.489998
32162.0,-62.489902
32164.0,-62.489799
32166.0,-62.489697
32168.0,-62.48959
32170.0,-62.489475
32172.0,-62.489361
32174.0,-62.489239
32176.0,-62.489113
32178.0,-62.488987
32180.0,-62.488853
32182.0,-62.488716
32184.0,-62.488575
32186.0,-62.48843
32188.0,-62.488281
32190.0,-62.488129
32192.0,-62.487972
32194.0,-62.487812
32196.0,-62.487644
32198.0,-62.487476
32200.0,-62.487301
32202.0,-62.487125
32204.0,-62.486942
32206.0,-62.486755
32208.0,-62.486565
32210.0,-62.48637
32212.0,-62.486172
32214.0,-62.48597
32216.0,-62.48576
32218.0,-62.48555
32220.0,-62.485332
32222.0,-62.485111
32224.0,-62.484886
32226.0,-62.484657
32228.0,-62.484425
32230.0,-62.484188
32232.0,-62.483944
32234.0,-62.4837
32236.0,-62.483448
32238.0,-62.483192
32240.0,-62.482933
32242.0,-62.48267
32244.0,-62.482399
32246.0,-62.482128
32248.0,-62.48185
32250.0,-62.481567
32252.0,-62.481281
32254.0,-62.480991
32256.0,-62.480698
32258.0,-62.480396
32260.0,-62.480091
32262.0,-62.479782
32264.0,-62.479469
32266.0,-62.479153
32268.0,-62.478832
32270.0,-62.478504
32272.0,-62.478172
32274.0,-62.477837
32276.0,-62.477497
32278.0,-62.47715
32280.0,-62.476799
32282.0,-62.476444
32284.0,-62.476086
32286.0,-62.475723
32288.0,-62.475353
32290.0,-62.474979
32292.0,-62.474602
32294.0,-62.47422
32296.0,-62.473831
32298.0,-62.473442
32300.0,-62.473045
32302.0,-62.472641
32304.0,-62.472237
32306.0,-62.471825
32308.0,-62.471409
32310.0,-62.470989
32312.0,-62.470562
32314.0,-62.470135
32316.0,-62.4697
32318.0,-62.469257
32320.0,-62.468815
32322.0,-62.468365
32324.0,-62.467911
32326.0,-62.467449
32328.0,-62.466984
32330.0,-62.466515
32332.0,-62.466042
32334.0,-62.465565
32336.0,-62.46508
32338.0,-62.464592
32340.0,-62.464096
32342.0,-62.463596
32344.0,-62.463093
32346.0,-62.462585
32348.0,-62.46207
32350.0,-62.461552
32352.0,-62.461029
32354.0,-62.460499
32356.0,-62.459965
32358.0,-62.459427
32360.0,-62.458881
32362.0,-62.458332
32364.0,-62.457779
32366.0,-62.457222
32368.0,-62.456657
32370.0,-62.456085
32372.0,-62.455513
32374.0,-62.454933
32376.0,-62.454346
32378.0,-62.453754
32380.0,-62.453159
32382.0,-62.45256
32384.0,-62.451954
32386.0,-62.451344
32388.0,-62.450726
32390.0,-62.450104
32392.0,-62.449478
32394.0,-62.448845
32396.0,-62.448208
32398.0,-62.447567
32400.0,-62.446918
32402.0,-62.446266
32404.0,-62.445606
32406.0,-62.444942
32408.0,-62.444275
32410.0,-62.4436
32412.0,-62.442921
32414.0,-62.442234
32416.0,-62.441544
32418.0,-62.440849
32420.0,-62.440147
32422.0,-62.439438
32424.0,-62.438728
32426.0,-62.438007
32428.0,-62.437286
32430.0,-62.436558
32432.0,-62.435822
32434.0,-62.435081
32436.0,-62.434338
32438.0,-62.433586
32440.0,-62.432831
32442.0,-62.432068
32444.0,-62.431301
32446.0,-62.430531
32448.0,-62.429752
32450.0,-62.428967
32452.0,-62.428177
32454.0,-62.427383
32456.0,-62.426582
32458.0,-62.425774
32460.0,-62.424965
32462.0,-62.424145
32464.0,-62.423321
32466.0,-62.422493
32468.0,-62.421658
32470.0,-62.420818
32472.0,-62.419971
32474.0,-62.419121
32476.0,-62.418262
32478.0,-62.4174
32480.0,-62.416531
32482.0,-62.415657
32484.0,-62.414776
32486.0,-62.413887
32488.0,-62.412998
32490.0,-62.412098
32492.0,-62.411285
32494.0,-62.410664
32496.0,-62.410042
32498.0,-62.40942
32500.0,-62.408798
32502.0,-62.408173
32504.0,-62.407547
32506.0,-62.406921
32508.0,-62.406292
32510.0,-62.405663
32512.0,-62.405033
32514.0,-62.404404
32516.0,-62.403774
32518.0,-62.403141
32520.0,-62.402508
32522.0,-62.401875
32524.0,-62.401241
32526.0,-62.400608
32528.0,-62.399971
32530.0,-62.399334
32532.0,-62.398697
32534.0,-62.39806
32536.0,-62.397423
32538.0,-62.396782
32540.0,-62.396141
32542.0,-62.3955
32544.0,-62.394859
32546.0,-62.394218
32548.0,-62.393574
32550.0,-62.392933
32552.0,-62.392288
32554.0,-62.391644
32556.0,-62.390999
32558.0,-62.390354
32560.0,-62.389709
32562.0,-62.389061
32564.0,-62.388416
32566.0,-62.387768
32568.0,-62.387119
32570.0,-62.386475
32572.0,-62.385826
32574.0,-62.385174
32576.0,-62.384525
32578.0,-62.383877
32580.0,-62.383228
32582.0,-62.382576
32584.0,-62.381924
32586.0,-62.381275
32588.0,-62.380623
32590.0,-62.379971
32592.0,-62.379318
32594.0,-62.378666
32596.0,-62.378014
32598.0,-62.377361
32600.0,-62.376709
32602.0,-62.376057
32604.0,-62.375404
32606.0,-62.374752
32608.0,-62.374096
32610.0,-62.373444
32612.0,-62.372791
32614.0,-62.372135
32616.0,-62.371483
32618.0,-62.370831
32620.0,-62.370174
32622.0,-62.369522
32624.0,-62.368866
32626.0,-62.368214
32628.0,-62.367561
32630.0,-62.366905
32632.0,-62.366253
32634.0,-62.365601
32636.0,-62.364944
32638.0,-62.364292
32640.0,-62.36364
32642.0,-62.362984
32644.0,-62.362331
32646.0,-62.361679
32648.0,-62.361027
32650.0,-62.360374
32652.0,-62.359722
32654.0,-62.35907
32656.0,-62.358418
32658.0,-62.357765
32660.0,-62.357113
32662.0,-62.356464
32664.0,-62.355812
32666.0,-62.35516
32668.0,-62.354511
32670.0,-62.353863
32672.0,-62.35321
32674.0,-62.352562
32676.0,-62.351913
32678.0,-62.351265
32680.0,-62.350616
32682.0,-62.349972
32684.0,-62.349323
32686.0,-62.348679
32688.0,-62.34803
32690.0,-62.347385
32692.0,-62.346741
32694.0,-62.346096
32696.0,-62.345451
32698.0,-62.34481
32700.0,-62.344166
32702.0,-62.343525
32704.0,-62.342884
32706.0,-62.342243
32708.0,-62.341602
32710.0,-62.340961
32712.0,-62.340324
32714.0,-62.339684
32716.0,-62.339046
32718.0,-62.338409
32720.0,-62.337776
32722.0,-62.337139
32724.0,-62.336506
32726.0,-62.335873
32728.0,-62.335239
32730.0,-62.334606
32732.0,-62.333973
32734.0,-62.333344
32736.0,-62.332714
32738.0,-62.332085
32740.0,-62.331459
32742.0,-62.33083
32744.0,-62.330204
32746.0,-62.329578
32748.0,-62.328957
32750.0,-62.328331
32752.0,-62.327709
32754.0,-62.327091
32756.0,-62.326469
32758.0,-62.325851
32760.0,-62.325233
32762.0,-62.324615
32764.0,-62.324001
32766.0,-62.323383
32768.0,-62.322773
32770.0,-62.322159
32772.0,-62.321548
32774.0,-62.320938
32776.0,-62.320328
32778.0,-62.319721
32780.0,-62.319115
32782.0,-62.318508
32784.0,-62.317905
32786.0,-62.317303
32788.0,-62.3167
32790.0,-62.316097
32792.0,-62.315498
32794.0,-62.314903
32796.0,-62.314304
32798.0,-62.313709
32800.0,-62.313118
32802.0,-62.312523
32804.0,-62.311932
32806.0,-62.311344
32808.0,-62.310757
32810.0,-62.310169
32812.0,-62.309586
32814.0,-62.309002
32816.0,-62.308418
32818.0,-62.307838
32820.0,-62.307259
32822.0,-62.306679
32824.0,-62.306103
32826.0,-62.305531
32828.0,-62.304955
32830.0,-62.304386
32832.0,-62.303814
32834.0,-62.303246
32836.0,-62.302681
32838.0,-62.302116
32840.0,-62.301552
32842.0,-62.300991
32844.0,-62.30043
32846.0,-62.299873
32848.0,-62.299316
32850.0,-62.298832
32852.0,-62.298359
32854.0,-62.29789
32856.0,-62.297424
32858.0,-62.296963
32860.0,-62.296501
32862.0,-62.296047
32864.0,-62.295593
32866.0,-62.295143
32868.0,-62.294697
32870.0,-62.29425
32872.0,-62.293812
32874.0,-62.293373
32876.0,-62.292942
32878.0,-62.292511
32880.0,-62.292084
32882.0,-62.29166
32884.0,-62.291241
32886.0,-62.290825
32888.0,-62.290413
32890.0,-62.290005
32892.0,-62.289597
32894.0,-62.289196
32896.0,-62.288795
32898.0,-62.288403
32900.0,-62.28801
32902.0,-62.287624
32904.0,-62.287239
32906.0,-62.286858
32908.0,-62.286484
32910.0,-62.28611
32912.0,-62.28574
32914.0,-62.285378
32916.0,-62.285015
32918.0,-62.284657
32920.0,-62.284306
32922.0,-62.283955
32924.0,-62.283607
32926.0,-62.283268
32928.0,-62.282928
32930.0,-62.282597
32932.0,-62.282265
32934.0,-62.28194
32936.0,-62.28162
32938.0,-62.281303
32940.0,-62.280987
32942.0,-62.280678
32944.0,-62.280373
32946.0,-62.280071
32948.0,-62.279778
32950.0,-62.279484
32952.0,-62.279194
32954.0,-62.278912
32956.0,-62.278633
32958.0,-62.278355
32960.0,-62.278084
32962.0,-62.277817
32964.0,-62.277557
32966.0,-62.277298
32968.0,-62.277046
32970.0,-62.276794
32972.0,-62.27655
32974.0,-62.27631
32976.0,-62.276077
32978.0,-62.275845
32980.0,-62.27562
32982.0,-62.275398
32984.0,-62.275181
32986.0,-62.274967
32988.0,-62.274757
32990.0,-62.274555
32992.0,-62.274357
32994.0,-62.274162
32996.0,-62.273975
32998.0,-62.273788
33000.0,-62.273609
33002.0,-62.273438
33004.0,-62.273266
33006.0,-62.273102
33008.0,-62.272942
33010.0,-62.272785
33012.0,-62.272636
33014.0,-62.272491
33016.0,-62.27235
33018.0,-62.272217
33020.0,-62.272087
33022.0,-62.271961
33024.0,-62.271839
33026.0,-62.271725
33028.0,-62.271614
33030.0,-62.271511
33032.0,-62.271412
33034.0,-62.271317
33036.0,-62.271229
33038.0,-62.271145
33040.0,-62.271065
33042.0,-62.270992
33044.0,-62.270924
33046.0,-62.270863
33048.0,-62.270805
33050.0,-62.270752
33052.0,-62.270706
33054.0,-62.270664
33056.0,-62.27063
33058.0,-62.270599
33060.0,-62.270573
33062.0,-62.270554
33064.0,-62.270538
33066.0,-62.270531
33068.0,-62.270531
33070.0,-62.270531
33072.0,-62.270542
33074.0,-62.270554
33076.0,-62.270576
33078.0,-62.270599
33080.0,-62.270634
33082.0,-62.270668
33084.0,-62.270714
33086.0,-62.27076
33088.0,-62.270817
33090.0,-62.270878
33092.0,-62.270943
33094.0,-62.271015
33096.0,-62.271091
33098.0,-62.271175
33100.0,-62.271267
33102.0,-62.271362
33104.0,-62.271465
33106.0,-62.271572
33108.0,-62.271687
33110.0,-62.271805
33112.0,-62.271931
33114.0,-62.272064
33116.0,-62.272202
33118.0,-62.272346
33120.0,-62.272495
33122.0,-62.272655
33124.0,-62.272816
33126.0,-62.272987
33128.0,-62.273163
33130.0,-62.273342
33132.0,-62.273533
33134.0,-62.273727
33136.0,-62.273926
33138.0,-62.274136
33140.0,-62.274349
33142.0,-62.274567
33144.0,-62.274796
33146.0,-62.275028
33148.0,-62.275269
33150.0,-62.275513
33152.0,-62.275764
33154.0,-62.276024
33156.0,-62.276291
33158.0,-62.276566
33160.0,-62.276844
33162.0,-62.27713
33164.0,-62.27742
33166.0,-62.277721
33168.0,-62.278027
33170.0,-62.278339
33172.0,-62.278656
33174.0,-62.278984
33176.0,-62.279316
33178.0,-62.279655
33180.0,-62.280003
33182.0,-62.280357
33184.0,-62.280716
33186.0,-62.281086
33188.0,-62.28146
33190.0,-62.281841
33192.0,-62.28223
33194.0,-62.282623
33196.0,-62.283028
33198.0,-62.283436
33200.0,-62.283855
33202.0,-62.284279
33204.0,-62.28471
33206.0,-62.285038
33208.0,-62.285248
33210.0,-62.285458
33212.0,-62.285675
33214.0,-62.285892
33216.0,-62.286118
33218.0,-62.286343
33220.0,-62.286572
33222.0,-62.286804
33224.0,-62.287041
33226.0,-62.287277
33228.0,-62.287521
33230.0,-62.287766
33232.0,-62.288013
33234.0,-62.288265
33236.0,-62.288521
33238.0,-62.28878
33240.0,-62.289043
33242.0,-62.289307
33244.0,-62.289574
33246.0,-62.289848
33248.0,-62.290123
33250.0,-62.290401
33252.0,-62.290684
33254.0,-62.290966
33256.0,-62.291256
33258.0,-62.291546
33260.0,-62.291843
33262.0,-62.292141
33264.0,-62.292442
33266.0,-62.292747
33268.0,-62.293053
33270.0,-62.293365
33272.0,-62.293682
33274.0,-62.293999
33276.0,-62.294319
33278.0,-62.294643
33280.0,-62.294971
33282.0,-62.295303
33284.0,-62.295639
33286.0,-62.295979
33288.0,-62.296318
33290.0,-62.296661
33292.0,-62.297012
33294.0,-62.297363
33296.0,-62.297718
33298.0,-62.298073
33300.0,-62.298435
33302.0,-62.298801
33304.0,-62.299168
33306.0,-62.299541
33308.0,-62.299915
33310.0,-62.300293
33312.0,-62.300674
33314.0,-62.30106
33316.0,-62.301445
33318.0,-62.301838
33320.0,-62.302231
33322.0,-62.302631
33324.0,-62.303032
33326.0,-62.303436
33328.0,-62.303844
33330.0,-62.304256
33332.0,-62.304668
33334.0,-62.305088
33336.0,-62.305508
33338.0,-62.305935
33340.0,-62.306362
33342.0,-62.306793
33344.0,-62.307228
33346.0,-62.307667
33348.0,-62.308109
33350.0,-62.308552
33352.0,-62.309002
33354.0,-62.309452
33356.0,-62.309906
33358.0,-62.310368
33360.0,-62.310829
33362.0,-62.311295
33364.0,-62.31176
33366.0,-62.312233
33368.0,-62.31271
33370.0,-62.313187
33372.0,-62.313667
33374.0,-62.314156
33376.0,-62.314644
33378.0,-62.315136
33380.0,-62.315628
33382.0,-62.316128
33384.0,-62.316631
33386.0,-62.317135
33388.0,-62.317646
33390.0,-62.318157
33392.0,-62.318672
33394.0,-62.319191
33396.0,-62.319714
33398.0,-62.32024
33400.0,-62.32077
33402.0,-62.321301
33404.0,-62.321838
33406.0,-62.322376
33408.0,-62.322922
33410.0,-62.323467
33412.0,-62.324017
33414.0,-62.32457
33416.0,-62.325127
33418.0,-62.325684
33420.0,-62.326248
33422.0,-62.326813
33424.0,-62.327385
33426.0,-62.327957
33428.0,-62.328533
33430.0,-62.329113
33432.0,-62.329697
33434.0,-62.330284
33436.0,-62.330875
33438.0,-62.331467
33440.0,-62.332066
33442.0,-62.332664
33444.0,-62.333271
33446.0,-62.333878
33448.0,-62.334488
33450.0,-62.335102
33452.0,-62.33572
33454.0,-62.336342
33456.0,-62.336964
33458.0,-62.337593
33460.0,-62.338226
33462.0,-62.33886
33464.0,-62.339497
33466.0,-62.340137
33468.0,-62.340782
33470.0,-62.341431
33472.0,-62.342083
33474.0,-62.342739
33476.0,-62.343399
33478.0,-62.344059
33480.0,-62.344727
33482.0,-62.345394
33484.0,-62.346066
33486.0,-62.346745
33488.0,-62.347424
33490.0,-62.348106
33492.0,-62.348793
33494.0,-62.34948
33496.0,-62.350174
33498.0,-62.350872
33500.0,-62.35157
33502.0,-62.352272
33504.0,-62.352982
33506.0,-62.353691
33508.0,-62.354404
33510.0,-62.355122
33512.0,-62.355843
33514.0,-62.356567
33516.0,-62.357292
33518.0,-62.358025
33520.0,-62.358757
33522.0,-62.359497
33524.0,-62.360237
33526.0,-62.360981
33528.0,-62.361732
33530.0,-62.362484
33532.0,-62.363239
33534.0,-62.363995
33536.0,-62.364758
33538.0,-62.365524
33540.0,-62.366295
33542.0,-62.367065
33544.0,-62.36784
33546.0,-62.368622
33548.0,-62.369404
33550.0,-62.37019
33552.0,-62.370979
33554.0,-62.371773
33556.0,-62.37257
33558.0,-62.373371
33560.0,-62.374172
33562.0,-62.374969
33564.0,-62.375523
33566.0,-62.376072
33568.0,-62.376625
33570.0,-62.377174
33572.0,-62.377724
33574.0,-62.378269
33576.0,-62.378819
33578.0,-62.379364
33580.0,-62.37991
33582.0,-62.380451
33584.0,-62.380997
33586.0,-62.381538
33588.0,-62.382076
33590.0,-62.382618
33592.0,-62.383156
33594.0,-62.383694
33596.0,-62.384228
33598.0,-62.384766
33600.0,-62.3853
33602.0,-62.38583
33604.0,-62.38636
33606.0,-62.38689
33608.0,-62.387421
33610.0,-62.387947
33612.0,-62.388474
33614.0,-62.388996
33616.0,-62.389519
33618.0,-62.390041
33620.0,-62.39056
33622.0,-62.391079
33624.0,-62.391598
33626.0,-62.392113
33628.0,-62.392628
33630.0,-62.393139
33632.0,-62.39365
33634.0,-62.394157
33636.0,-62.394665
33638.0,-62.395172
33640.0,-62.395676
33642.0,-62.396179
33644.0,-62.396679
33646.0,-62.397179
33648.0,-62.397675
33650.0,-62.39817
33652.0,-62.398663
33654.0,-62.399155
33656.0,-62.399647
33658.0,-62.400131
33660.0,-62.40062
33662.0,-62.401104
33664.0,-62.401585
33666.0,-62.402065
33668.0,-62.402542
33670.0,-62.403019
33672.0,-62.403492
33674.0,-62.403965
33676.0,-62.404434
33678.0,-62.4049
33680.0,-62.405365
33682.0,-62.40583
33684.0,-62.406288
33686.0,-62.40675
33688.0,-62.407204
33690.0,-62.407658
33692.0,-62.408112
33694.0,-62.408562
33696.0,-62.409008
33698.0,-62.409454
33700.0,-62.409897
33702.0,-62.410336
33704.0,-62.410774
33706.0,-62.411209
33708.0,-62.41164
33710.0,-62.412071
33712.0,-62.412498
33714.0,-62.412922
33716.0,-62.413345
33718.0,-62.413765
33720.0,-62.414185
33722.0,-62.414597
33724.0,-62.415009
33726.0,-62.415421
33728.0,-62.415825
33730.0,-62.416229
33732.0,-62.41663
33734.0,-62.41703
33736.0,-62.417423
33738.0,-62.417816
33740.0,-62.418209
33742.0,-62.418594
33744.0,-62.41898
33746.0,-62.419361
33748.0,-62.419739
33750.0,-62.420113
33752.0,-62.420486
33754.0,-62.420856
33756.0,-62.421223
33758.0,-62.421585
33760.0,-62.421944
33762.0,-62.422302
33764.0,-62.422657
33766.0,-62.423008
33768.0,-62.423355
33770.0,-62.423698
33772.0,-62.424038
33774.0,-62.424377
33776.0,-62.424713
33778.0,-62.425045
33780.0,-62.425373
33782.0,-62.425697
33784.0,-62.426018
33786.0,-62.426334
33788.0,-62.426651
33790.0,-62.42696
33792.0,-62.427269
33794.0,-62.427574
33796.0,-62.427876
33798.0,-62.428173
33800.0,-62.428467
33802.0,-62.428757
33804.0,-62.429043
33806.0,-62.429325
33808.0,-62.429604
33810.0,-62.429882
33812.0,-62.430153
33814.0,-62.43042
33816.0,-62.430687
33818.0,-62.430946
33820.0,-62.431206
33822.0,-62.431458
33824.0,-62.431705
33826.0,-62.431953
33828.0,-62.432194
33830.0,-62.432434
33832.0,-62.432667
33834.0,-62.432896
33836.0,-62.433125
33838.0,-62.433346
33840.0,-62.433563
33842.0,-62.433777
33844.0,-62.433987
33846.0,-62.434193
33848.0,-62.434395
33850.0,-62.434593
33852.0,-62.434788
33854.0,-62.434978
33856.0,-62.435162
33858.0,-62.435345
33860.0,-62.43552
33862.0,-62.435692
33864.0,-62.435863
33866.0,-62.436028
33868.0,-62.436188
33870.0,-62.43634
33872.0,-62.436493
33874.0,-62.436638
33876.0,-62.436783
33878.0,-62.43692
33880.0,-62.437054
33882.0,-62.437183
33884.0,-62.437305
33886.0,-62.437428
33888.0,-62.437542
33890.0,-62.437653
33892.0,-62.437759
33894.0,-62.437862
33896.0,-62.437958
33898.0,-62.438049
33900.0,-62.438137
33902.0,-62.438221
33904.0,-62.438301
33906.0,-62.438374
33908.0,-62.438442
33910.0,-62.438507
33912.0,-62.438564
33914.0,-62.438618
33916.0,-62.438667
33918.0,-62.438713
33920.0,-62.438816
33922.0,-62.438957
33924.0,-62.439098
33926.0,-62.439232
33928.0,-62.439362
33930.0,-62.439491
33932.0,-62.439617
33934.0,-62.439739
33936.0,-62.439857
33938.0,-62.439972
33940.0,-62.440086
33942.0,-62.440193
33944.0,-62.4403
33946.0,-62.440403
33948.0,-62.440502
33950.0,-62.440598
33952.0,-62.440689
33954.0,-62.440777
33956.0,-62.440865
33958.0,-62.440945
33960.0,-62.441025
33962.0,-62.441101
33964.0,-62.441174
33966.0,-62.441242
33968.0,-62.441307
33970.0,-62.441368
33972.0,-62.441429
33974.0,-62.441483
33976.0,-62.441532
33978.0,-62.441582
33980.0,-62.441628
33982.0,-62.441666
33984.0,-62.441704
33986.0,-62.441738
33988.0,-62.441769
33990.0,-62.441795
33992.0,-62.441818
33994.0,-62.441837
33996.0,-62.441853
33998.0,-62.441868
34000.0,-62.441875
34002.0,-62.441879
34004.0,-62.441883
34006.0,-62.441879
34008.0,-62.441872
34010.0,-62.441864
34012.0,-62.441849
34014.0,-62.441833
34016.0,-62.441811
34018.0,-62.441788
34020.0,-62.441761
34022.0,-62.441727
34024.0,-62.441692
34026.0,-62.44165
34028.0,-62.441608
34030.0,-62.441563
34032.0,-62.441509
34034.0,-62.441456
34036.0,-62.441395
34038.0,-62.441334
34040.0,-62.441269
34042.0,-62.441196
34044.0,-62.441124
34046.0,-62.441044
34048.0,-62.440964
34050.0,-62.440876
34052.0,-62.440788
34054.0,-62.440693
34056.0,-62.440594
34058.0,-62.440495
34060.0,-62.440388
34062.0,-62.440277
34064.0,-62.440163
34066.0,-62.440044
34068.0,-62.439922
34070.0,-62.439796
34072.0,-62.439667
34074.0,-62.439533
34076.0,-62.439396
34078.0,-62.439251
34080.0,-62.439106
34082.0,-62.438953
34084.0,-62.438801
34086.0,-62.438641
34088.0,-62.438477
34090.0,-62.438309
34092.0,-62.438137
34094.0,-62.437962
34096.0,-62.437782
34098.0,-62.437599
34100.0,-62.437412
34102.0,-62.437218
34104.0,-62.437019
34106.0,-62.436821
34108.0,-62.436615
34110.0,-62.436405
34112.0,-62.436192
34114.0,-62.43597
34116.0,-62.435749
34118.0,-62.435524
34120.0,-62.435291
34122.0,-62.435055
34124.0,-62.434814
34126.0,-62.43457
34128.0,-62.434322
34130.0,-62.434067
34132.0,-62.433811
34134.0,-62.433548
34136.0,-62.433281
34138.0,-62.43301
34140.0,-62.432735
34142.0,-62.432453
34144.0,-62.432171
34146.0,-62.431881
34148.0,-62.431587
34150.0,-62.43129
34152.0,-62.430984
34154.0,-62.430679
34156.0,-62.430367
34158.0,-62.43005
34160.0,-62.429729
34162.0,-62.429401
34164.0,-62.429073
34166.0,-62.428738
34168.0,-62.428398
34170.0,-62.428055
34172.0,-62.427704
34174.0,-62.427349
34176.0,-62.426991
34178.0,-62.426628
34180.0,-62.426262
34182.0,-62.425888
34184.0,-62.42551
34186.0,-62.425129
34188.0,-62.424744
34190.0,-62.424351
34192.0,-62.423954
34194.0,-62.423553
34196.0,-62.423149
34198.0,-62.422737
34200.0,-62.422321
34202.0,-62.421902
34204.0,-62.421474
34206.0,-62.421047
34208.0,-62.420612
34210.0,-62.42017
34212.0,-62.419727
34214.0,-62.419277
34216.0,-62.418823
34218.0,-62.418362
34220.0,-62.417896
34222.0,-62.417427
34224.0,-62.416954
34226.0,-62.416473
34228.0,-62.415989
34230.0,-62.415501
34232.0,-62.415005
34234.0,-62.414505
34236.0,-62.414001
34238.0,-62.41349
34240.0,-62.412979
34242.0,-62.412457
34244.0,-62.411934
34246.0,-62.411404
34248.0,-62.41087
34250.0,-62.410328
34252.0,-62.409782
34254.0,-62.409233
34256.0,-62.408676
34258.0,-62.408115
34260.0,-62.407551
34262.0,-62.406979
34264.0,-62.406403
34266.0,-62.405819
34268.0,-62.405231
34270.0,-62.40464
34272.0,-62.404045
34274.0,-62.403442
34276.0,-62.402832
34278.0,-62.402218
34280.0,-62.4016
34282.0,-62.400978
34284.0,-62.400349
34286.0,-62.399712
34288.0,-62.399075
34290.0,-62.39843
34292.0,-62.397778
34294.0,-62.397121
34296.0,-62.396461
34298.0,-62.395794
34300.0,-62.395123
34302.0,-62.394444
34304.0,-62.393761
34306.0,-62.393074
34308.0,-62.39238
34310.0,-62.391678
34312.0,-62.390976
34314.0,-62.390263
34316.0,-62.389549
34318.0,-62.388824
34320.0,-62.3881
34322.0,-62.387367
34324.0,-62.386627
34326.0,-62.385883
34328.0,-62.385136
34330.0,-62.38438
34332.0,-62.383621
34334.0,-62.382854
34336.0,-62.382084
34338.0,-62.381306
34340.0,-62.380524
34342.0,-62.379734
34344.0,-62.378941
34346.0,-62.378139
34348.0,-62.377335
34350.0,-62.376522
34352.0,-62.375706
34354.0,-62.374882
34356.0,-62.374054
34358.0,-62.373219
34360.0,-62.372379
34362.0,-62.371532
34364.0,-62.370682
34366.0,-62.369823
34368.0,-62.368961
34370.0,-62.368092
34372.0,-62.367218
34374.0,-62.366337
34376.0,-62.365452
34378.0,-62.364559
34380.0,-62.363659
34382.0,-62.362755
34384.0,-62.361847
34386.0,-62.360931
34388.0,-62.360008
34390.0,-62.359081
34392.0,-62.358147
34394.0,-62.357208
34396.0,-62.356262
34398.0,-62.355309
34400.0,-62.354351
34402.0,-62.35339
34404.0,-62.352417
34406.0,-62.351444
34408.0,-62.35046
34410.0,-62.349472
34412.0,-62.34848
34414.0,-62.347481
34416.0,-62.346474
34418.0,-62.345463
34420.0,-62.344444
34422.0,-62.343418
34424.0,-62.342388
34426.0,-62.341351
34428.0,-62.340309
34430.0,-62.33926
34432.0,-62.338207
34434.0,-62.337143
34436.0,-62.336079
34438.0,-62.335003
34440.0,-62.333923
34442.0,-62.332836
34444.0,-62.331745
34446.0,-62.330647
34448.0,-62.329544
34450.0,-62.32843
34452.0,-62.327312
34454.0,-62.326191
34456.0,-62.325062
34458.0,-62.323925
34460.0,-62.322781
34462.0,-62.321632
34464.0,-62.320477
34466.0,-62.319317
34468.0,-62.31815
34470.0,-62.316975
34472.0,-62.315792
34474.0,-62.314606
34476.0,-62.313412
34478.0,-62.312248
34480.0,-62.31144
34482.0,-62.310623
34484.0,-62.309811
34486.0,-62.308994
34488.0,-62.308178
34490.0,-62.307362
34492.0,-62.306541
34494.0,-62.305721
34496.0,-62.304901
34498.0,-62.304077
34500.0,-62.303253
34502.0,-62.302429
34504.0,-62.301605
34506.0,-62.300781
34508.0,-62.299953
34510.0,-62.299126
34512.0,-62.298298
34514.0,-62.297466
34516.0,-62.296638
34518.0,-62.295807
34520.0,-62.294975
34522.0,-62.29414
34524.0,-62.293308
34526.0,-62.292473
34528.0,-62.291637
34530.0,-62.290802
34532.0,-62.289967
34534.0,-62.289131
34536.0,-62.288292
34538.0,-62.287453
34540.0,-62.286613
34542.0,-62.285774
34544.0,-62.284935
34546.0,-62.284096
34548.0,-62.283253
34550.0,-62.282413
34552.0,-62.28157
34554.0,-62.280727
34556.0,-62.279884
34558.0,-62.279041
34560.0,-62.278198
34562.0,-62.277355
34564.0,-62.276512
34566.0,-62.275669
34568.0,-62.274822
34570.0,-62.273979
34572.0,-62.273132
34574.0,-62.272289
34576.0,-62.271442
34578.0,-62.270596
34580.0,-62.269753
34582.0,-62.268906
34584.0,-62.268059
34586.0,-62.267212
34588.0,-62.266365
34590.0,-62.265522
34592.0,-62.264675
34594.0,-62.263828
34596.0,-62.262981
34598.0,-62.262135
34600.0,-62.261292
34602.0,-62.260445
34604.0,-62.259598
34606.0,-62.258755
34608.0,-62.257908
34610.0,-62.257065
34612.0,-62.256218
34614.0,-62.255375
34616.0,-62.254532
34618.0,-62.253685
34620.0,-62.252842
34622.0,-62.251999
34624.0,-62.251156
34626.0,-62.250317
34628.0,-62.249474
34630.0,-62.248631
34632.0,-62.247791
34634.0,-62.246952
34636.0,-62.246113
34638.0,-62.245274
34640.0,-62.244434
34642.0,-62.243595
34644.0,-62.24276
34646.0,-62.24192
34648.0,-62.241085
34650.0,-62.24025
34652.0,-62.239414
34654.0,-62.238583
34656.0,-62.237747
34658.0,-62.236916
34660.0,-62.236084
34662.0,-62.235256
34664.0,-62.234425
34666.0,-62.233597
34668.0,-62.232769
34670.0,-62.231945
34672.0,-62.231117
34674.0,-62.230293
34676.0,-62.229469
34678.0,-62.228649
34680.0,-62.227825
34682.0,-62.227005
34684.0,-62.226189
34686.0,-62.225368
34688.0,-62.224552
34690.0,-62.22374
34692.0,-62.222923
34694.0,-62.222111
34696.0,-62.221298
34698.0,-62.22049
34700.0,-62.219681
34702.0,-62.218876
34704.0,-62.218067
34706.0,-62.217266
34708.0,-62.216461
34710.0,-62.21566
34712.0,-62.214863
34714.0,-62.214062
34716.0,-62.213268
34718.0,-62.212471
34720.0,-62.211678
34722.0,-62.210888
34724.0,-62.210098
34726.0,-62.209309
34728.0,-62.208523
34730.0,-62.207741
34732.0,-62.206959
34734.0,-62.206177
34736.0,-62.205399
34738.0,-62.20462
34740.0,-62.203846
34742.0,-62.203075
34744.0,-62.202305
34746.0,-62.201534
34748.0,-62.200768
34750.0,-62.200005
34752.0,-62.199242
34754.0,-62.198483
34756.0,-62.197723
34758.0,-62.196968
34760.0,-62.196213
34762.0,-62.195461
34764.0,-62.194714
34766.0,-62.193966
34768.0,-62.193222
34770.0,-62.192482
34772.0,-62.191742
34774.0,-62.191006
34776.0,-62.190269
34778.0,-62.189537
34780.0,-62.188808
34782.0,-62.188084
34784.0,-62.187359
34786.0,-62.186638
34788.0,-62.185917
34790.0,-62.185204
34792.0,-62.18449
34794.0,-62.183777
34796.0,-62.183071
34798.0,-62.182365
34800.0,-62.181664
34802.0,-62.180965
34804.0,-62.180267
34806.0,-62.179573
34808.0,-62.178883
34810.0,-62.178196
34812.0,-62.177513
34814.0,-62.17683
34816.0,-62.176155
34818.0,-62.17548
34820.0,-62.174809
34822.0,-62.174137
34824.0,-62.173473
34826.0,-62.17281
34828.0,-62.172153
34830.0,-62.171497
34832.0,-62.170845
34834.0,-62.170197
34836.0,-62.169552
34838.0,-62.168911
34840.0,-62.168274
34842.0,-62.167637
34844.0,-62.167007
34846.0,-62.166378
34848.0,-62.165756
34850.0,-62.165134
34852.0,-62.16452
34854.0,-62.163906
34856.0,-62.163296
34858.0,-62.162693
34860.0,-62.16209
34862.0,-62.161495
34864.0,-62.1609
34866.0,-62.160309
34868.0,-62.159725
34870.0,-62.159142
34872.0,-62.158566
34874.0,-62.157993
34876.0,-62.157421
34878.0,-62.156857
34880.0,-62.156296
34882.0,-62.155739
34884.0,-62.155186
34886.0,-62.15464
34888.0,-62.154095
34890.0,-62.153553
34892.0,-62.153019
34894.0,-62.152489
34896.0,-62.151962
34898.0,-62.15144
34900.0,-62.150921
34902.0,-62.15041
34904.0,-62.149902
34906.0,-62.149399
34908.0,-62.148899
34910.0,-62.148403
34912.0,-62.147915
34914.0,-62.14743
34916.0,-62.14695
34918.0,-62.146473
34920.0,-62.146004
34922.0,-62.145538
34924.0,-62.145077
34926.0,-62.144623
34928.0,-62.144173
34930.0,-62.143726
34932.0,-62.143288
34934.0,-62.142849
34936.0,-62.142422
34938.0,-62.141994
34940.0,-62.141575
34942.0,-62.141163
34944.0,-62.140751
34946.0,-62.140347
34948.0,-62.13995
34950.0,-62.139557
34952.0,-62.139168
34954.0,-62.138786
34956.0,-62.138409
34958.0,-62.138039
34960.0,-62.137672
34962.0,-62.137314
34964.0,-62.136959
34966.0,-62.136612
34968.0,-62.136269
34970.0,-62.135933
34972.0,-62.135601
34974.0,-62.135277
34976.0,-62.134956
34978.0,-62.134644
34980.0,-62.134335
34982.0,-62.134033
34984.0,-62.133739
34986.0,-62.13345
34988.0,-62.133167
34990.0,-62.132889
34992.0,-62.132618
34994.0,-62.132355
34996.0,-62.132095
34998.0,-62.131844
35000.0,-62.131599
35002.0,-62.131359
35004.0,-62.131126
35006.0,-62.130898
35008.0,-62.13068
35010.0,-62.130466
35012.0,-62.13026
35014.0,-62.130058
35016.0,-62.129868
35018.0,-62.129681
35020.0,-62.129498
35022.0,-62.129326
35024.0,-62.129158
35026.0,-62.128998
35028.0,-62.128845
35030.0,-62.1287
35032.0,-62.128563
35034.0,-62.128429
35036.0,-62.128307
35038.0,-62.128052
35040.0,-62.127697
35042.0,-62.127346
35044.0,-62.126999
35046.0,-62.126659
35048.0,-62.12632
35050.0,-62.125984
35052.0,-62.125656
35054.0,-62.125328
35056.0,-62.125008
35058.0,-62.124687
35060.0,-62.124374
35062.0,-62.124065
35064.0,-62.12376
35066.0,-62.123459
35068.0,-62.123161
35070.0,-62.122868
35072.0,-62.122581
35074.0,-62.122295
35076.0,-62.122017
35078.0,-62.121742
35080.0,-62.121471
35082.0,-62.121204
35084.0,-62.120945
35086.0,-62.120686
35088.0,-62.120434
35090.0,-62.120186
35092.0,-62.119942
35094.0,-62.119701
35096.0,-62.119469
35098.0,-62.119236
35100.0,-62.119011
35102.0,-62.11879
35104.0,-62.118572
35106.0,-62.118362
35108.0,-62.118156
35110.0,-62.117954
35112.0,-62.117756
35114.0,-62.117565
35116.0,-62.117374
35118.0,-62.117191
35120.0,-62.117016
35122.0,-62.11684
35124.0,-62.116673
35126.0,-62.116508
35128.0,-62.116352
35130.0,-62.116199
35132.0,-62.116051
35134.0,-62.115906
35136.0,-62.115768
35138.0,-62.115635
35140.0,-62.115505
35142.0,-62.115383
35144.0,-62.115265
35146.0,-62.11515
35148.0,-62.115044
35150.0,-62.114941
35152.0,-62.114841
35154.0,-62.11475
35156.0,-62.114662
35158.0,-62.114582
35160.0,-62.114506
35162.0,-62.114433
35164.0,-62.114368
35166.0,-62.114307
35168.0,-62.114254
35170.0,-62.114204
35172.0,-62.114159
35174.0,-62.11412
35176.0,-62.114086
35178.0,-62.114059
35180.0,-62.114037
35182.0,-62.114021
35184.0,-62.11401
35186.0,-62.114002
35188.0,-62.114002
35190.0,-62.11401
35192.0,-62.114021
35194.0,-62.114037
35196.0,-62.114059
35198.0,-62.11409
35200.0,-62.114124
35202.0,-62.114166
35204.0,-62.114212
35206.0,-62.114262
35208.0,-62.114319
35210.0,-62.114384
35212.0,-62.114452
35214.0,-62.114529
35216.0,-62.114609
35218.0,-62.114697
35220.0,-62.114792
35222.0,-62.114891
35224.0,-62.114994
35226.0,-62.115108
35228.0,-62.115227
35230.0,-62.115349
35232.0,-62.115479
35234.0,-62.115616
35236.0,-62.115757
35238.0,-62.115906
35240.0,-62.116062
35242.0,-62.116222
35244.0,-62.11639
35246.0,-62.116562
35248.0,-62.116741
35250.0,-62.116928
35252.0,-62.117123
35254.0,-62.117321
35256.0,-62.117527
35258.0,-62.117737
35260.0,-62.117958
35262.0,-62.118183
35264.0,-62.118412
35266.0,-62.118652
35268.0,-62.118896
35270.0,-62.119148
35272.0,-62.119408
35274.0,-62.119671
35276.0,-62.119942
35278.0,-62.12022
35280.0,-62.120506
35282.0,-62.120796
35284.0,-62.121094
35286.0,-62.121399
35288.0,-62.121712
35290.0,-62.122032
35292.0,-62.122356
35294.0,-62.122688
35296.0,-62.123028
35298.0,-62.123375
35300.0,-62.12373
35302.0,-62.124088
35304.0,-62.124458
35306.0,-62.124832
35308.0,-62.125214
35310.0,-62.125603
35312.0,-62.125999
35314.0,-62.1264
35316.0,-62.126812
35318.0,-62.127228
35320.0,-62.127655
35322.0,-62.128086
35324.0,-62.128525
35326.0,-62.128971
35328.0,-62.129425
35330.0,-62.129887
35332.0,-62.130356
35334.0,-62.130833
35336.0,-62.131317
35338.0,-62.131805
35340.0,-62.132305
35342.0,-62.132812
35344.0,-62.133324
35346.0,-62.133846
35348.0,-62.134377
35350.0,-62.134911
35352.0,-62.135456
35354.0,-62.136005
35356.0,-62.136566
35358.0,-62.137135
35360.0,-62.137711
35362.0,-62.13829
35364.0,-62.138882
35366.0,-62.139481
35368.0,-62.140087
35370.0,-62.140701
35372.0,-62.141323
35374.0,-62.141953
35376.0,-62.14259
35378.0,-62.143234
35380.0,-62.14389
35382.0,-62.14455
35384.0,-62.145222
35386.0,-62.145901
35388.0,-62.146584
35390.0,-62.147278
35392.0,-62.147984
35394.0,-62.148693
35396.0,-62.14941
35398.0,-62.150139
35400.0,-62.150875
35402.0,-62.151619
35404.0,-62.15237
35406.0,-62.15313
35408.0,-62.1539
35410.0,-62.154675
35412.0,-62.15546
35414.0,-62.156254
35416.0,-62.157059
35418.0,-62.157867
35420.0,-62.158688
35422.0,-62.159515
35424.0,-62.160355
35426.0,-62.161198
35428.0,-62.162052
35430.0,-62.162914
35432.0,-62.163788
35434.0,-62.164665
35436.0,-62.165554
35438.0,-62.166454
35440.0,-62.167358
35442.0,-62.168274
35444.0,-62.169197
35446.0,-62.170132
35448.0,-62.171074
35450.0,-62.172024
35452.0,-62.172985
35454.0,-62.173954
35456.0,-62.174931
35458.0,-62.175919
35460.0,-62.176914
35462.0,-62.177917
35464.0,-62.178932
35466.0,-62.179958
35468.0,-62.180988
35470.0,-62.18203
35472.0,-62.183083
35474.0,-62.184143
35476.0,-62.185211
35478.0,-62.186291
35480.0,-62.187378
35482.0,-62.188477
35484.0,-62.189583
35486.0,-62.190701
35488.0,-62.191826
35490.0,-62.192963
35492.0,-62.194107
35494.0,-62.195263
35496.0,-62.196426
35498.0,-62.197601
35500.0,-62.198784
35502.0,-62.199978
35504.0,-62.20118
35506.0,-62.202393
35508.0,-62.203613
35510.0,-62.204845
35512.0,-62.206089
35514.0,-62.20734
35516.0,-62.208599
35518.0,-62.209873
35520.0,-62.211155
35522.0,-62.212444
35524.0,-62.213745
35526.0,-62.215057
35528.0,-62.216377
35530.0,-62.217709
35532.0,-62.219051
35534.0,-62.220402
35536.0,-62.221764
35538.0,-62.223137
35540.0,-62.224518
35542.0,-62.22591
35544.0,-62.22731
35546.0,-62.228725
35548.0,-62.230148
35550.0,-62.231579
35552.0,-62.233025
35554.0,-62.234478
35556.0,-62.235943
35558.0,-62.237419
35560.0,-62.238903
35562.0,-62.240398
35564.0,-62.241905
35566.0,-62.243423
35568.0,-62.244949
35570.0,-62.24649
35572.0,-62.248039
35574.0,-62.249596
35576.0,-62.251167
35578.0,-62.25275
35580.0,-62.254341
35582.0,-62.255943
35584.0,-62.257557
35586.0,-62.259182
35588.0,-62.260815
35590.0,-62.262463
35592.0,-62.264118
35594.0,-62.265789
35596.0,-62.267441
35598.0,-62.268326
35600.0,-62.269215
35602.0,-62.270103
35604.0,-62.270996
35606.0,-62.271885
35608.0,-62.272774
35610.0,-62.273666
35612.0,-62.274559
35614.0,-62.275448
35616.0,-62.27634
35618.0,-62.277233
35620.0,-62.278126
35622.0,-62.279018
35624.0,-62.279911
35626.0,-62.280804
35628.0,-62.281696
35630.0,-62.282589
35632.0,-62.283482
35634.0,-62.284374
35636.0,-62.285267
35638.0,-62.28616
35640.0,-62.287052
35642.0,-62.287945
35644.0,-62.288837
35646.0,-62.28973
35648.0,-62.290623
35650.0,-62.291515
35652.0,-62.292404
35654.0,-62.293297
35656.0,-62.294186
35658.0,-62.295078
35660.0,-62.295967
35662.0,-62.296856
35664.0,-62.297745
35666.0,-62.298634
35668.0,-62.299519
35670.0,-62.300407
35672.0,-62.301292
35674.0,-62.302177
35676.0,-62.303062
35678.0,-62.303947
35680.0,-62.304829
35682.0,-62.30571
35684.0,-62.306595
35686.0,-62.307472
35688.0,-62.308353
35690.0,-62.309231
35692.0,-62.310108
35694.0,-62.310986
35696.0,-62.311859
35698.0,-62.312733
35700.0,-62.313606
35702.0,-62.31448
35704.0,-62.31535
35706.0,-62.316216
35708.0,-62.317085
35710.0,-62.317951
35712.0,-62.318817
35714.0,-62.319679
35716.0,-62.320541
35718.0,-62.3214
35720.0,-62.322262
35722.0,-62.323116
35724.0,-62.323971
35726.0,-62.324825
35728.0,-62.32568
35730.0,-62.326527
35732.0,-62.327377
35734.0,-62.328224
35736.0,-62.329067
35738.0,-62.32991
35740.0,-62.330753
35742.0,-62.331589
35744.0,-62.332428
35746.0,-62.33326
35748.0,-62.334095
35750.0,-62.334923
35752.0,-62.335751
35754.0,-62.336578
35756.0,-62.337402
35758.0,-62.338223
35760.0,-62.339039
35762.0,-62.339855
35764.0,-62.340672
35766.0,-62.34148
35768.0,-62.342289
35770.0,-62.343098
35772.0,-62.343899
35774.0,-62.3447
35776.0,-62.345501
35778.0,-62.346294
35780.0,-62.347088
35782.0,-62.347878
35784.0,-62.348663
35786.0,-62.349449
35788.0,-62.350227
35790.0,-62.351006
35792.0,-62.35178
35794.0,-62.352554
35796.0,-62.353321
35798.0,-62.354088
35800.0,-62.354847
35802.0,-62.355606
35804.0,-62.356361
35806.0,-62.357113
35808.0,-62.357864
35810.0,-62.358608
35812.0,-62.359352
35814.0,-62.360088
35816.0,-62.360825
35818.0,-62.361553
35820.0,-62.362282
35822.0,-62.363007
35824.0,-62.363724
35826.0,-62.364441
35828.0,-62.365154
35830.0,-62.36586
35832.0,-62.366566
35834.0,-62.367264
35836.0,-62.367962
35838.0,-62.368652
35840.0,-62.369343
35842.0,-62.370026
35844.0,-62.370705
35846.0,-62.37138
35848.0,-62.372051
35850.0,-62.372719
35852.0,-62.373379
35854.0,-62.374039
35856.0,-62.374691
35858.0,-62.37534
35860.0,-62.375984
35862.0,-62.376621
35864.0,-62.377258
35866.0,-62.377888
35868.0,-62.378513
35870.0,-62.379131
35872.0,-62.379745
35874.0,-62.380356
35876.0,-62.380962
35878.0,-62.381565
35880.0,-62.38216
35882.0,-62.382748
35884.0,-62.383335
35886.0,-62.383915
35888.0,-62.384487
35890.0,-62.385056
35892.0,-62.38562
35894.0,-62.386181
35896.0,-62.386734
35898.0,-62.38728
35900.0,-62.387821
35902.0,-62.388359
35904.0,-62.388889
35906.0,-62.389412
35908.0,-62.389931
35910.0,-62.390446
35912.0,-62.390953
35914.0,-62.391453
35916.0,-62.391949
35918.0,-62.392437
35920.0,-62.392921
35922.0,-62.393398
35924.0,-62.393871
35926.0,-62.394333
35928.0,-62.394794
35930.0,-62.395245
35932.0,-62.395691
35934.0,-62.39613
35936.0,-62.396561
35938.0,-62.396988
35940.0,-62.397408
35942.0,-62.397823
35944.0,-62.398228
35946.0,-62.398628
35948.0,-62.399021
35950.0,-62.399406
35952.0,-62.399784
35954.0,-62.400158
35956.0,-62.40052
35958.0,-62.400879
35960.0,-62.40123
35962.0,-62.401573
35964.0,-62.401913
35966.0,-62.402241
35968.0,-62.402561
35970.0,-62.402878
35972.0,-62.403183
35974.0,-62.403484
35976.0,-62.403774
35978.0,-62.40406
35980.0,-62.404335
35982.0,-62.404606
35984.0,-62.404865
35986.0,-62.405121
35988.0,-62.405365
35990.0,-62.405602
35992.0,-62.405834
35994.0,-62.406055
35996.0,-62.406269
35998.0,-62.406475
36000.0,-62.40667
36002.0,-62.40686
36004.0,-62.40704
36006.0,-62.407211
36008.0,-62.407375
36010.0,-62.407532
36012.0,-62.407677
36014.0,-62.407818
36016.0,-62.407944
36018.0,-62.408066
36020.0,-62.408176
36022.0,-62.408283
36024.0,-62.408375
36026.0,-62.408463
36028.0,-62.408539
36030.0,-62.408604
36032.0,-62.408665
36034.0,-62.40871
36036.0,-62.408752
36038.0,-62.408783
36040.0,-62.408802
36042.0,-62.408817
36044.0,-62.408817
36046.0,-62.40881
36048.0,-62.408794
36050.0,-62.408768
36052.0,-62.40873
36054.0,-62.408684
36056.0,-62.40863
36058.0,-62.408566
36060.0,-62.408489
36062.0,-62.408405
36064.0,-62.40831
36066.0,-62.408203
36068.0,-62.408089
36070.0,-62.407963
36072.0,-62.407825
36074.0,-62.407677
36076.0,-62.40752
36078.0,-62.407352
36080.0,-62.407177
36082.0,-62.406986
36084.0,-62.406788
36086.0,-62.406578
36088.0,-62.406357
36090.0,-62.406128
36092.0,-62.405884
36094.0,-62.405632
36096.0,-62.405365
36098.0,-62.40509
36100.0,-62.404804
36102.0,-62.404507
36104.0,-62.404198
36106.0,-62.403877
36108.0,-62.403545
36110.0,-62.403202
36112.0,-62.402847
36114.0,-62.402481
36116.0,-62.402103
36118.0,-62.401714
36120.0,-62.401314
36122.0,-62.400902
36124.0,-62.400475
36126.0,-62.40004
36128.0,-62.39959
36130.0,-62.399128
36132.0,-62.398655
36134.0,-62.39817
36136.0,-62.397675
36138.0,-62.397163
36140.0,-62.396641
36142.0,-62.396107
36144.0,-62.395561
36146.0,-62.395
36148.0,-62.394428
36150.0,-62.393845
36152.0,-62.393246
36154.0,-62.392635
36156.0,-62.392231
36158.0,-62.392033
36160.0,-62.39183
36162.0,-62.391617
36164.0,-62.391399
36166.0,-62.391174
36168.0,-62.390938
36170.0,-62.390697
36172.0,-62.39045
36174.0,-62.390194
36176.0,-62.389931
36178.0,-62.38966
36180.0,-62.389378
36182.0,-62.389091
36184.0,-62.388798
36186.0,-62.388496
36188.0,-62.388187
36190.0,-62.387871
36192.0,-62.387547
36194.0,-62.387211
36196.0,-62.386871
36198.0,-62.38652
36200.0,-62.386166
36202.0,-62.385799
36204.0,-62.385429
36206.0,-62.385048
36208.0,-62.384659
36210.0,-62.384262
36212.0,-62.383858
36214.0,-62.383446
36216.0,-62.383022
36218.0,-62.382595
36220.0,-62.382156
36222.0,-62.38171
36224.0,-62.381256
36226.0,-62.380795
36228.0,-62.380322
36230.0,-62.379841
36232.0,-62.379356
36234.0,-62.378857
36236.0,-62.378353
36238.0,-62.377842
36240.0,-62.377319
36242.0,-62.376789
36244.0,-62.376247
36246.0,-62.375702
36248.0,-62.375145
36250.0,-62.374577
36252.0,-62.374004
36254.0,-62.373421
36256.0,-62.372829
36258.0,-62.372231
36260.0,-62.37162
36262.0,-62.371002
36264.0,-62.370373
36266.0,-62.369736
36268.0,-62.369091
36270.0,-62.368435
36272.0,-62.367771
36274.0,-62.3671
36276.0,-62.366417
36278.0,-62.365726
36280.0,-62.365025
36282.0,-62.364315
36284.0,-62.363598
36286.0,-62.362869
36288.0,-62.362129
36290.0,-62.361385
36292.0,-62.360626
36294.0,-62.359859
36296.0,-62.359085
36298.0,-62.358299
36300.0,-62.357506
36302.0,-62.356701
36304.0,-62.355885
36306.0,-62.355061
36308.0,-62.354229
36310.0,-62.353386
36312.0,-62.352531
36314.0,-62.351669
36316.0,-62.350796
36318.0,-62.349915
36320.0,-62.349022
36322.0,-62.348118
36324.0,-62.347206
36326.0,-62.346283
36328.0,-62.345352
36330.0,-62.344406
36332.0,-62.343456
36334.0,-62.342491
36336.0,-62.341518
36338.0,-62.340534
36340.0,-62.339542
36342.0,-62.338535
36344.0,-62.337521
36346.0,-62.336498
36348.0,-62.335461
36350.0,-62.334415
36352.0,-62.333359
36354.0,-62.332294
36356.0,-62.331215
36358.0,-62.330128
36360.0,-62.329029
36362.0,-62.327919
36364.0,-62.326801
36366.0,-62.325668
36368.0,-62.324528
36370.0,-62.323376
36372.0,-62.322212
36374.0,-62.321037
36376.0,-62.319855
36378.0,-62.318657
36380.0,-62.317451
36382.0,-62.316235
36384.0,-62.315006
36386.0,-62.313766
36388.0,-62.312515
36390.0,-62.311253
36392.0,-62.309978
36394.0,-62.308693
36396.0,-62.307396
36398.0,-62.306091
36400.0,-62.304771
36402.0,-62.30344
36404.0,-62.302101
36406.0,-62.300747
36408.0,-62.299381
36410.0,-62.298008
36412.0,-62.296619
36414.0,-62.295219
36416.0,-62.293808
36418.0,-62.292385
36420.0,-62.290951
36422.0,-62.289505
36424.0,-62.288048
36426.0,-62.286579
36428.0,-62.285099
36430.0,-62.283604
36432.0,-62.282101
36434.0,-62.280582
36436.0,-62.279053
36438.0,-62.277512
36440.0,-62.275959
36442.0,-62.274395
36444.0,-62.272816
36446.0,-62.271229
36448.0,-62.269627
36450.0,-62.268013
36452.0,-62.266384
36454.0,-62.264748
36456.0,-62.263096
36458.0,-62.261433
36460.0,-62.259754
36462.0,-62.258068
36464.0,-62.256367
36466.0,-62.254654
36468.0,-62.252926
36470.0,-62.251186
36472.0,-62.249435
36474.0,-62.247673
36476.0,-62.245895
36478.0,-62.244106
36480.0,-62.242302
36482.0,-62.240486
36484.0,-62.238659
36486.0,-62.236816
36488.0,-62.234962
36490.0,-62.233097
36492.0,-62.231216
36494.0,-62.229324
36496.0,-62.227417
36498.0,-62.225498
36500.0,-62.223564
36502.0,-62.221619
36504.0,-62.219658
36506.0,-62.217686
36508.0,-62.215702
36510.0,-62.213703
36512.0,-62.211689
36514.0,-62.209663
36516.0,-62.207623
36518.0,-62.20557
36520.0,-62.203503
36522.0,-62.201424
36524.0,-62.199329
36526.0,-62.19722
36528.0,-62.195099
36530.0,-62.192963
36532.0,-62.190815
36534.0,-62.188652
36536.0,-62.186474
36538.0,-62.184284
36540.0,-62.182079
36542.0,-62.179859
36544.0,-62.177628
36546.0,-62.175381
36548.0,-62.173119
36550.0,-62.170845
36552.0,-62.168552
36554.0,-62.166252
36556.0,-62.163933
36558.0,-62.161602
36560.0,-62.159252
36562.0,-62.156891
36564.0,-62.154518
36566.0,-62.152126
36568.0,-62.149723
36570.0,-62.147305
36572.0,-62.144871
36574.0,-62.142422
36576.0,-62.139957
36578.0,-62.137482
36580.0,-62.134991
36582.0,-62.132481
36584.0,-62.129959
36586.0,-62.127422
36588.0,-62.12487
36590.0,-62.122307
36592.0,-62.119724
36594.0,-62.117126
36596.0,-62.114513
36598.0,-62.111889
36600.0,-62.109245
36602.0,-62.10659
36604.0,-62.103916
36606.0,-62.101227
36608.0,-62.098526
36610.0,-62.095806
36612.0,-62.093075
36614.0,-62.090324
36616.0,-62.087559
36618.0,-62.084778
36620.0,-62.081985
36622.0,-62.079174
36624.0,-62.076347
36626.0,-62.073502
36628.0,-62.070644
36630.0,-62.067772
36632.0,-62.06488
36634.0,-62.061974
36636.0,-62.059055
36638.0,-62.056114
36640.0,-62.053162
36642.0,-62.050194
36644.0,-62.047207
36646.0,-62.044205
36648.0,-62.041187
36650.0,-62.038155
36652.0,-62.035103
36654.0,-62.03204
36656.0,-62.028957
36658.0,-62.025856
36660.0,-62.022743
36662.0,-62.019611
36664.0,-62.01646
36666.0,-62.013298
36668.0,-62.010117
36670.0,-62.00692
36672.0,-62.003704
36674.0,-62.000473
36676.0,-61.997227
36678.0,-61.993961
36680.0,-61.990681
36682.0,-61.987381
36684.0,-61.984066
36686.0,-61.980736
36688.0,-61.977386
36690.0,-61.974022
36692.0,-61.970638
36694.0,-61.967239
36696.0,-61.963821
36698.0,-61.960388
36700.0,-61.956936
36702.0,-61.953468
36704.0,-61.949982
36706.0,-61.94648
36708.0,-61.942959
36710.0,-61.939423
36712.0,-61.935867
36714.0,-61.932293
36716.0,-61.929253
36718.0,-61.926212
36720.0,-61.923164
36722.0,-61.920105
36724.0,-61.917034
36726.0,-61.913956
36728.0,-61.910866
36730.0,-61.907764
36732.0,-61.904655
36734.0,-61.901535
36736.0,-61.898403
36738.0,-61.895264
36740.0,-61.892113
36742.0,-61.88895
36744.0,-61.88578
36746.0,-61.882599
36748.0,-61.879406
36750.0,-61.876205
36752.0,-61.872993
36754.0,-61.86977
36756.0,-61.866539
36758.0,-61.863297
36760.0,-61.860043
36762.0,-61.856781
36764.0,-61.853508
36766.0,-61.850224
36768.0,-61.846931
36770.0,-61.843628
36772.0,-61.840313
36774.0,-61.83699
36776.0,-61.833656
36778.0,-61.830311
36780.0,-61.826954
36782.0,-61.823589
36784.0,-61.820217
36786.0,-61.81683
36788.0,-61.813435
36790.0,-61.810032
36792.0,-61.806614
36794.0,-61.803192
36796.0,-61.799755
36798.0,-61.79631
36800.0,-61.792854
36802.0,-61.789387
36804.0,-61.785912
36806.0,-61.782425
36808.0,-61.778927
36810.0,-61.775421
36812.0,-61.771904
36814.0,-61.768379
36816.0,-61.764843
36818.0,-61.761295
36820.0,-61.75774
36822.0,-61.754173
36824.0,-61.750595
36826.0,-61.747009
36828.0,-61.743412
36830.0,-61.739803
36832.0,-61.736187
36834.0,-61.732559
36836.0,-61.72892
36838.0,-61.725273
36840.0,-61.721615
36842.0,-61.717949
36844.0,-61.714272
36846.0,-61.710583
36848.0,-61.706886
36850.0,-61.703178
36852.0,-61.699463
36854.0,-61.695732
36856.0,-61.691998
36858.0,-61.688248
36860.0,-61.68449
36862.0,-61.680721
36864.0,-61.676945
36866.0,-61.673157
36868.0,-61.669361
36870.0,-61.665554
36872.0,-61.661736
36874.0,-61.657909
36876.0,-61.654072
36878.0,-61.650223
36880.0,-61.646366
36882.0,-61.642498
36884.0,-61.638622
36886.0,-61.634735
36888.0,-61.630836
36890.0,-61.62693
36892.0,-61.623016
36894.0,-61.619087
36896.0,-61.61515
36898.0,-61.611206
36900.0,-61.60725
36902.0,-61.603283
36904.0,-61.599308
36906.0,-61.595322
36908.0,-61.591324
36910.0,-61.587318
36912.0,-61.583305
36914.0,-61.579281
36916.0,-61.575245
36918.0,-61.571201
36920.0,-61.567146
36922.0,-61.56308
36924.0,-61.559006
36926.0,-61.554924
36928.0,-61.550827
36930.0,-61.546726
36932.0,-61.542614
36934.0,-61.53849
36936.0,-61.534355
36938.0,-61.530212
36940.0,-61.526062
36942.0,-61.5219
36944.0,-61.517727
36946.0,-61.513546
36948.0,-61.509357
36950.0,-61.505154
36952.0,-61.500946
36954.0,-61.496723
36956.0,-61.492496
36958.0,-61.488255
36960.0,-61.484005
36962.0,-61.479748
36964.0,-61.475479
36966.0,-61.471203
36968.0,-61.466915
36970.0,-61.462616
36972.0,-61.458309
36974.0,-61.453995
36976.0,-61.449669
36978.0,-61.445332
36980.0,-61.440987
36982.0,-61.436634
36984.0,-61.43227
36986.0,-61.427895
36988.0,-61.423512
36990.0,-61.419121
36992.0,-61.414719
36994.0,-61.410305
36996.0,-61.405884
36998.0,-61.401455
37000.0,-61.397015
37002.0,-61.392563
37004.0,-61.388103
37006.0,-61.383636
37008.0,-61.379158
37010.0,-61.374672
37012.0,-61.370174
37014.0,-61.365669
37016.0,-61.361153
37018.0,-61.356628
37020.0,-61.352093
37022.0,-61.347549
37024.0,-61.342999
37026.0,-61.338436
37028.0,-61.333866
37030.0,-61.329285
37032.0,-61.324692
37034.0,-61.320095
37036.0,-61.315487
37038.0,-61.310867
37040.0,-61.30624
37042.0,-61.301605
37044.0,-61.296959
37046.0,-61.292305
37048.0,-61.28764
37050.0,-61.282967
37052.0,-61.278282
37054.0,-61.27359
37056.0,-61.26889
37058.0,-61.264179
37060.0,-61.25946
37062.0,-61.254734
37064.0,-61.249996
37066.0,-61.245251
37068.0,-61.240494
37070.0,-61.235729
37072.0,-61.230957
37074.0,-61.226173
37076.0,-61.221382
37078.0,-61.216579
37080.0,-61.211769
37082.0,-61.206951
37084.0,-61.202126
37086.0,-61.197289
37088.0,-61.19244
37090.0,-61.187588
37092.0,-61.182724
37094.0,-61.177849
37096.0,-61.17297
37098.0,-61.168079
37100.0,-61.163177
37102.0,-61.158272
37104.0,-61.153355
37106.0,-61.148426
37108.0,-61.143494
37110.0,-61.13855
37112.0,-61.133595
37114.0,-61.128635
37116.0,-61.123665
37118.0,-61.118687
37120.0,-61.113697
37122.0,-61.108704
37124.0,-61.103699
37126.0,-61.098682
37128.0,-61.093662
37130.0,-61.088631
37132.0,-61.083591
37134.0,-61.078541
37136.0,-61.073483
37138.0,-61.068417
37140.0,-61.063343
37142.0,-61.058262
37144.0,-61.053169
37146.0,-61.048069
37148.0,-61.042961
37150.0,-61.037842
37152.0,-61.032719
37154.0,-61.027584
37156.0,-61.022442
37158.0,-61.017288
37160.0,-61.012131
37162.0,-61.006962
37164.0,-61.001785
37166.0,-60.996597
37168.0,-60.991405
37170.0,-60.986202
37172.0,-60.980991
37174.0,-60.975773
37176.0,-60.970547
37178.0,-60.965313
37180.0,-60.960068
37182.0,-60.954815
37184.0,-60.949554
37186.0,-60.944286
37188.0,-60.939011
37190.0,-60.933723
37192.0,-60.928432
37194.0,-60.92313
37196.0,-60.91782
37198.0,-60.912502
37200.0,-60.907177
37202.0,-60.90184
37204.0,-60.8965
37206.0,-60.891148
37208.0,-60.885792
37210.0,-60.880424
37212.0,-60.87505
37214.0,-60.869667
37216.0,-60.864277
37218.0,-60.858875
37220.0,-60.85347
37222.0,-60.848057
37224.0,-60.842632
37226.0,-60.8372
37228.0,-60.831764
37230.0,-60.826317
37232.0,-60.820862
37234.0,-60.815399
37236.0,-60.809929
37238.0,-60.804451
37240.0,-60.798965
37242.0,-60.793472
37244.0,-60.787971
37246.0,-60.782459
37248.0,-60.776943
37250.0,-60.77142
37252.0,-60.765888
37254.0,-60.760345
37256.0,-60.754799
37258.0,-60.749245
37260.0,-60.743679
37262.0,-60.73811
37264.0,-60.732533
37266.0,-60.726944
37268.0,-60.721352
37270.0,-60.715752
37272.0,-60.71014
37274.0,-60.704636
37276.0,-60.699261
37278.0,-60.693882
37280.0,-60.688499
37282.0,-60.683113
37284.0,-60.677723
37286.0,-60.672329
37288.0,-60.666931
37290.0,-60.661526
37292.0,-60.65612
37294.0,-60.650711
37296.0,-60.645294
37298.0,-60.639877
37300.0,-60.634453
37302.0,-60.629028
37304.0,-60.6236
37306.0,-60.618164
37308.0,-60.612728
37310.0,-60.607288
37312.0,-60.601845
37314.0,-60.596397
37316.0,-60.590946
37318.0,-60.585491
37320.0,-60.580032
37322.0,-60.57457
37324.0,-60.569107
37326.0,-60.563637
37328.0,-60.558167
37330.0,-60.552692
37332.0,-60.547215
37334.0,-60.541733
37336.0,-60.536251
37338.0,-60.530762
37340.0,-60.525272
37342.0,-60.519779
37344.0,-60.514286
37346.0,-60.508785
37348.0,-60.503284
37350.0,-60.49778
37352.0,-60.492275
37354.0,-60.486763
37356.0,-60.481251
37358.0,-60.475739
37360.0,-60.470219
37362.0,-60.464699
37364.0,-60.459175
37366.0,-60.453651
37368.0,-60.448124
37370.0,-60.442593
37372.0,-60.437061
37374.0,-60.431526
37376.0,-60.425991
37378.0,-60.420452
37380.0,-60.414909
37382.0,-60.409367
37384.0,-60.403824
37386.0,-60.398273
37388.0,-60.392727
37390.0,-60.387177
37392.0,-60.381622
37394.0,-60.376068
37396.0,-60.37051
37398.0,-60.364952
37400.0,-60.35939
37402.0,-60.353828
37404.0,-60.348267
37406.0,-60.342701
37408.0,-60.337135
37410.0,-60.331566
37412.0,-60.325996
37414.0,-60.320427
37416.0,-60.314854
37418.0,-60.30928
37420.0,-60.303703
37422.0,-60.298126
37424.0,-60.292549
37426.0,-60.286972
37428.0,-60.281391
37430.0,-60.27581
37432.0,-60.270229
37434.0,-60.264648
37436.0,-60.259064
37438.0,-60.253479
37440.0,-60.247894
37442.0,-60.24231
37444.0,-60.236721
37446.0,-60.231136
37448.0,-60.225548
37450.0,-60.219959
37452.0,-60.214371
37454.0,-60.208778
37456.0,-60.20319
37458.0,-60.197601
37460.0,-60.192009
37462.0,-60.186417
37464.0,-60.180828
37466.0,-60.175236
37468.0,-60.169643
37470.0,-60.164051
37472.0,-60.158459
37474.0,-60.15287
37476.0,-60.147278
37478.0,-60.141685
37480.0,-60.136093
37482.0,-60.130505
37484.0,-60.124912
37486.0,-60.11932
37488.0,-60.113731
37490.0,-60.108139
37492.0,-60.102551
37494.0,-60.096962
37496.0,-60.091373
37498.0,-60.085785
37500.0,-60.0802
37502.0,-60.074612
37504.0,-60.069027
37506.0,-60.063442
37508.0,-60.057858
37510.0,-60.052273
37512.0,-60.046692
37514.0,-60.041111
37516.0,-60.03553
37518.0,-60.029949
37520.0,-60.024372
37522.0,-60.018795
37524.0,-60.013218
37526.0,-60.007645
37528.0,-60.002071
37530.0,-59.996498
37532.0,-59.990929
37534.0,-59.985359
37536.0,-59.979794
37538.0,-59.974228
37540.0,-59.968662
37542.0,-59.9631
37544.0,-59.957542
37546.0,-59.951981
37548.0,-59.946426
37550.0,-59.940868
37552.0,-59.935318
37554.0,-59.929768
37556.0,-59.924217
37558.0,-59.918671
37560.0,-59.913128
37562.0,-59.907585
37564.0,-59.902042
37566.0,-59.896507
37568.0,-59.890972
37570.0,-59.885437
37572.0,-59.879906
37574.0,-59.874378
37576.0,-59.868855
37578.0,-59.863331
37580.0,-59.857811
37582.0,-59.852295
37584.0,-59.846779
37586.0,-59.84127
37588.0,-59.835762
37590.0,-59.830254
37592.0,-59.824753
37594.0,-59.819252
37596.0,-59.813759
37598.0,-59.808266
37600.0,-59.802776
37602.0,-59.797287
37604.0,-59.791805
37606.0,-59.786327
37608.0,-59.780849
37610.0,-59.775375
37612.0,-59.769909
37614.0,-59.764442
37616.0,-59.75898
37618.0,-59.753525
37620.0,-59.74807
37622.0,-59.742619
37624.0,-59.737175
37626.0,-59.731731
37628.0,-59.726292
37630.0,-59.72086
37632.0,-59.715427
37634.0,-59.710003
37636.0,-59.704582
37638.0,-59.699165
37640.0,-59.693752
37642.0,-59.688343
37644.0,-59.682941
37646.0,-59.67754
37648.0,-59.672146
37650.0,-59.666756
37652.0,-59.661369
37654.0,-59.655991
37656.0,-59.650616
37658.0,-59.645245
37660.0,-59.639877
37662.0,-59.634518
37664.0,-59.629162
37666.0,-59.623814
37668.0,-59.618469
37670.0,-59.613129
37672.0,-59.607792
37674.0,-59.602463
37676.0,-59.597141
37678.0,-59.591824
37680.0,-59.58651
37682.0,-59.581203
37684.0,-59.575901
37686.0,-59.570606
37688.0,-59.565315
37690.0,-59.560032
37692.0,-59.554752
37694.0,-59.54948
37696.0,-59.544216
37698.0,-59.538956
37700.0,-59.533703
37702.0,-59.528454
37704.0,-59.523212
37706.0,-59.517979
37708.0,-59.512749
37710.0,-59.507526
37712.0,-59.502312
37714.0,-59.497101
37716.0,-59.491901
37718.0,-59.486706
37720.0,-59.481514
37722.0,-59.476334
37724.0,-59.471157
37726.0,-59.465992
37728.0,-59.460831
37730.0,-59.455677
37732.0,-59.450527
37734.0,-59.445389
37736.0,-59.440258
37738.0,-59.435131
37740.0,-59.430016
37742.0,-59.424904
37744.0,-59.4198
37746.0,-59.414707
37748.0,-59.409618
37750.0,-59.404537
37752.0,-59.399467
37754.0,-59.394402
37756.0,-59.389347
37758.0,-59.3843
37760.0,-59.379257
37762.0,-59.374226
37764.0,-59.369202
37766.0,-59.364185
37768.0,-59.35918
37770.0,-59.354179
37772.0,-59.34919
37774.0,-59.344208
37776.0,-59.339233
37778.0,-59.33427
37780.0,-59.329311
37782.0,-59.324364
37784.0,-59.319427
37786.0,-59.314495
37788.0,-59.309574
37790.0,-59.304665
37792.0,-59.299759
37794.0,-59.294868
37796.0,-59.289982
37798.0,-59.285107
37800.0,-59.280243
37802.0,-59.275383
37804.0,-59.270538
37806.0,-59.265701
37808.0,-59.260872
37810.0,-59.256054
37812.0,-59.251244
37814.0,-59.246445
37816.0,-59.241657
37818.0,-59.236877
37820.0,-59.232109
37822.0,-59.227352
37824.0,-59.222603
37826.0,-59.217865
37828.0,-59.213135
37830.0,-59.208416
37832.0,-59.203709
37834.0,-59.198948
37836.0,-59.194191
37838.0,-59.189445
37840.0,-59.184708
37842.0,-59.179977
37844.0,-59.175262
37846.0,-59.170551
37848.0,-59.165855
37850.0,-59.161167
37852.0,-59.15649
37854.0,-59.151821
37856.0,-59.147163
37858.0,-59.142517
37860.0,-59.137878
37862.0,-59.133255
37864.0,-59.128639
37866.0,-59.124035
37868.0,-59.119438
37870.0,-59.114857
37872.0,-59.110283
37874.0,-59.105721
37876.0,-59.10117
37878.0,-59.09663
37880.0,-59.092098
37882.0,-59.087582
37884.0,-59.083073
37886.0,-59.078579
37888.0,-59.074093
37890.0,-59.069622
37892.0,-59.065159
37894.0,-59.060707
37896.0,-59.056271
37898.0,-59.051842
37900.0,-59.047428
37902.0,-59.043026
37904.0,-59.038631
37906.0,-59.034252
37908.0,-59.029884
37910.0,-59.025528
37912.0,-59.021187
37914.0,-59.016853
37916.0,-59.012535
37918.0,-59.008228
37920.0,-59.003933
37922.0,-58.999649
37924.0,-58.99538
37926.0,-58.991123
37928.0,-58.986877
37930.0,-58.982647
37932.0,-58.978428
37934.0,-58.97422
37936.0,-58.970028
37938.0,-58.965847
37940.0,-58.961678
37942.0,-58.957523
37944.0,-58.953384
37946.0,-58.949253
37948.0,-58.945141
37950.0,-58.94104
37952.0,-58.936951
37954.0,-58.932877
37956.0,-58.928814
37958.0,-58.924767
37960.0,-58.920734
37962.0,-58.916714
37964.0,-58.912708
37966.0,-58.908714
37968.0,-58.904739
37970.0,-58.900776
37972.0,-58.896824
37974.0,-58.892887
37976.0,-58.888966
37978.0,-58.885059
37980.0,-58.881168
37982.0,-58.877289
37984.0,-58.873425
37986.0,-58.869576
37988.0,-58.865742
37990.0,-58.861923
37992.0,-58.858116
37994.0,-58.854328
37996.0,-58.850552
37998.0,-58.846794
38000.0,-58.843048
38002.0,-58.839317
38004.0,-58.835606
38006.0,-58.831905
38008.0,-58.82822
38010.0,-58.824554
38012.0,-58.8209
38014.0,-58.817265
38016.0,-58.813641
38018.0,-58.810036
38020.0,-58.806446
38022.0,-58.802872
38024.0,-58.799313
38026.0,-58.795773
38028.0,-58.792248
38030.0,-58.788734
38032.0,-58.785244
38034.0,-58.781765
38036.0,-58.778305
38038.0,-58.77486
38040.0,-58.771431
38042.0,-58.768021
38044.0,-58.764626
38046.0,-58.76125
38048.0,-58.757889
38050.0,-58.754543
38052.0,-58.751217
38054.0,-58.747906
38056.0,-58.744614
38058.0,-58.741341
38060.0,-58.738079
38062.0,-58.73484
38064.0,-58.731617
38066.0,-58.728409
38068.0,-58.72522
38070.0,-58.72205
38072.0,-58.718899
38074.0,-58.715763
38076.0,-58.712643
38078.0,-58.709545
38080.0,-58.706463
38082.0,-58.7034
38084.0,-58.700356
38086.0,-58.697327
38088.0,-58.694317
38090.0,-58.691326
38092.0,-58.688354
38094.0,-58.685402
38096.0,-58.682468
38098.0,-58.67955
38100.0,-58.676655
38102.0,-58.673775
38104.0,-58.670914
38106.0,-58.668076
38108.0,-58.665253
38110.0,-58.662449
38112.0,-58.659668
38114.0,-58.656902
38116.0,-58.65416
38118.0,-58.651432
38120.0,-58.648727
38122.0,-58.646042
38124.0,-58.643375
38126.0,-58.640728
38128.0,-58.638103
38130.0,-58.635494
38132.0,-58.632908
38134.0,-58.630341
38136.0,-58.627796
38138.0,-58.625267
38140.0,-58.622761
38142.0,-58.620277
38144.0,-58.617809
38146.0,-58.615364
38148.0,-58.612942
38150.0,-58.610538
38152.0,-58.608154
38154.0,-58.605793
38156.0,-58.603451
38158.0,-58.601131
38160.0,-58.598831
38162.0,-58.596554
38164.0,-58.594299
38166.0,-58.592064
38168.0,-58.589848
38170.0,-58.587658
38172.0,-58.585484
38174.0,-58.583336
38176.0,-58.581207
38178.0,-58.579102
38180.0,-58.577019
38182.0,-58.574955
38184.0,-58.572918
38186.0,-58.5709
38188.0,-58.568901
38190.0,-58.566929
38192.0,-58.56498
38194.0,-58.563049
38196.0,-58.561142
38198.0,-58.559258
38200.0,-58.5574
38202.0,-58.555561
38204.0,-58.553745
38206.0,-58.551952
38208.0,-58.550182
38210.0,-58.548435
38212.0,-58.546711
38214.0,-58.545013
38216.0,-58.543335
38218.0,-58.541683
38220.0,-58.540051
38222.0,-58.538445
38224.0,-58.536861
38226.0,-58.535305
38228.0,-58.533768
38230.0,-58.532257
38232.0,-58.530769
38234.0,-58.529305
38236.0,-58.527866
38238.0,-58.526451
38240.0,-58.525059
38242.0,-58.523693
38244.0,-58.52235
38246.0,-58.521034
38248.0,-58.519741
38250.0,-58.518475
38252.0,-58.517231
38254.0,-58.51601
38256.0,-58.514816
38258.0,-58.513649
38260.0,-58.512505
38262.0,-58.511387
38264.0,-58.510296
38266.0,-58.509228
38268.0,-58.508186
38270.0,-58.507168
38272.0,-58.506176
38274.0,-58.505211
38276.0,-58.504272
38278.0,-58.503357
38280.0,-58.502472
38282.0,-58.50161
38284.0,-58.500774
38286.0,-58.499966
38288.0,-58.49918
38290.0,-58.498425
38292.0,-58.497692
38294.0,-58.49699
38296.0,-58.496311
38298.0,-58.495663
38300.0,-58.495037
38302.0,-58.494442
38304.0,-58.493874
38306.0,-58.493328
38308.0,-58.492813
38310.0,-58.492325
38312.0,-58.491863
38314.0,-58.491432
38316.0,-58.491024
38318.0,-58.490646
38320.0,-58.490295
38322.0,-58.489971
38324.0,-58.489677
38326.0,-58.48941
38328.0,-58.48917
38330.0,-58.48896
38332.0,-58.488777
38334.0,-58.488621
38336.0,-58.488495
38338.0,-58.488396
38340.0,-58.488327
38342.0,-58.488285
38344.0,-58.488274
38346.0,-58.488289
38348.0,-58.488335
38350.0,-58.488407
38352.0,-58.488514
38354.0,-58.488644
38356.0,-58.488808
38358.0,-58.488998
38360.0,-58.489216
38362.0,-58.489468
38364.0,-58.489746
38366.0,-58.490055
38368.0,-58.490395
38370.0,-58.490765
38372.0,-58.491161
38374.0,-58.491592
38376.0,-58.49205
38378.0,-58.492538
38380.0,-58.493057
38382.0,-58.493607
38384.0,-58.494186
38386.0,-58.494797
38388.0,-58.495438
38390.0,-58.496113
38392.0,-58.496792
38394.0,-58.497463
38396.0,-58.498165
38398.0,-58.498898
38400.0,-58.49966
38402.0,-58.500454
38404.0,-58.501278
38406.0,-58.502132
38408.0,-58.503017
38410.0,-58.503933
38412.0,-58.504879
38414.0,-58.505856
38416.0,-58.506866
38418.0,-58.507904
38420.0,-58.508976
38422.0,-58.510078
38424.0,-58.511211
38426.0,-58.512379
38428.0,-58.513573
38430.0,-58.514801
38432.0,-58.516064
38434.0,-58.517353
38436.0,-58.518677
38438.0,-58.520035
38440.0,-58.521423
38442.0,-58.522842
38444.0,-58.524296
38446.0,-58.52578
38448.0,-58.527298
38450.0,-58.528847
38452.0,-58.53043
38454.0,-58.532043
38456.0,-58.533691
38458.0,-58.535374
38460.0,-58.537086
38462.0,-58.538834
38464.0,-58.540611
38466.0,-58.542427
38468.0,-58.544273
38470.0,-58.54615
38472.0,-58.548065
38474.0,-58.550011
38476.0,-58.551994
38478.0,-58.554008
38480.0,-58.556053
38482.0,-58.558136
38484.0,-58.560253
38486.0,-58.562405
38488.0,-58.564587
38490.0,-58.566807
38492.0,-58.569057
38494.0,-58.571346
38496.0,-58.573669
38498.0,-58.576023
38500.0,-58.578415
38502.0,-58.580841
38504.0,-58.583305
38506.0,-58.5858
38508.0,-58.588329
38510.0,-58.590897
38512.0,-58.593498
38514.0,-58.596134
38516.0,-58.598808
38518.0,-58.601517
38520.0,-58.604259
38522.0,-58.60704
38524.0,-58.609856
38526.0,-58.612705
38528.0,-58.615593
38530.0,-58.618515
38532.0,-58.621475
38534.0,-58.62447
38536.0,-58.627502
38538.0,-58.630569
38540.0,-58.633675
38542.0,-58.636818
38544.0,-58.639996
38546.0,-58.643211
38548.0,-58.646461
38550.0,-58.649754
38552.0,-58.653076
38554.0,-58.656441
38556.0,-58.659843
38558.0,-58.66328
38560.0,-58.666756
38562.0,-58.670269
38564.0,-58.673817
38566.0,-58.677406
38568.0,-58.681034
38570.0,-58.684696
38572.0,-58.6884
38574.0,-58.692139
38576.0,-58.695919
38578.0,-58.699734
38580.0,-58.70359
38582.0,-58.707481
38584.0,-58.711414
38586.0,-58.715385
38588.0,-58.719395
38590.0,-58.723442
38592.0,-58.727531
38594.0,-58.731655
38596.0,-58.735821
38598.0,-58.740028
38600.0,-58.74427
38602.0,-58.748554
38604.0,-58.752876
38606.0,-58.75724
38608.0,-58.761642
38610.0,-58.766083
38612.0,-58.770565
38614.0,-58.775085
38616.0,-58.779648
38618.0,-58.784252
38620.0,-58.788895
38622.0,-58.793575
38624.0,-58.798298
38626.0,-58.803062
38628.0,-58.807865
38630.0,-58.812714
38632.0,-58.817596
38634.0,-58.822525
38636.0,-58.827492
38638.0,-58.8325
38640.0,-58.837551
38642.0,-58.842644
38644.0,-58.847775
38646.0,-58.852951
38648.0,-58.858166
38650.0,-58.863422
38652.0,-58.868721
38654.0,-58.874065
38656.0,-58.879448
38658.0,-58.884872
38660.0,-58.890339
38662.0,-58.895851
38664.0,-58.901402
38666.0,-58.906998
38668.0,-58.912632
38670.0,-58.918312
38672.0,-58.924034
38674.0,-58.929802
38676.0,-58.935608
38678.0,-58.94146
38680.0,-58.947357
38682.0,-58.953293
38684.0,-58.959274
38686.0,-58.965298
38688.0,-58.971367
38690.0,-58.977478
38692.0,-58.983635
38694.0,-58.989834
38696.0,-58.996075
38698.0,-59.002361
38700.0,-59.008694
38702.0,-59.015068
38704.0,-59.021488
38706.0,-59.027954
38708.0,-59.034462
38710.0,-59.041016
38712.0,-59.047615
38714.0,-59.054256
38716.0,-59.060944
38718.0,-59.067677
38720.0,-59.074455
38722.0,-59.081276
38724.0,-59.088146
38726.0,-59.095058
38728.0,-59.102016
38730.0,-59.109024
38732.0,-59.116074
38734.0,-59.123169
38736.0,-59.13031
38738.0,-59.137501
38740.0,-59.144733
38742.0,-59.152016
38744.0,-59.15934
38746.0,-59.166714
38748.0,-59.174133
38750.0,-59.181599
38752.0,-59.189114
38754.0,-59.196671
38756.0,-59.204281
38758.0,-59.211933
38760.0,-59.219635
38762.0,-59.227383
38764.0,-59.235176
38766.0,-59.243019
38768.0,-59.250908
38770.0,-59.258846
38772.0,-59.26683
38774.0,-59.274864
38776.0,-59.282948
38778.0,-59.291077
38780.0,-59.299252
38782.0,-59.307476
38784.0,-59.31575
38786.0,-59.324074
38788.0,-59.332443
38790.0,-59.340862
38792.0,-59.349331
38794.0,-59.357849
38796.0,-59.366413
38798.0,-59.375027
38800.0,-59.38369
38802.0,-59.392403
38804.0,-59.401165
38806.0,-59.409977
38808.0,-59.418839
38810.0,-59.42775
38812.0,-59.43671
38814.0,-59.445721
38816.0,-59.454781
38818.0,-59.463894
38820.0,-59.473053
38822.0,-59.482265
38824.0,-59.491528
38826.0,-59.500839
38828.0,-59.510201
38830.0,-59.519611
38832.0,-59.529076
38834.0,-59.538589
38836.0,-59.548157
38838.0,-59.557774
38840.0,-59.56744
38842.0,-59.57716
38844.0,-59.586933
38846.0,-59.596752
38848.0,-59.606628
38850.0,-59.616554
38852.0,-59.62653
38854.0,-59.636559
38856.0,-59.646641
38858.0,-59.656773
38860.0,-59.666958
38862.0,-59.677197
38864.0,-59.687489
38866.0,-59.69783
38868.0,-59.708225
38870.0,-59.718674
38872.0,-59.729176
38874.0,-59.739727
38876.0,-59.750336
38878.0,-59.760998
38880.0,-59.771709
38882.0,-59.782478
38884.0,-59.793297
38886.0,-59.804173
38888.0,-59.815098
38890.0,-59.82608
38892.0,-59.837116
38894.0,-59.848206
38896.0,-59.859348
38898.0,-59.870548
38900.0,-59.881802
38902.0,-59.893108
38904.0,-59.904469
38906.0,-59.915886
38908.0,-59.927357
38910.0,-59.938881
38912.0,-59.950462
38914.0,-59.962097
38916.0,-59.973789
38918.0,-59.985535
38920.0,-59.997337
38922.0,-60.009193
38924.0,-60.021107
38926.0,-60.033073
38928.0,-60.045101
38930.0,-60.057178
38932.0,-60.069317
38934.0,-60.081509
38936.0,-60.093758
38938.0,-60.106064
38940.0,-60.118423
38942.0,-60.130844
38944.0,-60.143318
38946.0,-60.155849
38948.0,-60.168438
38950.0,-60.181084
38952.0,-60.192139
38954.0,-60.20293
38956.0,-60.213734
38958.0,-60.224548
38960.0,-60.235378
38962.0,-60.246216
38964.0,-60.257069
38966.0,-60.267929
38968.0,-60.278801
38970.0,-60.28968
38972.0,-60.300571
38974.0,-60.311474
38976.0,-60.322384
38978.0,-60.333302
38980.0,-60.344227
38982.0,-60.35516
38984.0,-60.366104
38986.0,-60.377052
38988.0,-60.388004
38990.0,-60.398968
38992.0,-60.409935
38994.0,-60.42091
38996.0,-60.431885
38998.0,-60.442871
39000.0,-60.453857
39002.0,-60.464848
39004.0,-60.475845
39006.0,-60.486843
39008.0,-60.497845
39010.0,-60.508846
39012.0,-60.519852
39014.0,-60.530861
39016.0,-60.54187
39018.0,-60.552879
39020.0,-60.563889
39022.0,-60.574902
39024.0,-60.585911
39026.0,-60.59692
39028.0,-60.607929
39030.0,-60.618935
39032.0,-60.62994
39034.0,-60.640942
39036.0,-60.651939
39038.0,-60.662937
39040.0,-60.673931
39042.0,-60.684917
39044.0,-60.695904
39046.0,-60.706882
39048.0,-60.717857
39050.0,-60.728825
39052.0,-60.739788
39054.0,-60.75074
39056.0,-60.761692
39058.0,-60.772633
39060.0,-60.783566
39062.0,-60.794491
39064.0,-60.805405
39066.0,-60.816311
39068.0,-60.827209
39070.0,-60.838097
39072.0,-60.848972
39074.0,-60.85984
39076.0,-60.870693
39078.0,-60.881535
39080.0,-60.892365
39082.0,-60.903183
39084.0,-60.913986
39086.0,-60.924774
39088.0,-60.935551
39090.0,-60.946312
39092.0,-60.957058
39094.0,-60.967789
39096.0,-60.978504
39098.0,-60.989204
39100.0,-60.999886
39102.0,-61.010548
39104.0,-61.021194
39106.0,-61.031822
39108.0,-61.042431
39110.0,-61.053017
39112.0,-61.063587
39114.0,-61.074135
39116.0,-61.084663
39118.0,-61.095173
39120.0,-61.105656
39122.0,-61.116119
39124.0,-61.12656
39126.0,-61.136978
39128.0,-61.147369
39130.0,-61.157738
39132.0,-61.168083
39134.0,-61.178402
39136.0,-61.188694
39138.0,-61.198963
39140.0,-61.209202
39142.0,-61.219414
39144.0,-61.229599
39146.0,-61.239758
39148.0,-61.249886
39150.0,-61.259983
39152.0,-61.270054
39154.0,-61.280094
39156.0,-61.2901
39158.0,-61.300076
39160.0,-61.31002
39162.0,-61.319935
39164.0,-61.329815
39166.0,-61.339661
39168.0,-61.349472
39170.0,-61.359249
39172.0,-61.368992
39174.0,-61.3787
39176.0,-61.388371
39178.0,-61.398003
39180.0,-61.4076
39182.0,-61.41716
39184.0,-61.426682
39186.0,-61.436161
39188.0,-61.445606
39190.0,-61.455006
39192.0,-61.464371
39194.0,-61.47369
39196.0,-61.482971
39198.0,-61.492207
39200.0,-61.501404
39202.0,-61.510555
39204.0,-61.519661
39206.0,-61.528725
39208.0,-61.537743
39210.0,-61.546719
39212.0,-61.555645
39214.0,-61.564526
39216.0,-61.573357
39218.0,-61.582142
39220.0,-61.590881
39222.0,-61.599567
39224.0,-61.608208
39226.0,-61.616795
39228.0,-61.625332
39230.0,-61.63382
39232.0,-61.642254
39234.0,-61.650639
39236.0,-61.658966
39238.0,-61.667244
39240.0,-61.675465
39242.0,-61.683632
39244.0,-61.691742
39246.0,-61.699799
39248.0,-61.707798
39250.0,-61.71574
39252.0,-61.723625
39254.0,-61.731449
39256.0,-61.739216
39258.0,-61.746925
39260.0,-61.75457
39262.0,-61.762157
39264.0,-61.769684
39266.0,-61.777145
39268.0,-61.784546
39270.0,-61.791882
39272.0,-61.799858
39274.0,-61.80788
39276.0,-61.815857
39278.0,-61.823784
39280.0,-61.831665
39282.0,-61.8395
39284.0,-61.847286
39286.0,-61.855022
39288.0,-61.862709
39290.0,-61.870346
39292.0,-61.877934
39294.0,-61.885468
39296.0,-61.892952
39298.0,-61.900387
39300.0,-61.907768
39302.0,-61.915096
39304.0,-61.922371
39306.0,-61.929592
39308.0,-61.936764
39310.0,-61.943878
39312.0,-61.950935
39314.0,-61.957939
39316.0,-61.96489
39318.0,-61.971783
39320.0,-61.978619
39322.0,-61.985397
39324.0,-61.992119
39326.0,-61.998779
39328.0,-62.005386
39330.0,-62.011932
39332.0,-62.018417
39334.0,-62.024845
39336.0,-62.031212
39338.0,-62.037518
39340.0,-62.043762
39342.0,-62.049946
39344.0,-62.056068
39346.0,-62.062126
39348.0,-62.068123
39350.0,-62.074055
39352.0,-62.079922
39354.0,-62.085724
39356.0,-62.091461
39358.0,-62.097137
39360.0,-62.102741
39362.0,-62.108284
39364.0,-62.113758
39366.0,-62.119164
39368.0,-62.1245
39370.0,-62.129772
39372.0,-62.134972
39374.0,-62.140106
39376.0,-62.145168
39378.0,-62.150158
39380.0,-62.155083
39382.0,-62.159931
39384.0,-62.164711
39386.0,-62.169415
39388.0,-62.174049
39390.0,-62.178608
39392.0,-62.183098
39394.0,-62.187508
39396.0,-62.191849
39398.0,-62.19611
39400.0,-62.200298
39402.0,-62.204407
39404.0,-62.208443
39406.0,-62.212399
39408.0,-62.216278
39410.0,-62.220081
39412.0,-62.223804
39414.0,-62.227448
39416.0,-62.23101
39418.0,-62.234493
39420.0,-62.237896
39422.0,-62.241219
39424.0,-62.244461
39426.0,-62.24762
39428.0,-62.250694
39430.0,-62.253685
39432.0,-62.256596
39434.0,-62.259418
39436.0,-62.262157
39438.0,-62.264812
39440.0,-62.267384
39442.0,-62.269863
39444.0,-62.272259
39446.0,-62.27457
39448.0,-62.276791
39450.0,-62.278923
39452.0,-62.280964
39454.0,-62.282917
39456.0,-62.284782
39458.0,-62.286556
39460.0,-62.288239
39462.0,-62.289829
39464.0,-62.291328
39466.0,-62.292736
39468.0,-62.294052
39470.0,-62.295273
39472.0,-62.296398
39474.0,-62.297428
39476.0,-62.298367
39478.0,-62.299206
39480.0,-62.29995
39482.0,-62.300598
39484.0,-62.301147
39486.0,-62.301601
39488.0,-62.301956
39490.0,-62.302212
39492.0,-62.302364
39494.0,-62.302422
39496.0,-62.302376
39498.0,-62.302231
39500.0,-62.301983
39502.0,-62.301636
39504.0,-62.301182
39506.0,-62.300625
39508.0,-62.299969
39510.0,-62.299202
39512.0,-62.298336
39514.0,-62.297359
39516.0,-62.29628
39518.0,-62.295094
39520.0,-62.2938
39522.0,-62.2924
39524.0,-62.29089
39526.0,-62.289272
39528.0,-62.287544
39530.0,-62.285709
39532.0,-62.28376
39534.0,-62.2817
39536.0,-62.279533
39538.0,-62.277248
39540.0,-62.274857
39542.0,-62.272346
39544.0,-62.269726
39546.0,-62.266987
39548.0,-62.264137
39550.0,-62.261169
39552.0,-62.258087
39554.0,-62.25489
39556.0,-62.251572
39558.0,-62.248138
39560.0,-62.244587
39562.0,-62.240913
39564.0,-62.237122
39566.0,-62.233212
39568.0,-62.229179
39570.0,-62.225029
39572.0,-62.220753
39574.0,-62.216358
39576.0,-62.211838
39578.0,-62.207195
39580.0,-62.202427
39582.0,-62.197533
39584.0,-62.192516
39586.0,-62.187374
39588.0,-62.182106
39590.0,-62.176708
39592.0,-62.172012
39594.0,-62.167431
39596.0,-62.162891
39598.0,-62.158394
39600.0,-62.153938
39602.0,-62.149536
39604.0,-62.145187
39606.0,-62.140892
39608.0,-62.136658
39610.0,-62.132488
39612.0,-62.128391
39614.0,-62.124363
39616.0,-62.120411
39618.0,-62.116539
39620.0,-62.112751
39622.0,-62.109051
39624.0,-62.105442
39626.0,-62.101933
39628.0,-62.098518
39630.0,-62.095215
39632.0,-62.092014
39634.0,-62.088928
39636.0,-62.08596
39638.0,-62.083115
39640.0,-62.080395
39642.0,-62.077801
39644.0,-62.075344
39646.0,-62.073029
39648.0,-62.070854
39650.0,-62.068825
39652.0,-62.066952
39654.0,-62.065235
39656.0,-62.063679
39658.0,-62.062286
39660.0,-62.061066
39662.0,-62.06002
39664.0,-62.059158
39666.0,-62.058475
39668.0,-62.057987
39670.0,-62.05769
39672.0,-62.056244
39674.0,-62.054733
39676.0,-62.05328
39678.0,-62.051888
39680.0,-62.050556
39682.0,-62.049282
39684.0,-62.048069
39686.0,-62.046909
39688.0,-62.045807
39690.0,-62.044762
39692.0,-62.043766
39694.0,-62.042824
39696.0,-62.041931
39698.0,-62.041088
39700.0,-62.040295
39702.0,-62.039547
39704.0,-62.038845
39706.0,-62.038189
39708.0,-62.037571
39710.0,-62.036995
39712.0,-62.036457
39714.0,-62.035961
39716.0,-62.035496
39718.0,-62.035065
39720.0,-62.034668
39722.0,-62.034298
39724.0,-62.033958
39726.0,-62.033646
39728.0,-62.033356
39730.0,-62.033089
39732.0,-62.032841
39734.0,-62.032612
39736.0,-62.032398
39738.0,-62.032196
39740.0,-62.032009
39742.0,-62.03183
39744.0,-62.031658
39746.0,-62.03149
39748.0,-62.031322
39750.0,-62.031158
39752.0,-62.031281
39754.0,-62.03146
39756.0,-62.031658
39758.0,-62.031876
39760.0,-62.032116
39762.0,-62.032372
39764.0,-62.032646
39766.0,-62.032936
39768.0,-62.033237
39770.0,-62.033554
39772.0,-62.033878
39774.0,-62.03421
39776.0,-62.034554
39778.0,-62.034901
39780.0,-62.035248
39782.0,-62.035603
39784.0,-62.035954
39786.0,-62.036304
39788.0,-62.036652
39790.0,-62.036995
39792.0,-62.037331
39794.0,-62.037655
39796.0,-62.037971
39798.0,-62.038277
39800.0,-62.038563
39802.0,-62.038837
39804.0,-62.039089
39806.0,-62.039322
39808.0,-62.039532
39810.0,-62.039719
39812.0,-62.039879
39814.0,-62.040009
39816.0,-62.040108
39818.0,-62.040173
39820.0,-62.040203
39822.0,-62.040195
39824.0,-62.04015
39826.0,-62.040062
39828.0,-62.039928
39830.0,-62.039749
39832.0,-62.039986
39834.0,-62.040257
39836.0,-62.040524
39838.0,-62.040783
39840.0,-62.041039
39842.0,-62.041286
39844.0,-62.041523
39846.0,-62.041756
39848.0,-62.041977
39850.0,-62.042191
39852.0,-62.042397
39854.0,-62.042591
39856.0,-62.042774
39858.0,-62.042946
39860.0,-62.04311
39862.0,-62.043259
39864.0,-62.0434
39866.0,-62.043526
39868.0,-62.043636
39870.0,-62.043739
39872.0,-62.043823
39874.0,-62.043896
39876.0,-62.043953
39878.0,-62.043999
39880.0,-62.044025
39882.0,-62.044037
39884.0,-62.044033
39886.0,-62.044014
39888.0,-62.043976
39890.0,-62.043922
39892.0,-62.043854
39894.0,-62.043762
39896.0,-62.043659
39898.0,-62.043533
39900.0,-62.043388
39902.0,-62.043228
39904.0,-62.043045
39906.0,-62.042843
39908.0,-62.042625
39910.0,-62.042381
39912.0,-62.042229
39914.0,-62.042072
39916.0,-62.041908
39918.0,-62.041733
39920.0,-62.041546
39922.0,-62.041351
39924.0,-62.041149
39926.0,-62.040939
39928.0,-62.040718
39930.0,-62.040489
39932.0,-62.040253
39934.0,-62.040005
39936.0,-62.039753
39938.0,-62.039494
39940.0,-62.039227
39942.0,-62.038956
39944.0,-62.038673
39946.0,-62.038391
39948.0,-62.038097
39950.0,-62.037804
39952.0,-62.037502
39954.0,-62.037197
39956.0,-62.036888
39958.0,-62.036575
39960.0,-62.036263
39962.0,-62.035946
39964.0,-62.035625
39966.0,-62.035305
39968.0,-62.034981
39970.0,-62.03466
39972.0,-62.034336
39974.0,-62.034016
39976.0,-62.033695
39978.0,-62.033375
39980.0,-62.033058
39982.0,-62.032745
39984.0,-62.032433
39986.0,-62.032127
39988.0,-62.031826
39990.0,-62.031528
39992.0,-62.031029
39994.0,-62.030502
39996.0,-62.029968
39998.0,-62.029423
40000.0,-62.028866
40002.0,-62.028301
40004.0,-62.027729
40006.0,-62.027145
40008.0,-62.026558
40010.0,-62.025959
40012.0,-62.025352
40014.0,-62.024738
40016.0,-62.02412
40018.0,-62.023495
40020.0,-62.022861
40022.0,-62.022221
40024.0,-62.02158
40026.0,-62.020931
40028.0,-62.020279
40030.0,-62.019619
40032.0,-62.018959
40034.0,-62.018295
40036.0,-62.017632
40038.0,-62.016964
40040.0,-62.016293
40042.0,-62.015625
40044.0,-62.014954
40046.0,-62.014282
40048.0,-62.013611
40050.0,-62.012943
40052.0,-62.012276
40054.0,-62.011612
40056.0,-62.010952
40058.0,-62.010292
40060.0,-62.00964
40062.0,-62.008991
40064.0,-62.00835
40066.0,-62.007713
40068.0,-62.007084
40070.0,-62.006462
40072.0,-62.005848
40074.0,-62.005245
40076.0,-62.00465
40078.0,-62.004066
40080.0,-62.003494
40082.0,-62.002934
40084.0,-62.002388
40086.0,-62.001854
40088.0,-62.001335
40090.0,-62.000832
40092.0,-62.000343
40094.0,-61.999874
40096.0,-61.99942
40098.0,-61.998985
40100.0,-61.998573
40102.0,-61.99818
40104.0,-61.997807
40106.0,-61.997456
40108.0,-61.997131
40110.0,-61.99683
40112.0,-61.996552
40114.0,-61.9963
40116.0,-61.995834
40118.0,-61.995136
40120.0,-61.994434
40122.0,-61.993732
40124.0,-61.993031
40126.0,-61.992325
40128.0,-61.991627
40130.0,-61.990925
40132.0,-61.990227
40134.0,-61.989525
40136.0,-61.988831
40138.0,-61.988136
40140.0,-61.987442
40142.0,-61.986752
40144.0,-61.986065
40146.0,-61.985378
40148.0,-61.984699
40150.0,-61.98402
40152.0,-61.983349
40154.0,-61.982677
40156.0,-61.982014
40158.0,-61.981354
40160.0,-61.980701
40162.0,-61.980053
40164.0,-61.979412
40166.0,-61.978775
40168.0,-61.978146
40170.0,-61.977524
40172.0,-61.97691
40174.0,-61.976303
40176.0,-61.975704
40178.0,-61.975113
40180.0,-61.974533
40182.0,-61.973961
40184.0,-61.9734
40186.0,-61.972851
40188.0,-61.972309
40190.0,-61.971779
40192.0,-61.97126
40194.0,-61.970753
40196.0,-61.970261
40198.0,-61.969776
40200.0,-61.969307
40202.0,-61.968853
40204.0,-61.968414
40206.0,-61.967987
40208.0,-61.967575
40210.0,-61.967178
40212.0,-61.966797
40214.0,-61.966434
40216.0,-61.966087
40218.0,-61.965755
40220.0,-61.965446
40222.0,-61.965149
40224.0,-61.964874
40226.0,-61.964619
40228.0,-61.964382
40230.0,-61.964169
40232.0,-61.96397
40234.0,-61.963799
40236.0,-61.963646
40238.0,-61.963516
40240.0,-61.96339
40242.0,-61.962986
40244.0,-61.962593
40246.0,-61.9622
40248.0,-61.961819
40250.0,-61.961437
40252.0,-61.961063
40254.0,-61.960697
40256.0,-61.960335
40258.0,-61.95998
40260.0,-61.959629
40262.0,-61.959286
40264.0,-61.958946
40266.0,-61.958614
40268.0,-61.95829
40270.0,-61.95797
40272.0,-61.957657
40274.0,-61.957348
40276.0,-61.957047
40278.0,-61.956753
40280.0,-61.956467
40282.0,-61.956184
40284.0,-61.95591
40286.0,-61.955643
40288.0,-61.955379
40290.0,-61.955128
40292.0,-61.95488
40294.0,-61.954639
40296.0,-61.954403
40298.0,-61.954178
40300.0,-61.953957
40302.0,-61.953747
40304.0,-61.953541
40306.0,-61.953342
40308.0,-61.953152
40310.0,-61.952969
40312.0,-61.952793
40314.0,-61.952625
40316.0,-61.952465
40318.0,-61.952312
40320.0,-61.952168
40322.0,-61.952026
40324.0,-61.951897
40326.0,-61.951775
40328.0,-61.95166
40330.0,-61.951553
40332.0,-61.951458
40334.0,-61.951366
40336.0,-61.951283
40338.0,-61.95121
40340.0,-61.951145
40342.0,-61.951084
40344.0,-61.951035
40346.0,-61.950996
40348.0,-61.950962
40350.0,-61.950939
40352.0,-61.950924
40354.0,-61.950916
40356.0,-61.950916
40358.0,-61.950928
40360.0,-61.950947
40362.0,-61.950974
40364.0,-61.951008
40366.0,-61.951004
40368.0,-61.950977
40370.0,-61.950958
40372.0,-61.950939
40374.0,-61.950928
40376.0,-61.950916
40378.0,-61.950912
40380.0,-61.950909
40382.0,-61.950912
40384.0,-61.95092
40386.0,-61.950928
40388.0,-61.950943
40390.0,-61.950958
40392.0,-61.950981
40394.0,-61.951004
40396.0,-61.951031
40398.0,-61.951065
40400.0,-61.951096
40402.0,-61.951134
40404.0,-61.951172
40406.0,-61.951218
40408.0,-61.951263
40410.0,-61.951309
40412.0,-61.951359
40414.0,-61.951412
40416.0,-61.951469
40418.0,-61.951527
40420.0,-61.951588
40422.0,-61.951649
40424.0,-61.95171
40426.0,-61.951778
40428.0,-61.951843
40430.0,-61.951912
40432.0,-61.951984
40434.0,-61.952053
40436.0,-61.952126
40438.0,-61.952202
40440.0,-61.952274
40442.0,-61.952351
40444.0,-61.952427
40446.0,-61.952503
40448.0,-61.952583
40450.0,-61.95266
40452.0,-61.95274
40454.0,-61.952816
40456.0,-61.952896
40458.0,-61.952972
40460.0,-61.953049
40462.0,-61.953129
40464.0,-61.953205
40466.0,-61.953278
40468.0,-61.953354
40470.0,-61.95343
40472.0,-61.953503
40474.0,-61.953571
40476.0,-61.953644
40478.0,-61.953712
40480.0,-61.953777
40482.0,-61.953842
40484.0,-61.953907
40486.0,-61.953964
40488.0,-61.954025
40490.0,-61.954098
40492.0,-61.954243
40494.0,-61.954391
40496.0,-61.95454
40498.0,-61.954693
40500.0,-61.954845
40502.0,-61.954998
40504.0,-61.955154
40506.0,-61.955311
40508.0,-61.955467
40510.0,-61.955624
40512.0,-61.955784
40514.0,-61.955944
40516.0,-61.956104
40518.0,-61.956264
40520.0,-61.956429
40522.0,-61.956589
40524.0,-61.956753
40526.0,-61.956917
40528.0,-61.957081
40530.0,-61.957245
40532.0,-61.957409
40534.0,-61.957573
40536.0,-61.957737
40538.0,-61.957905
40540.0,-61.958069
40542.0,-61.958233
40544.0,-61.958397
40546.0,-61.958561
40548.0,-61.958725
40550.0,-61.958889
40552.0,-61.959053
40554.0,-61.959213
40556.0,-61.959377
40558.0,-61.959538
40560.0,-61.959698
40562.0,-61.959858
40564.0,-61.960014
40566.0,-61.960175
40568.0,-61.960331
40570.0,-61.960487
40572.0,-61.96064
40574.0,-61.960793
40576.0,-61.960945
40578.0,-61.961098
40580.0,-61.961246
40582.0,-61.961395
40584.0,-61.96154
40586.0,-61.961685
40588.0,-61.961826
40590.0,-61.961967
40592.0,-61.962109
40594.0,-61.962246
40596.0,-61.962379
40598.0,-61.962513
40600.0,-61.962643
40602.0,-61.962772
40604.0,-61.962898
40606.0,-61.963024
40608.0,-61.963146
40610.0,-61.963264
40612.0,-61.963383
40614.0,-61.963493
40616.0,-61.963608
40618.0,-61.963715
40620.0,-61.963821
40622.0,-61.963924
40624.0,-61.964024
40626.0,-61.964119
40628.0,-61.964214
40630.0,-61.964306
40632.0,-61.964394
40634.0,-61.964478
40636.0,-61.964558
40638.0,-61.964634
40640.0,-61.964706
40642.0,-61.964779
40644.0,-61.964844
40646.0,-61.964909
40648.0,-61.964966
40650.0,-61.965019
40652.0,-61.965073
40654.0,-61.965118
40656.0,-61.96516
40658.0,-61.965199
40660.0,-61.965237
40662.0,-61.965263
40664.0,-61.96529
40666.0,-61.965313
40668.0,-61.965328
40670.0,-61.965343
40672.0,-61.965351
40674.0,-61.965351
40676.0,-61.965351
40678.0,-61.965343
40680.0,-61.965332
40682.0,-61.965317
40684.0,-61.965294
40686.0,-61.965267
40688.0,-61.965237
40690.0,-61.965199
40692.0,-61.965157
40694.0,-61.965107
40696.0,-61.965054
40698.0,-61.964996
40700.0,-61.964931
40702.0,-61.964859
40704.0,-61.964951
40706.0,-61.965145
40708.0,-61.96534
40710.0,-61.965534
40712.0,-61.965729
40714.0,-61.965923
40716.0,-61.966122
40718.0,-61.966316
40720.0,-61.966511
40722.0,-61.966705
40724.0,-61.9669
40726.0,-61.967094
40728.0,-61.967289
40730.0,-61.967484
40732.0,-61.967678
40734.0,-61.967869
40736.0,-61.968063
40738.0,-61.968254
40740.0,-61.968449
40742.0,-61.968639
40744.0,-61.96883
40746.0,-61.969021
40748.0,-61.969212
40750.0,-61.969398
40752.0,-61.969589
40754.0,-61.969776
40756.0,-61.969963
40758.0,-61.970146
40760.0,-61.970333
40762.0,-61.970516
40764.0,-61.970699
40766.0,-61.970882
40768.0,-61.971062
40770.0,-61.971241
40772.0,-61.97142
40774.0,-61.971596
40776.0,-61.971775
40778.0,-61.971947
40780.0,-61.972122
40782.0,-61.972294
40784.0,-61.972466
40786.0,-61.972633
40788.0,-61.972801
40790.0,-61.972965
40792.0,-61.973133
40794.0,-61.973293
40796.0,-61.973457
40798.0,-61.973614
40800.0,-61.973774
40802.0,-61.97393
40804.0,-61.974083
40806.0,-61.974236
40808.0,-61.974384
40810.0,-61.974533
40812.0,-61.974682
40814.0,-61.974823
40816.0,-61.974968
40818.0,-61.975105
40820.0,-61.975243
40822.0,-61.97538
40824.0,-61.975513
40826.0,-61.975643
40828.0,-61.975773
40830.0,-61.975899
40832.0,-61.976025
40834.0,-61.976143
40836.0,-61.976265
40838.0,-61.976379
40840.0,-61.976494
40842.0,-61.976604
40844.0,-61.976715
40846.0,-61.976818
40848.0,-61.976921
40850.0,-61.97702
40852.0,-61.977119
40854.0,-61.977215
40856.0,-61.977306
40858.0,-61.977394
40860.0,-61.977478
40862.0,-61.977562
40864.0,-61.977642
40866.0,-61.977718
40868.0,-61.977791
40870.0,-61.977859
40872.0,-61.977924
40874.0,-61.977989
40876.0,-61.978046
40878.0,-61.978104
40880.0,-61.978157
40882.0,-61.978207
40884.0,-61.978252
40886.0,-61.978294
40888.0,-61.978333
40890.0,-61.978367
40892.0,-61.978401
40894.0,-61.978428
40896.0,-61.978451
40898.0,-61.97847
40900.0,-61.978489
40902.0,-61.9785
40904.0,-61.978508
40906.0,-61.978512
40908.0,-61.978512
40910.0,-61.978508
40912.0,-61.9785
40914.0,-61.978489
40916.0,-61.97847
40918.0,-61.978451
40920.0,-61.978428
40922.0,-61.978397
40924.0,-61.978363
40926.0,-61.978325
40928.0,-61.978283
40930.0,-61.978237
40932.0,-61.978184
40934.0,-61.978127
40936.0,-61.978065
40938.0,-61.978001
40940.0,-61.977932
40942.0,-61.977856
40944.0,-61.977776
40946.0,-61.977692
40948.0,-61.977604
40950.0,-61.977509
40952.0,-61.977409
40954.0,-61.977306
40956.0,-61.977196
40958.0,-61.977081
40960.0,-61.976963
40962.0,-61.976837
40964.0,-61.976707
40966.0,-61.976574
40968.0,-61.976433
40970.0,-61.976284
40972.0,-61.976135
40974.0,-61.975979
40976.0,-61.975815
40978.0,-61.975647
40980.0,-61.975475
40982.0,-61.975296
40984.0,-61.975113
40986.0,-61.974922
40988.0,-61.974724
40990.0,-61.974525
40992.0,-61.974316
40994.0,-61.974102
40996.0,-61.973885
40998.0,-61.97366
41000.0,-61.973427
41002.0,-61.97319
41004.0,-61.972946
41006.0,-61.972698
41008.0,-61.972443
41010.0,-61.972179
41012.0,-61.971912
41014.0,-61.971638
41016.0,-61.971359
41018.0,-61.971073
41020.0,-61.970779
41022.0,-61.970478
41024.0,-61.970173
41026.0,-61.96986
41028.0,-61.96954
41030.0,-61.969307
41032.0,-61.969273
41034.0,-61.969238
41036.0,-61.969204
41038.0,-61.96917
41040.0,-61.969135
41042.0,-61.969097
41044.0,-61.969055
41046.0,-61.969017
41048.0,-61.968975
41050.0,-61.968929
41052.0,-61.968887
41054.0,-61.968842
41056.0,-61.968792
41058.0,-61.968746
41060.0,-61.968697
41062.0,-61.968643
41064.0,-61.968594
41066.0,-61.96854
41068.0,-61.968483
41070.0,-61.968426
41072.0,-61.968369
41074.0,-61.968311
41076.0,-61.96825
41078.0,-61.968189
41080.0,-61.968124
41082.0,-61.96806
41084.0,-61.967995
41086.0,-61.967926
41088.0,-61.967857
41090.0,-61.967785
41092.0,-61.967712
41094.0,-61.96764
41096.0,-61.967564
41098.0,-61.967487
41100.0,-61.967411
41102.0,-61.967331
41104.0,-61.967251
41106.0,-61.967167
41108.0,-61.967083
41110.0,-61.966999
41112.0,-61.966911
41114.0,-61.966824
41116.0,-61.966732
41118.0,-61.96664
41120.0,-61.966545
41122.0,-61.96645
41124.0,-61.966354
41126.0,-61.966255
41128.0,-61.966156
41130.0,-61.966053
41132.0,-61.96595
41134.0,-61.965847
41136.0,-61.96574
41138.0,-61.96563
41140.0,-61.965519
41142.0,-61.965408
41144.0,-61.965294
41146.0,-61.965179
41148.0,-61.965065
41150.0,-61.964947
41152.0,-61.964825
41154.0,-61.964703
41156.0,-61.964581
41158.0,-61.964455
41160.0,-61.964325
41162.0,-61.964199
41164.0,-61.964066
41166.0,-61.963936
41168.0,-61.963799
41170.0,-61.963665
41172.0,-61.963524
41174.0,-61.963387
41176.0,-61.963242
41178.0,-61.9631
41180.0,-61.962955
41182.0,-61.962807
41184.0,-61.962658
41186.0,-61.962505
41188.0,-61.962353
41190.0,-61.9622
41192.0,-61.962044
41194.0,-61.961884
41196.0,-61.961723
41198.0,-61.961559
41200.0,-61.961395
41202.0,-61.961227
41204.0,-61.96106
41206.0,-61.960888
41208.0,-61.960716
41210.0,-61.960545
41212.0,-61.960365
41214.0,-61.96019
41216.0,-61.960007
41218.0,-61.959824
41220.0,-61.959641
41222.0,-61.959454
41224.0,-61.959267
41226.0,-61.959076
41228.0,-61.958881
41230.0,-61.958687
41232.0,-61.958488
41234.0,-61.95829
41236.0,-61.958088
41238.0,-61.957886
41240.0,-61.95768
41242.0,-61.957474
41244.0,-61.957264
41246.0,-61.95705
41248.0,-61.956837
41250.0,-61.956623
41252.0,-61.956402
41254.0,-61.956184
41256.0,-61.955959
41258.0,-61.955734
41260.0,-61.955509
41262.0,-61.95528
41264.0,-61.955048
41266.0,-61.954815
41268.0,-61.954578
41270.0,-61.954338
41272.0,-61.954098
41274.0,-61.953854
41276.0,-61.953609
41278.0,-61.953362
41280.0,-61.953114
41282.0,-61.952862
41284.0,-61.952606
41286.0,-61.952351
41288.0,-61.952091
41290.0,-61.951828
41292.0,-61.951565
41294.0,-61.951298
41296.0,-61.951031
41298.0,-61.95076
41300.0,-61.950485
41302.0,-61.950211
41304.0,-61.949932
41306.0,-61.94965
41308.0,-61.949368
41310.0,-61.949081
41312.0,-61.948795
41314.0,-61.948505
41316.0,-61.948212
41318.0,-61.947918
41320.0,-61.94762
41322.0,-61.947319
41324.0,-61.947018
41326.0,-61.946709
41328.0,-61.946404
41330.0,-61.946091
41332.0,-61.945778
41334.0,-61.945465
41336.0,-61.945145
41338.0,-61.944824
41340.0,-61.944504
41342.0,-61.944176
41344.0,-61.943848
41346.0,-61.94352
41348.0,-61.943184
41350.0,-61.942848
41352.0,-61.942509
41354.0,-61.942169
41356.0,-61.941826
41358.0,-61.941597
41360.0,-61.941364
41362.0,-61.941135
41364.0,-61.940907
41366.0,-61.940678
41368.0,-61.940445
41370.0,-61.940212
41372.0,-61.939983
41374.0,-61.939751
41376.0,-61.939518
41378.0,-61.939281
41380.0,-61.939049
41382.0,-61.938816
41384.0,-61.93858
41386.0,-61.938347
41388.0,-61.93811
41390.0,-61.937874
41392.0,-61.937637
41394.0,-61.937401
41396.0,-61.937164
41398.0,-61.936924
41400.0,-61.936687
41402.0,-61.936447
41404.0,-61.936211
41406.0,-61.93597
41408.0,-61.93573
41410.0,-61.93549
41412.0,-61.935249
41414.0,-61.935009
41416.0,-61.934769
41418.0,-61.934525
41420.0,-61.934284
41422.0,-61.934044
41424.0,-61.9338
41426.0,-61.933556
41428.0,-61.933311
41430.0,-61.933067
41432.0,-61.932823
41434.0,-61.932579
41436.0,-61.932335
41438.0,-61.932091
41440.0,-61.931847
41442.0,-61.931599
41444.0,-61.931355
41446.0,-61.931107
41448.0,-61.930859
41450.0,-61.930614
41452.0,-61.930367
41454.0,-61.930119
41456.0,-61.929871
41458.0,-61.929623
41460.0,-61.929375
41462.0,-61.929123
41464.0,-61.928875
41466.0,-61.928627
41468.0,-61.928375
41470.0,-61.928127
41472.0,-61.927876
41474.0,-61.927628
41476.0,-61.927376
41478.0,-61.927124
41480.0,-61.926872
41482.0,-61.92662
41484.0,-61.926373
41486.0,-61.926121
41488.0,-61.925865
41490.0,-61.925613
41492.0,-61.925362
41494.0,-61.92511
41496.0,-61.924858
41498.0,-61.924603
41500.0,-61.924351
41502.0,-61.924095
41504.0,-61.923843
41506.0,-61.923588
41508.0,-61.923336
41510.0,-61.92308
41512.0,-61.922825
41514.0,-61.922573
41516.0,-61.922318
41518.0,-61.922062
41520.0,-61.921806
41522.0,-61.921551
41524.0,-61.921295
41526.0,-61.92104
41528.0,-61.920784
41530.0,-61.920528
41532.0,-61.920273
41534.0,-61.920017
41536.0,-61.919762
41538.0,-61.919506
41540.0,-61.91925
41542.0,-61.918991
41544.0,-61.918736
41546.0,-61.91848
41548.0,-61.918224
41550.0,-61.917965
41552.0,-61.917709
41554.0,-61.91745
41556.0,-61.917194
41558.0,-61.916939
41560.0,-61.916679
41562.0,-61.916424
41564.0,-61.916164
41566.0,-61.915909
41568.0,-61.915649
41570.0,-61.915394
41572.0,-61.915134
41574.0,-61.914879
41576.0,-61.914619
41578.0,-61.914364
41580.0,-61.914104
41582.0,-61.913845
41584.0,-61.913589
41586.0,-61.91333
41588.0,-61.913074
41590.0,-61.912815
41592.0,-61.912556
41594.0,-61.9123
41596.0,-61.912041
41598.0,-61.911785
41600.0,-61.911526
41602.0,-61.91127
41604.0,-61.911011
41606.0,-61.910751
41608.0,-61.910496
41610.0,-61.910236
41612.0,-61.909981
41614.0,-61.909721
41616.0,-61.909466
41618.0,-61.909206
41620.0,-61.908951
41622.0,-61.908691
41624.0,-61.908436
41626.0,-61.908176
41628.0,-61.907921
41630.0,-61.907665
41632.0,-61.907406
41634.0,-61.90715
41636.0,-61.906895
41638.0,-61.906635
41640.0,-61.90638
41642.0,-61.906124
41644.0,-61.905869
41646.0,-61.905609
41648.0,-61.905354
41650.0,-61.905098
41652.0,-61.904842
41654.0,-61.904587
41656.0,-61.904331
41658.0,-61.904076
41660.0,-61.90382
41662.0,-61.903564
41664.0,-61.903309
41666.0,-61.903053
41668.0,-61.902802
41670.0,-61.902546
41672.0,-61.90229
41674.0,-61.902039
41676.0,-61.901783
41678.0,-61.901527
41680.0,-61.901276
41682.0,-61.90102
41684.0,-61.900791
41686.0,-61.90057
41688.0,-61.900352
41690.0,-61.900131
41692.0,-61.89991
41694.0,-61.899693
41696.0,-61.899471
41698.0,-61.899254
41700.0,-61.899036
41702.0,-61.898815
41704.0,-61.898598
41706.0,-61.89838
41708.0,-61.898163
41710.0,-61.897945
41712.0,-61.897728
41714.0,-61.897511
41716.0,-61.897293
41718.0,-61.897076
41720.0,-61.896858
41722.0,-61.896641
41724.0,-61.896423
41726.0,-61.896206
41728.0,-61.895992
41730.0,-61.895775
41732.0,-61.895561
41734.0,-61.895344
41736.0,-61.89513
41738.0,-61.894913
41740.0,-61.894699
41742.0,-61.894482
41744.0,-61.894268
41746.0,-61.894054
41748.0,-61.893841
41750.0,-61.893623
41752.0,-61.89341
41754.0,-61.893196
41756.0,-61.892982
41758.0,-61.892769
41760.0,-61.892555
41762.0,-61.892342
41764.0,-61.892132
41766.0,-61.891918
41768.0,-61.891705
41770.0,-61.891491
41772.0,-61.891281
41774.0,-61.891068
41776.0,-61.890858
41778.0,-61.890644
41780.0,-61.890434
41782.0,-61.890221
41784.0,-61.890011
41786.0,-61.889801
41788.0,-61.889587
41790.0,-61.889378
41792.0,-61.889168
41794.0,-61.888958
41796.0,-61.888748
41798.0,-61.888538
41800.0,-61.888329
41802.0,-61.888119
41804.0,-61.887909
41806.0,-61.887699
41808.0,-61.887493
41810.0,-61.887283
41812.0,-61.887074
41814.0,-61.886868
41816.0,-61.886658
41818.0,-61.886448
41820.0,-61.886242
41822.0,-61.886036
41824.0,-61.885826
41826.0,-61.88562
41828.0,-61.885414
41830.0,-61.885204
41832.0,-61.884998
41834.0,-61.884792
41836.0,-61.884586
41838.0,-61.88438
41840.0,-61.884174
41842.0,-61.883968
41844.0,-61.883762
41846.0,-61.883556
41848.0,-61.88335
41850.0,-61.883144
41852.0,-61.882942
41854.0,-61.882736
41856.0,-61.88253
41858.0,-61.882328
41860.0,-61.882122
41862.0,-61.88192
41864.0,-61.881714
41866.0,-61.881512
41868.0,-61.88131
41870.0,-61.881104
41872.0,-61.880901
41874.0,-61.880699
41876.0,-61.880497
41878.0,-61.880295
41880.0,-61.880093
41882.0,-61.87989
41884.0,-61.879688
41886.0,-61.879486
41888.0,-61.879284
41890.0,-61.879082
41892.0,-61.87888
41894.0,-61.878681
41896.0,-61.878479
41898.0,-61.878277
41900.0,-61.878078
41902.0,-61.877876
41904.0,-61.877678
41906.0,-61.877476
41908.0,-61.877277
41910.0,-61.877079
41912.0,-61.876877
41914.0,-61.876678
41916.0,-61.87648
41918.0,-61.876282
41920.0,-61.876083
41922.0,-61.875885
41924.0,-61.875687
41926.0,-61.875488
41928.0,-61.87529
41930.0,-61.875092
41932.0,-61.874893
41934.0,-61.874695
41936.0,-61.8745
41938.0,-61.874302
41940.0,-61.874104
41942.0,-61.873909
41944.0,-61.873711
41946.0,-61.873516
41948.0,-61.873318
41950.0,-61.873123
41952.0,-61.872929
41954.0,-61.87273
41956.0,-61.872536
41958.0,-61.872341
41960.0,-61.872147
41962.0,-61.871952
41964.0,-61.871758
41966.0,-61.871563
41968.0,-61.871368
41970.0,-61.871174
41972.0,-61.870979
41974.0,-61.870785
41976.0,-61.87059
41978.0,-61.870399
41980.0,-61.870205
41982.0,-61.87001
41984.0,-61.86982
41986.0,-61.869625
41988.0,-61.869434
41990.0,-61.869244
41992.0,-61.869049
41994.0,-61.868858
41996.0,-61.868668
41998.0,-61.868473
42000.0,-61.868282
42002.0,-61.868092
42004.0,-61.867901
42006.0,-61.86771
42008.0,-61.867519
42010.0,-61.867329
42012.0,-61.867138
42014.0,-61.866947
42016.0,-61.866756
42018.0,-61.86657
42020.0,-61.866379
42022.0,-61.866188
42024.0,-61.866001
42026.0,-61.86581
42028.0,-61.865623
42030.0,-61.865433
42032.0,-61.865246
42034.0,-61.865055
42036.0,-61.864868
42038.0,-61.864681
42040.0,-61.864494
42042.0,-61.864304
42044.0,-61.864117
42046.0,-61.86393
42048.0,-61.863743
42050.0,-61.863556
42052.0,-61.863369
42054.0,-61.863182
42056.0,-61.862995
42058.0,-61.862812
42060.0,-61.862625
42062.0,-61.862438
42064.0,-61.862255
42066.0,-61.862068
42068.0,-61.861881
42070.0,-61.861698
42072.0,-61.861511
42074.0,-61.861328
42076.0,-61.861145
42078.0,-61.860958
42080.0,-61.860775
42082.0,-61.860592
42084.0,-61.860409
42086.0,-61.860226
42088.0,-61.860043
42090.0,-61.859859
42092.0,-61.859676
42094.0,-61.859493
42096.0,-61.85931
42098.0,-61.859127
42100.0,-61.858944
42102.0,-61.858761
42104.0,-61.858582
42106.0,-61.858398
42108.0,-61.858215
42110.0,-61.858036
42112.0,-61.857853
42114.0,-61.857674
42116.0,-61.857491
42118.0,-61.857311
42120.0,-61.857132
42122.0,-61.856953
42124.0,-61.85677
42126.0,-61.85659
42128.0,-61.856411
42130.0,-61.856232
42132.0,-61.856052
42134.0,-61.855873
42136.0,-61.855694
42138.0,-61.855515
42140.0,-61.855335
42142.0,-61.85516
42144.0,-61.85498
42146.0,-61.854801
42148.0,-61.854622
42150.0,-61.854446
42152.0,-61.854267
42154.0,-61.854092
42156.0,-61.853912
42158.0,-61.853737
42160.0,-61.853561
42162.0,-61.853382
42164.0,-61.853207
42166.0,-61.853031
42168.0,-61.852856
42170.0,-61.85268
42172.0,-61.852501
42174.0,-61.852325
42176.0,-61.852154
42178.0,-61.851978
42180.0,-61.851803
42182.0,-61.851627
42184.0,-61.851452
42186.0,-61.851276
42188.0,-61.851105
42190.0,-61.850929
42192.0,-61.850754
42194.0,-61.850582
42196.0,-61.850407
42198.0,-61.850235
42200.0,-61.850063
42202.0,-61.849888
42204.0,-61.849716
42206.0,-61.849545
42208.0,-61.849369
42210.0,-61.849197
42212.0,-61.849026
42214.0,-61.848854
42216.0,-61.848682
42218.0,-61.848511
42220.0,-61.848339
42222.0,-61.848167
42224.0,-61.848
42226.0,-61.847828
42228.0,-61.847656
42230.0,-61.847485
42232.0,-61.847317
42234.0,-61.847145
42236.0,-61.846977
42238.0,-61.846806
42240.0,-61.846638
42242.0,-61.846466
42244.0,-61.846298
42246.0,-61.84613
42248.0,-61.845959
42250.0,-61.845791
42252.0,-61.845623
42254.0,-61.845455
42256.0,-61.845287
42258.0,-61.845119
42260.0,-61.844952
42262.0,-61.844784
42264.0,-61.844616
42266.0,-61.844448
42268.0,-61.84428
42270.0,-61.844116
42272.0,-61.843948
42274.0,-61.843781
42276.0,-61.843616
42278.0,-61.843449
42280.0,-61.843285
42282.0,-61.843117
42284.0,-61.842953
42286.0,-61.842773
42288.0,-61.842587
42290.0,-61.8424
42292.0,-61.842213
42294.0,-61.84203
42296.0,-61.841843
42298.0,-61.841656
42300.0,-61.841469
42302.0,-61.841282
42304.0,-61.841095
42306.0,-61.840912
42308.0,-61.840725
42310.0,-61.840538
42312.0,-61.840351
42314.0,-61.840168
42316.0,-61.839981
42318.0,-61.839798
42320.0,-61.839611
42322.0,-61.839424
42324.0,-61.839241
42326.0,-61.839054
42328.0,-61.838871
42330.0,-61.838684
42332.0,-61.838501
42334.0,-61.838318
42336.0,-61.838131
42338.0,-61.837948
42340.0,-61.837765
42342.0,-61.837578
42344.0,-61.837395
42346.0,-61.837212
42348.0,-61.837029
42350.0,-61.836842
42352.0,-61.836658
42354.0,-61.836475
42356.0,-61.836292
42358.0,-61.836109
42360.0,-61.835926
42362.0,-61.835743
42364.0,-61.83556
42366.0,-61.835377
42368.0,-61.835194
42370.0,-61.835011
42372.0,-61.834827
42374.0,-61.834644
42376.0,-61.834461
42378.0,-61.834278
42380.0,-61.834099
42382.0,-61.833916
42384.0,-61.833733
42386.0,-61.833549
42388.0,-61.83337
42390.0,-61.833187
42392.0,-61.833004
42394.0,-61.832825
42396.0,-61.832642
42398.0,-61.832462
42400.0,-61.832279
42402.0,-61.8321
42404.0,-61.831917
42406.0,-61.831738
42408.0,-61.831554
42410.0,-61.831375
42412.0,-61.831192
42414.0,-61.831013
42416.0,-61.830833
42418.0,-61.83065
42420.0,-61.830471
42422.0,-61.830292
42424.0,-61.830112
42426.0,-61.829933
42428.0,-61.82975
42430.0,-61.829571
42432.0,-61.829391
42434.0,-61.829212
42436.0,-61.829033
42438.0,-61.828854
42440.0,-61.828674
42442.0,-61.828495
42444.0,-61.828316
42446.0,-61.828136
42448.0,-61.827957
42450.0,-61.827778
42452.0,-61.827599
42454.0,-61.827423
42456.0,-61.827244
42458.0,-61.827065
42460.0,-61.826885
42462.0,-61.826706
42464.0,-61.82653
42466.0,-61.826351
42468.0,-61.826172
42470.0,-61.825996
42472.0,-61.825817
42474.0,-61.825642
42476.0,-61.825462
42478.0,-61.825287
42480.0,-61.825108
42482.0,-61.824932
42484.0,-61.824753
42486.0,-61.824577
42488.0,-61.824398
42490.0,-61.824223
42492.0,-61.824047
42494.0,-61.823868
42496.0,-61.823692
42498.0,-61.823517
42500.0,-61.823341
42502.0,-61.823162
42504.0,-61.822987
42506.0,-61.822811
42508.0,-61.822636
42510.0,-61.82246
42512.0,-61.822285
42514.0,-61.822109
42516.0,-61.821934
42518.0,-61.821758
42520.0,-61.821583
42522.0,-61.821407
42524.0,-61.821232
42526.0,-61.821056
42528.0,-61.820881
42530.0,-61.820705
42532.0,-61.820534
42534.0,-61.820358
42536.0,-61.820183
42538.0,-61.820007
42540.0,-61.819836
42542.0,-61.81966
42544.0,-61.819485
42546.0,-61.819313
42548.0,-61.819138
42550.0,-61.818962
42552.0,-61.81879
42554.0,-61.818615
42556.0,-61.818443
42558.0,-61.818268
42560.0,-61.818096
42562.0,-61.817924
42564.0,-61.817749
42566.0,-61.817577
42568.0,-61.817402
42570.0,-61.81723
42572.0,-61.817059
42574.0,-61.816887
42576.0,-61.816711
42578.0,-61.81654
42580.0,-61.816368
42582.0,-61.816196
42584.0,-61.816025
42586.0,-61.815853
42588.0,-61.815678
42590.0,-61.815506
42592.0,-61.815334
42594.0,-61.815163
42596.0,-61.814991
42598.0,-61.814819
42600.0,-61.814651
42602.0,-61.81448
42604.0,-61.814308
42606.0,-61.814137
42608.0,-61.813965
42610.0,-61.813793
42612.0,-61.813625
42614.0,-61.813454
42616.0,-61.813282
42618.0,-61.81311
42620.0,-61.812943
42622.0,-61.812771
42624.0,-61.812603
42626.0,-61.812431
42628.0,-61.81226
42630.0,-61.812092
42632.0,-61.81192
42634.0,-61.811752
42636.0,-61.811581
42638.0,-61.811413
42640.0,-61.811245
42642.0,-61.811073
42644.0,-61.810905
42646.0,-61.810738
42648.0,-61.810566
42650.0,-61.810398
42652.0,-61.81023
42654.0,-61.810062
42656.0,-61.809891
42658.0,-61.809723
42660.0,-61.809555
42662.0,-61.809387
42664.0,-61.809219
42666.0,-61.809052
42668.0,-61.808884
42670.0,-61.808716
42672.0,-61.808548
42674.0,-61.80838
42676.0,-61.808212
42678.0,-61.808044
42680.0,-61.807877
42682.0,-61.807709
42684.0,-61.807541
42686.0,-61.807377
42688.0,-61.807209
42690.0,-61.807041
42692.0,-61.806873
42694.0,-61.806709
42696.0,-61.806541
42698.0,-61.806374
42700.0,-61.80621
42702.0,-61.806042
42704.0,-61.805878
42706.0,-61.80571
42708.0,-61.805546
42710.0,-61.805378
42712.0,-61.805214
42714.0,-61.805046
42716.0,-61.804882
42718.0,-61.804714
42720.0,-61.80455
42722.0,-61.804386
42724.0,-61.804218
42726.0,-61.804054
42728.0,-61.80389
42730.0,-61.803726
42732.0,-61.803558
42734.0,-61.803394
42736.0,-61.80323
42738.0,-61.803066
42740.0,-61.802902
42742.0,-61.802738
42744.0,-61.802574
42746.0,-61.80241
42748.0,-61.802246
42750.0,-61.802082
42752.0,-61.801918
42754.0,-61.801754
42756.0,-61.80159
42758.0,-61.801426
42760.0,-61.801262
42762.0,-61.801102
42764.0,-61.800938
42766.0,-61.800774
42768.0,-61.80061
42770.0,-61.800449
42772.0,-61.800285
42774.0,-61.800121
42776.0,-61.799961
42778.0,-61.799797
42780.0,-61.799637
42782.0,-61.799473
42784.0,-61.799309
42786.0,-61.799149
42788.0,-61.798985
42790.0,-61.798824
42792.0,-61.798664
42794.0,-61.7985
42796.0,-61.79834
42798.0,-61.79818
42800.0,-61.798016
42802.0,-61.797855
42804.0,-61.797695
42806.0,-61.797531
42808.0,-61.797371
42810.0,-61.797211
42812.0,-61.79705
42814.0,-61.79689
42816.0,-61.79673
42818.0,-61.79657
42820.0,-61.79641
42822.0,-61.796249
42824.0,-61.796089
42826.0,-61.795929
42828.0,-61.795769
42830.0,-61.795609
42832.0,-61.795448
42834.0,-61.795288
42836.0,-61.795128
42838.0,-61.794968
42840.0,-61.794811
42842.0,-61.794651
42844.0,-61.794491
42846.0,-61.794331
42848.0,-61.794174
42850.0,-61.794014
42852.0,-61.793854
42854.0,-61.793697
42856.0,-61.793537
42858.0,-61.793381
42860.0,-61.793221
42862.0,-61.793064
42864.0,-61.792904
42866.0,-61.792747
42868.0,-61.792587
42870.0,-61.792431
42872.0,-61.792271
42874.0,-61.792114
42876.0,-61.791958
42878.0,-61.791801
42880.0,-61.791641
42882.0,-61.791485
42884.0,-61.791328
42886.0,-61.791172
42888.0,-61.791012
42890.0,-61.790855
42892.0,-61.790699
42894.0,-61.790543
42896.0,-61.790386
42898.0,-61.79023
42900.0,-61.790073
42902.0,-61.789917
42904.0,-61.789761
42906.0,-61.789604
42908.0,-61.789448
42910.0,-61.789291
42912.0,-61.789139
42914.0,-61.788982
42916.0,-61.788826
42918.0,-61.78867
42920.0,-61.788513
42922.0,-61.788361
42924.0,-61.788204
42926.0,-61.788048
42928.0,-61.787895
42930.0,-61.787739
42932.0,-61.787586
42934.0,-61.78743
42936.0,-61.787273
42938.0,-61.787121
42940.0,-61.786964
42942.0,-61.786812
42944.0,-61.786659
42946.0,-61.786503
42948.0,-61.78635
42950.0,-61.786194
42952.0,-61.786041
42954.0,-61.785889
42956.0,-61.785736
42958.0,-61.78558
42960.0,-61.785427
42962.0,-61.785275
42964.0,-61.785122
42966.0,-61.784969
42968.0,-61.784813
42970.0,-61.78466
42972.0,-61.784508
42974.0,-61.784355
42976.0,-61.784203
42978.0,-61.78405
42980.0,-61.783897
42982.0,-61.783745
42984.0,-61.783596
42986.0,-61.783443
42988.0,-61.783291
42990.0,-61.783138
42992.0,-61.782986
42994.0,-61.782833
42996.0,-61.782684
42998.0,-61.782532
43000.0,-61.782379
43002.0,-61.78223
43004.0,-61.782078
43006.0,-61.781925
43008.0,-61.781776
43010.0,-61.781624
43012.0,-61.781475
43014.0,-61.781322
43016.0,-61.781174
43018.0,-61.781021
43020.0,-61.780872
43022.0,-61.78072
43024.0,-61.780571
43026.0,-61.780422
43028.0,-61.78027
43030.0,-61.780121
43032.0,-61.779972
43034.0,-61.779819
43036.0,-61.779671
43038.0,-61.779522
43040.0,-61.779373
43042.0,-61.779224
43044.0,-61.779072
43046.0,-61.778923
43048.0,-61.778774
43050.0,-61.778625
43052.0,-61.778477
43054.0,-61.778328
43056.0,-61.778179
43058.0,-61.77803
43060.0,-61.777882
43062.0,-61.777737
43064.0,-61.777588
43066.0,-61.777439
43068.0,-61.77729
43070.0,-61.777142
43072.0,-61.776997
43074.0,-61.776848
43076.0,-61.776699
43078.0,-61.77655
43080.0,-61.776405
43082.0,-61.776257
43084.0,-61.776112
43086.0,-61.775963
43088.0,-61.775814
43090.0,-61.775669
43092.0,-61.77552
43094.0,-61.775375
43096.0,-61.775227
43098.0,-61.775082
43100.0,-61.774937
43102.0,-61.774788
43104.0,-61.774643
43106.0,-61.774498
43108.0,-61.774349
43110.0,-61.774204
43112.0,-61.774059
43114.0,-61.773914
43116.0,-61.773766
43118.0,-61.773621
43120.0,-61.773476
43122.0,-61.773331
43124.0,-61.773186
43126.0,-61.773041
43128.0,-61.772896
43130.0,-61.772751
43132.0,-61.772606
43134.0,-61.772461
43136.0,-61.772316
43138.0,-61.772171
43140.0,-61.772026
43142.0,-61.771885
43144.0,-61.77174
43146.0,-61.771595
43148.0,-61.77145
43150.0,-61.771305
43152.0,-61.771164
43154.0,-61.771019
43156.0,-61.770874
43158.0,-61.770733
43160.0,-61.770588
43162.0,-61.770447
43164.0,-61.770302
43166.0,-61.770157
43168.0,-61.770016
43170.0,-61.769871
43172.0,-61.76973
43174.0,-61.769588
43176.0,-61.769444
43178.0,-61.769302
43180.0,-61.769157
43182.0,-61.769016
43184.0,-61.768875
43186.0,-61.768734
43188.0,-61.768589
43190.0,-61.768448
43192.0,-61.768307
43194.0,-61.768166
43196.0,-61.768024
43198.0,-61.767883
43200.0,-61.767738
43202.0,-61.767597
43204.0,-61.767456
43206.0,-61.767315
43208.0,-61.767174
43210.0,-61.767033
43212.0,-61.766895
43214.0,-61.766754
43216.0,-61.766613
43218.0,-61.766472
43220.0,-61.766331
43222.0,-61.76619
43224.0,-61.766048
43226.0,-61.765911
43228.0,-61.76577
43230.0,-61.765629
43232.0,-61.765491
43234.0,-61.76535
43236.0,-61.765209
43238.0,-61.765072
43240.0,-61.764931
43242.0,-61.764793
43244.0,-61.764652
43246.0,-61.764515
43248.0,-61.764374
43250.0,-61.764236
43252.0,-61.764095
43254.0,-61.763958
43256.0,-61.763821
43258.0,-61.76368
43260.0,-61.763542
43262.0,-61.763405
43264.0,-61.763268
43266.0,-61.763126
43268.0,-61.762989
43270.0,-61.762852
43272.0,-61.762714
43274.0,-61.762577
43276.0,-61.76244
43278.0,-61.762302
43280.0,-61.762165
43282.0,-61.762028
43284.0,-61.76189
43286.0,-61.761753
43288.0,-61.761616
43290.0,-61.761478
43292.0,-61.761341
43294.0,-61.761204
43296.0,-61.761066
43298.0,-61.760929
43300.0,-61.760796
43302.0,-61.760658
43304.0,-61.760521
43306.0,-61.760384
43308.0,-61.76025
43310.0,-61.760113
43312.0,-61.759975
43314.0,-61.759842
43316.0,-61.759705
43318.0,-61.759571
43320.0,-61.759434
43322.0,-61.7593
43324.0,-61.759163
43326.0,-61.759029
43328.0,-61.758892
43330.0,-61.758759
43332.0,-61.758625
43334.0,-61.758457
43336.0,-61.758289
43338.0,-61.758118
43340.0,-61.75795
43342.0,-61.757782
43344.0,-61.757614
43346.0,-61.757442
43348.0,-61.757275
43350.0,-61.757107
43352.0,-61.756935
43354.0,-61.756767
43356.0,-61.756599
43358.0,-61.756432
43360.0,-61.75626
43362.0,-61.756092
43364.0,-61.755924
43366.0,-61.755756
43368.0,-61.755585
43370.0,-61.755417
43372.0,-61.755249
43374.0,-61.755081
43376.0,-61.75491
43378.0,-61.754742
43380.0,-61.754574
43382.0,-61.754406
43384.0,-61.754238
43386.0,-61.754066
43388.0,-61.753899
43390.0,-61.753731
43392.0,-61.753563
43394.0,-61.753395
43396.0,-61.753223
43398.0,-61.753056
43400.0,-61.752888
43402.0,-61.75272
43404.0,-61.752552
43406.0,-61.752384
43408.0,-61.752213
43410.0,-61.752045
43412.0,-61.751877
43414.0,-61.751709
43416.0,-61.751541
43418.0,-61.751373
43420.0,-61.751205
43422.0,-61.751038
43424.0,-61.750866
43426.0,-61.750698
43428.0,-61.75053
43430.0,-61.750362
43432.0,-61.750195
43434.0,-61.750027
43436.0,-61.749859
43438.0,-61.749691
43440.0,-61.749523
43442.0,-61.749355
43444.0,-61.749187
43446.0,-61.74902
43448.0,-61.748852
43450.0,-61.748684
43452.0,-61.748512
43454.0,-61.748344
43456.0,-61.748177
43458.0,-61.748009
43460.0,-61.747841
43462.0,-61.747673
43464.0,-61.747505
43466.0,-61.747337
43468.0,-61.747169
43470.0,-61.747002
43472.0,-61.746834
43474.0,-61.746666
43476.0,-61.746498
43478.0,-61.74633
43480.0,-61.746162
43482.0,-61.745995
43484.0,-61.745831
43486.0,-61.745663
43488.0,-61.745495
43490.0,-61.745327
43492.0,-61.745159
43494.0,-61.744991
43496.0,-61.744823
43498.0,-61.744656
43500.0,-61.744488
43502.0,-61.74432
43504.0,-61.744152
43506.0,-61.743984
43508.0,-61.743816
43510.0,-61.743649
43512.0,-61.743484
43514.0,-61.743317
43516.0,-61.743149
43518.0,-61.742981
43520.0,-61.742813
43522.0,-61.742645
43524.0,-61.742477
43526.0,-61.74231
43528.0,-61.742146
43530.0,-61.741978
43532.0,-61.74181
43534.0,-61.741642
43536.0,-61.741474
43538.0,-61.741306
43540.0,-61.741142
43542.0,-61.740974
43544.0,-61.740807
43546.0,-61.740639
43548.0,-61.740471
43550.0,-61.740307
43552.0,-61.740139
43554.0,-61.739971
43556.0,-61.739803
43558.0,-61.739635
43560.0,-61.739471
43562.0,-61.739304
43564.0,-61.739136
43566.0,-61.738968
43568.0,-61.738804
43570.0,-61.738636
43572.0,-61.738468
43574.0,-61.7383
43576.0,-61.738136
43578.0,-61.737968
43580.0,-61.737801
43582.0,-61.737633
43584.0,-61.737469
43586.0,-61.737301
43588.0,-61.737133
43590.0,-61.736969
43592.0,-61.736801
43594.0,-61.736633
43596.0,-61.736469
43598.0,-61.736301
43600.0,-61.736134
43602.0,-61.735966
43604.0,-61.735802
43606.0,-61.735634
43608.0,-61.73547
43610.0,-61.735302
43612.0,-61.735134
43614.0,-61.73497
43616.0,-61.734802
43618.0,-61.734634
43620.0,-61.73447
43622.0,-61.734303
43624.0,-61.734135
43626.0,-61.733971
43628.0,-61.733803
43630.0,-61.733639
43632.0,-61.733471
43634.0,-61.733303
43636.0,-61.733139
43638.0,-61.732971
43640.0,-61.732807
43642.0,-61.732639
43644.0,-61.732475
43646.0,-61.732307
43648.0,-61.73214
43650.0,-61.731976
43652.0,-61.731808
43654.0,-61.731644
43656.0,-61.731476
43658.0,-61.731312
43660.0,-61.731144
43662.0,-61.73098
43664.0,-61.730812
43666.0,-61.730648
43668.0,-61.73048
43670.0,-61.730316
43672.0,-61.730148
43674.0,-61.729984
43676.0,-61.729816
43678.0,-61.729652
43680.0,-61.729485
43682.0,-61.729321
43684.0,-61.729153
43686.0,-61.728989
43688.0,-61.728821
43690.0,-61.728657
43692.0,-61.728489
43694.0,-61.728325
43696.0,-61.728157
43698.0,-61.727993
43700.0,-61.727829
43702.0,-61.727661
43704.0,-61.727497
43706.0,-61.727329
43708.0,-61.727165
43710.0,-61.726997
43712.0,-61.726833
43714.0,-61.726669
43716.0,-61.726501
43718.0,-61.726337
43720.0,-61.72617
43722.0,-61.726006
43724.0,-61.725842
43726.0,-61.725674
43728.0,-61.72551
43730.0,-61.725346
43732.0,-61.725178
43734.0,-61.725014
43736.0,-61.72485
43738.0,-61.724682
43740.0,-61.724518
43742.0,-61.724354
43744.0,-61.724186
43746.0,-61.724022
43748.0,-61.723858
43750.0,-61.72369
43752.0,-61.723526
43754.0,-61.723362
43756.0,-61.723194
43758.0,-61.72303
43760.0,-61.722866
43762.0,-61.722702
43764.0,-61.722534
43766.0,-61.72237
43768.0,-61.722206
43770.0,-61.722038
43772.0,-61.721874
43774.0,-61.72171
43776.0,-61.721546
43778.0,-61.721378
43780.0,-61.721214
43782.0,-61.72105
43784.0,-61.720886
43786.0,-61.720722
43788.0,-61.720554
43790.0,-61.72039
43792.0,-61.720226
43794.0,-61.720062
43796.0,-61.719894
43798.0,-61.71973
43800.0,-61.719566
43802.0,-61.719402
43804.0,-61.719238
43806.0,-61.719074
43808.0,-61.718906
43810.0,-61.718742
43812.0,-61.718578
43814.0,-61.718414
43816.0,-61.71825
43818.0,-61.718086
43820.0,-61.717918
43822.0,-61.717754
43824.0,-61.71759
43826.0,-61.717426
43828.0,-61.717262
43830.0,-61.717098
43832.0,-61.716934
43834.0,-61.71677
43836.0,-61.716606
43838.0,-61.716438
43840.0,-61.716274
43842.0,-61.71611
43844.0,-61.715946
43846.0,-61.715782
43848.0,-61.715618
43850.0,-61.715454
43852.0,-61.71529
43854.0,-61.715126
43856.0,-61.714962
43858.0,-61.714798
43860.0,-61.714634
43862.0,-61.71447
43864.0,-61.714306
43866.0,-61.714142
43868.0,-61.713978
43870.0,-61.713814
43872.0,-61.71365
43874.0,-61.713486
43876.0,-61.713322
43878.0,-61.713158
43880.0,-61.712994
43882.0,-61.71283
43884.0,-61.712666
43886.0,-61.712502
43888.0,-61.712337
43890.0,-61.712173
43892.0,-61.712009
43894.0,-61.711845
43896.0,-61.711681
43898.0,-61.711517
43900.0,-61.711353
43902.0,-61.711189
43904.0,-61.711025
43906.0,-61.710861
43908.0,-61.710697
43910.0,-61.710533
43912.0,-61.710369
43914.0,-61.710205
43916.0,-61.710045
43918.0,-61.709881
43920.0,-61.709717
43922.0,-61.709553
43924.0,-61.709389
43926.0,-61.709225
43928.0,-61.709061
43930.0,-61.708897
43932.0,-61.708733
43934.0,-61.708572
43936.0,-61.708408
43938.0,-61.708244
43940.0,-61.70808
43942.0,-61.707916
43944.0,-61.707752
43946.0,-61.707592
43948.0,-61.707428
43950.0,-61.707264
43952.0,-61.7071
43954.0,-61.706936
43956.0,-61.706772
43958.0,-61.706612
43960.0,-61.706448
43962.0,-61.706284
43964.0,-61.70612
43966.0,-61.705956
43968.0,-61.705795
43970.0,-61.705631
43972.0,-61.705467
43974.0,-61.705303
43976.0,-61.705143
43978.0,-61.704979
43980.0,-61.704815
43982.0,-61.704651
43984.0,-61.704491
43986.0,-61.704327
43988.0,-61.704163
43990.0,-61.703999
43992.0,-61.703838
43994.0,-61.703674
43996.0,-61.70351
43998.0,-61.70335
44000.0,-61.703186
44002.0,-61.703022
44004.0,-61.702862
44006.0,-61.702698
44008.0,-61.702534
44010.0,-61.70237
44012.0,-61.702209
44014.0,-61.702045
44016.0,-61.701881
44018.0,-61.701721
44020.0,-61.701557
44022.0,-61.701397
44024.0,-61.701233
44026.0,-61.701069
44028.0,-61.700909
44030.0,-61.700745
44032.0,-61.700581
44034.0,-61.70042
44036.0,-61.700256
44038.0,-61.700096
44040.0,-61.699932
44042.0,-61.699768
44044.0,-61.699608
44046.0,-61.699444
44048.0,-61.699284
44050.0,-61.69912
44052.0,-61.698956
44054.0,-61.698795
44056.0,-61.698631
44058.0,-61.698471
44060.0,-61.698307
44062.0,-61.698147
44064.0,-61.697983
44066.0,-61.697823
44068.0,-61.697659
44070.0,-61.697495
44072.0,-61.697334
44074.0,-61.69717
44076.0,-61.69701
44078.0,-61.696846
44080.0,-61.696686
44082.0,-61.696522
44084.0,-61.696362
44086.0,-61.696198
44088.0,-61.696037
44090.0,-61.695873
44092.0,-61.695713
44094.0,-61.695549
44096.0,-61.695389
44098.0,-61.695229
44100.0,-61.695065
44102.0,-61.694904
44104.0,-61.69474
44106.0,-61.69458
44108.0,-61.694416
44110.0,-61.694256
44112.0,-61.694092
44114.0,-61.693932
44116.0,-61.693771
44118.0,-61.693607
44120.0,-61.693447
44122.0,-61.693283
44124.0,-61.693123
44126.0,-61.692963
44128.0,-61.692799
44130.0,-61.692638
44132.0,-61.692474
44134.0,-61.692314
44136.0,-61.692154
44138.0,-61.69199
44140.0,-61.69183
44142.0,-61.691669
44144.0,-61.691505
44146.0,-61.691345
44148.0,-61.691185
44150.0,-61.691021
44152.0,-61.690861
44154.0,-61.690701
44156.0,-61.690536
44158.0,-61.690376
44160.0,-61.690216
44162.0,-61.690052
44164.0,-61.689892
44166.0,-61.689732
44168.0,-61.689568
44170.0,-61.689407
44172.0,-61.689247
44174.0,-61.689087
44176.0,-61.688923
44178.0,-61.688763
44180.0,-61.688602
44182.0,-61.688442
44184.0,-61.688278
44186.0,-61.688118
44188.0,-61.687958
44190.0,-61.687798
44192.0,-61.687634
44194.0,-61.687473
44196.0,-61.687313
44198.0,-61.687153
44200.0,-61.686993
44202.0,-61.686829
44204.0,-61.686668
44206.0,-61.686508
44208.0,-61.686348
44210.0,-61.686188
44212.0,-61.686024
44214.0,-61.685863
44216.0,-61.685703
44218.0,-61.685543
44220.0,-61.685383
44222.0,-61.685219
44224.0,-61.685059
44226.0,-61.684898
44228.0,-61.684738
44230.0,-61.684578
44232.0,-61.684418
44234.0,-61.684258
44236.0,-61.684097
44238.0,-61.683933
44240.0,-61.683773
44242.0,-61.683613
44244.0,-61.683453
44246.0,-61.683292
44248.0,-61.683132
44250.0,-61.682972
44252.0,-61.682812
44254.0,-61.682652
44256.0,-61.682491
44258.0,-61.682327
44260.0,-61.682167
44262.0,-61.682007
44264.0,-61.681847
44266.0,-61.681686
44268.0,-61.681526
44270.0,-61.681366
44272.0,-61.681206
44274.0,-61.681046
44276.0,-61.680885
44278.0,-61.680725
44280.0,-61.680565
44282.0,-61.680405
44284.0,-61.680244
44286.0,-61.680084
44288.0,-61.679924
44290.0,-61.679764
44292.0,-61.679604
44294.0,-61.679443
44296.0,-61.679283
44298.0,-61.679123
44300.0,-61.678963
44302.0,-61.678802
44304.0,-61.678642
44306.0,-61.678482
44308.0,-61.678322
44310.0,-61.678162
44312.0,-61.678001
44314.0,-61.677841
44316.0,-61.677685
44318.0,-61.677525
44320.0,-61.677364
44322.0,-61.677204
44324.0,-61.677044
44326.0,-61.676884
44328.0,-61.676723
44330.0,-61.676563
44332.0,-61.676403
44334.0,-61.676243
44336.0,-61.676086
44338.0,-61.675926
44340.0,-61.675766
44342.0,-61.675606
44344.0,-61.675446
44346.0,-61.675285
44348.0,-61.675125
44350.0,-61.674969
44352.0,-61.674809
44354.0,-61.674648
44356.0,-61.674488
44358.0,-61.674328
44360.0,-61.674168
44362.0,-61.674011
44364.0,-61.673851
44366.0,-61.673691
44368.0,-61.673531
44370.0,-61.67337
44372.0,-61.673214
44374.0,-61.673054
44376.0,-61.672894
44378.0,-61.672733
44380.0,-61.672573
44382.0,-61.672417
44384.0,-61.672256
44386.0,-61.672096
44388.0,-61.671936
44390.0,-61.67178
44392.0,-61.671619
44394.0,-61.671459
44396.0,-61.671299
44398.0,-61.671143
44400.0,-61.670982
44402.0,-61.670822
44404.0,-61.670666
44406.0,-61.670506
44408.0,-61.670345
44410.0,-61.670185
44412.0,-61.670029
44414.0,-61.669868
44416.0,-61.669708
44418.0,-61.669552
44420.0,-61.669392
44422.0,-61.669231
44424.0,-61.669075
44426.0,-61.668915
44428.0,-61.668755
44430.0,-61.668598
44432.0,-61.668438
44434.0,-61.668278
44436.0,-61.668121
44438.0,-61.667961
44440.0,-61.667805
44442.0,-61.667645
44444.0,-61.667484
44446.0,-61.667328
44448.0,-61.667168
44450.0,-61.667007
44452.0,-61.666851
44454.0,-61.666691
44456.0,-61.666534
44458.0,-61.666374
44460.0,-61.666218
44462.0,-61.666058
44464.0,-61.665897
44466.0,-61.665741
44468.0,-61.665581
44470.0,-61.665424
44472.0,-61.665264
44474.0,-61.665108
44476.0,-61.664948
44478.0,-61.664791
44480.0,-61.664631
44482.0,-61.664474
44484.0,-61.664314
44486.0,-61.664154
44488.0,-61.663998
44490.0,-61.663837
44492.0,-61.663681
44494.0,-61.663521
44496.0,-61.663364
44498.0,-61.663204
44500.0,-61.663048
44502.0,-61.662891
44504.0,-61.662731
44506.0,-61.662575
44508.0,-61.662415
44510.0,-61.662258
44512.0,-61.662098
44514.0,-61.661942
44516.0,-61.661781
44518.0,-61.661625
44520.0,-61.661465
44522.0,-61.661308
44524.0,-61.661152
44526.0,-61.660992
44528.0,-61.660835
44530.0,-61.660675
44532.0,-61.660519
44534.0,-61.660362
44536.0,-61.660202
44538.0,-61.660046
44540.0,-61.659885
44542.0,-61.659729
44544.0,-61.659573
44546.0,-61.659412
44548.0,-61.659256
44550.0,-61.6591
44552.0,-61.658939
44554.0,-61.658783
44556.0,-61.658627
44558.0,-61.658466
44560.0,-61.65831
44562.0,-61.658154
44564.0,-61.657993
44566.0,-61.657837
44568.0,-61.657681
44570.0,-61.65752
44572.0,-61.657364
44574.0,-61.657207
44576.0,-61.657047
44578.0,-61.656891
44580.0,-61.656734
44582.0,-61.656578
44584.0,-61.656418
44586.0,-61.656261
44588.0,-61.656105
44590.0,-61.655945
44592.0,-61.655788
44594.0,-61.655632
44596.0,-61.655476
44598.0,-61.655319
44600.0,-61.655159
44602.0,-61.655003
44604.0,-61.654846
44606.0,-61.65469
44608.0,-61.65453
44610.0,-61.654373
44612.0,-61.654217
44614.0,-61.65406
44616.0,-61.653904
44618.0,-61.653744
44620.0,-61.653587
44622.0,-61.653431
44624.0,-61.653275
44626.0,-61.653118
44628.0,-61.652958
44630.0,-61.652802
44632.0,-61.652645
44634.0,-61.652489
44636.0,-61.652332
44638.0,-61.652176
44640.0,-61.65202
44642.0,-61.651859
44644.0,-61.651703
44646.0,-61.651546
44648.0,-61.65139
44650.0,-61.651234
44652.0,-61.651077
44654.0,-61.650921
44656.0,-61.650764
44658.0,-61.650608
44660.0,-61.650448
44662.0,-61.650291
44664.0,-61.650135
44666.0,-61.649979
44668.0,-61.649822
44670.0,-61.649666
44672.0,-61.649509
44674.0,-61.649353
44676.0,-61.649197
44678.0,-61.64904
44680.0,-61.648884
44682.0,-61.648727
44684.0,-61.648571
44686.0,-61.648415
44688.0,-61.648258
44690.0,-61.648102
44692.0,-61.647945
44694.0,-61.647789
44696.0,-61.647633
44698.0,-61.647476
44700.0,-61.64732
44702.0,-61.647163
44704.0,-61.647007
44706.0,-61.646851
44708.0,-61.646694
44710.0,-61.646538
44712.0,-61.646381
44714.0,-61.646225
44716.0,-61.646069
44718.0,-61.645912
44720.0,-61.645756
44722.0,-61.645599
44724.0,-61.645443
44726.0,-61.645287
44728.0,-61.64513
44730.0,-61.644974
44732.0,-61.644821
44734.0,-61.644665
44736.0,-61.644508
44738.0,-61.644352
44740.0,-61.644196
44742.0,-61.644039
44744.0,-61.643883
44746.0,-61.643726
44748.0,-61.64357
44750.0,-61.643417
44752.0,-61.643261
44754.0,-61.643105
44756.0,-61.642948
44758.0,-61.642792
44760.0,-61.642635
44762.0,-61.642479
44764.0,-61.642326
44766.0,-61.64217
44768.0,-61.642014
44770.0,-61.641857
44772.0,-61.641701
44774.0,-61.641548
44776.0,-61.641392
44778.0,-61.641235
44780.0,-61.641079
44782.0,-61.640923
44784.0,-61.64077
44786.0,-61.640614
44788.0,-61.640457
44790.0,-61.640301
44792.0,-61.640144
44794.0,-61.639992
44796.0,-61.639835
44798.0,-61.639679
44800.0,-61.639523
44802.0,-61.63937
44804.0,-61.639214
44806.0,-61.639057
44808.0,-61.638901
44810.0,-61.638748
44812.0,-61.638592
44814.0,-61.638435
44816.0,-61.638283
44818.0,-61.638126
44820.0,-61.63797
44822.0,-61.637817
44824.0,-61.637661
44826.0,-61.637505
44828.0,-61.637348
44830.0,-61.637196
44832.0,-61.637039
44834.0,-61.636883
44836.0,-61.63673
44838.0,-61.636574
44840.0,-61.636421
44842.0,-61.636265
44844.0,-61.636108
44846.0,-61.635956
44848.0,-61.635799
44850.0,-61.635643
44852.0,-61.63549
44854.0,-61.635334
44856.0,-61.635178
44858.0,-61.635025
44860.0,-61.634869
44862.0,-61.634716
44864.0,-61.63456
44866.0,-61.634407
44868.0,-61.634251
44870.0,-61.634094
44872.0,-61.633942
44874.0,-61.633785
44876.0,-61.633633
44878.0,-61.633476
44880.0,-61.633324
44882.0,-61.633167
44884.0,-61.633011
44886.0,-61.632858
44888.0,-61.632702
44890.0,-61.632549
44892.0,-61.632393
44894.0,-61.63224
44896.0,-61.632084
44898.0,-61.631931
44900.0,-61.631775
44902.0,-61.631622
44904.0,-61.631466
44906.0,-61.631313
44908.0,-61.631157
44910.0,-61.631004
44912.0,-61.630848
44914.0,-61.630695
44916.0,-61.630539
44918.0,-61.630386
44920.0,-61.630234
44922.0,-61.630077
44924.0,-61.629925
44926.0,-61.629768
44928.0,-61.629616
44930.0,-61.629459
44932.0,-61.629307
44934.0,-61.629154
44936.0,-61.628998
44938.0,-61.628845
44940.0,-61.628689
44942.0,-61.628536
44944.0,-61.62838
44946.0,-61.628227
44948.0,-61.628075
44950.0,-61.627918
44952.0,-61.627766
44954.0,-61.627613
44956.0,-61.627457
44958.0,-61.627304
44960.0,-61.627148
44962.0,-61.626995
44964.0,-61.626842
44966.0,-61.626686
44968.0,-61.626534
44970.0,-61.626381
44972.0,-61.626225
44974.0,-61.626072
44976.0,-61.625919
44978.0,-61.625767
44980.0,-61.62561
44982.0,-61.625458
44984.0,-61.625305
44986.0,-61.625149
44988.0,-61.624996
44990.0,-61.624844
44992.0,-61.624687
44994.0,-61.624535
44996.0,-61.624382
44998.0,-61.624229
45000.0,-61.624073
45002.0,-61.62392
45004.0,-61.623768
45006.0,-61.623615
45008.0,-61.623459
45010.0,-61.623306
45012.0,-61.623154
45014.0,-61.623001
45016.0,-61.622849
45018.0,-61.622692
45020.0,-61.62254
45022.0,-61.622387
45024.0,-61.622231
45026.0,-61.622025
45028.0,-61.621815
45030.0,-61.621609
45032.0,-61.621403
45034.0,-61.621197
45036.0,-61.620991
45038.0,-61.620785
45040.0,-61.620579
45042.0,-61.620373
45044.0,-61.620167
45046.0,-61.619961
45048.0,-61.619755
45050.0,-61.619549
45052.0,-61.619343
45054.0,-61.619137
45056.0,-61.618931
45058.0,-61.618725
45060.0,-61.618519
45062.0,-61.618309
45064.0,-61.618103
45066.0,-61.617897
45068.0,-61.617691
45070.0,-61.617485
45072.0,-61.617279
45074.0,-61.617073
45076.0,-61.616867
45078.0,-61.616661
45080.0,-61.616455
45082.0,-61.616249
45084.0,-61.616043
45086.0,-61.615837
45088.0,-61.615631
45090.0,-61.615425
45092.0,-61.615219
45094.0,-61.615013
45096.0,-61.614803
45098.0,-61.614597
45100.0,-61.614391
45102.0,-61.614185
45104.0,-61.613979
45106.0,-61.613773
45108.0,-61.613567
45110.0,-61.613361
45112.0,-61.613155
45114.0,-61.612949
45116.0,-61.612743
45118.0,-61.612537
45120.0,-61.612331
45122.0,-61.612125
45124.0,-61.611919
45126.0,-61.611713
45128.0,-61.611507
45130.0,-61.611298
45132.0,-61.611092
45134.0,-61.610886
45136.0,-61.61068
45138.0,-61.610474
45140.0,-61.610268
45142.0,-61.610062
45144.0,-61.609856
45146.0,-61.60965
45148.0,-61.609444
45150.0,-61.609238
45152.0,-61.609032
45154.0,-61.608826
45156.0,-61.60862
45158.0,-61.608414
45160.0,-61.608208
45162.0,-61.608002
45164.0,-61.607792
45166.0,-61.607586
45168.0,-61.60738
45170.0,-61.607174
45172.0,-61.606968
45174.0,-61.606762
45176.0,-61.606556
45178.0,-61.60635
45180.0,-61.606144
45182.0,-61.605938
45184.0,-61.605732
45186.0,-61.605526
45188.0,-61.60532
45190.0,-61.605114
45192.0,-61.604908
45194.0,-61.604702
45196.0,-61.604496
45198.0,-61.604286
45200.0,-61.60408
45202.0,-61.603874
45204.0,-61.603668
45206.0,-61.603462
45208.0,-61.603256
45210.0,-61.60305
45212.0,-61.602844
45214.0,-61.602638
45216.0,-61.602432
45218.0,-61.602226
45220.0,-61.60202
45222.0,-61.601814
45224.0,-61.601608
45226.0,-61.601402
45228.0,-61.601196
45230.0,-61.60099
45232.0,-61.60078
45234.0,-61.600574
45236.0,-61.600368
45238.0,-61.600163
45240.0,-61.599957
45242.0,-61.599751
45244.0,-61.599545
45246.0,-61.599339
45248.0,-61.599133
45250.0,-61.598927
45252.0,-61.598721
45254.0,-61.598515
45256.0,-61.598309
45258.0,-61.598103
45260.0,-61.597897
45262.0,-61.597691
45264.0,-61.597485
45266.0,-61.597275
45268.0,-61.597069
45270.0,-61.596863
45272.0,-61.596657
45274.0,-61.596451
45276.0,-61.596245
45278.0,-61.596039
45280.0,-61.595833
45282.0,-61.595627
45284.0,-61.595421
45286.0,-61.595215
45288.0,-61.595009
45290.0,-61.594803
45292.0,-61.594597
45294.0,-61.594391
45296.0,-61.594185
45298.0,-61.593979
45300.0,-61.593769
45302.0,-61.593563
45304.0,-61.593357
45306.0,-61.593151
45308.0,-61.592945
45310.0,-61.592739
45312.0,-61.592533
45314.0,-61.592327
45316.0,-61.592121
45318.0,-61.591915
45320.0,-61.591709
45322.0,-61.591503
45324.0,-61.591297
45326.0,-61.591091
45328.0,-61.590885
45330.0,-61.590679
45332.0,-61.590473
45334.0,-61.590267
45336.0,-61.590057
45338.0,-61.589851
45340.0,-61.589645
45342.0,-61.589439
45344.0,-61.589233
45346.0,-61.589027
45348.0,-61.588821
45350.0,-61.588615
45352.0,-61.588409
45354.0,-61.588203
45356.0,-61.587997
45358.0,-61.587791
45360.0,-61.587585
45362.0,-61.587379
45364.0,-61.587173
45366.0,-61.586967
45368.0,-61.586761
45370.0,-61.586552
45372.0,-61.586346
45374.0,-61.58614
45376.0,-61.585934
45378.0,-61.585728
45380.0,-61.585522
45382.0,-61.585316
45384.0,-61.58511
45386.0,-61.584904
45388.0,-61.584698
45390.0,-61.584492
45392.0,-61.584286
45394.0,-61.58408
45396.0,-61.583874
45398.0,-61.583668
45400.0,-61.583462
45402.0,-61.583256
45404.0,-61.583046
45406.0,-61.58284
45408.0,-61.582634
45410.0,-61.582428
45412.0,-61.582222
45414.0,-61.582016
45416.0,-61.58181
45418.0,-61.581604
45420.0,-61.581398
45422.0,-61.581192
45424.0,-61.580986
45426.0,-61.58078
45428.0,-61.580574
45430.0,-61.580368
45432.0,-61.580162
45434.0,-61.579956
45436.0,-61.57975
45438.0,-61.57954
45440.0,-61.579334
45442.0,-61.579128
45444.0,-61.578922
45446.0,-61.578716
45448.0,-61.57851
45450.0,-61.578304
45452.0,-61.578098
45454.0,-61.577892
45456.0,-61.577686
45458.0,-61.57748
45460.0,-61.577274
45462.0,-61.577068
45464.0,-61.576862
45466.0,-61.576656
45468.0,-61.57645
45470.0,-61.576244
45472.0,-61.576035
45474.0,-61.575829
45476.0,-61.575623
45478.0,-61.575417
45480.0,-61.575211
45482.0,-61.575005
45484.0,-61.574799
45486.0,-61.574593
45488.0,-61.574387
45490.0,-61.574181
45492.0,-61.573975
45494.0,-61.573769
45496.0,-61.573563
45498.0,-61.573357
45500.0,-61.573151
45502.0,-61.572945
45504.0,-61.572739
45506.0,-61.572529
45508.0,-61.572323
45510.0,-61.572117
45512.0,-61.571911
45514.0,-61.571705
45516.0,-61.571499
45518.0,-61.571293
45520.0,-61.571087
45522.0,-61.570881
45524.0,-61.570675
45526.0,-61.570469
45528.0,-61.570263
45530.0,-61.570057
45532.0,-61.569851
45534.0,-61.569645
45536.0,-61.569439
45538.0,-61.569233
45540.0,-61.569023
45542.0,-61.568817
45544.0,-61.568611
45546.0,-61.568405
45548.0,-61.568199
45550.0,-61.567993
45552.0,-61.567787
45554.0,-61.567581
45556.0,-61.567375
45558.0,-61.567169
45560.0,-61.566963
45562.0,-61.566757
45564.0,-61.566551
45566.0,-61.566345
45568.0,-61.566139
45570.0,-61.565933
45572.0,-61.565727
45574.0,-61.565517
45576.0,-61.565311
45578.0,-61.565105
45580.0,-61.564899
45582.0,-61.564693
45584.0,-61.564487
45586.0,-61.564281
45588.0,-61.564075
45590.0,-61.563869
45592.0,-61.563663
45594.0,-61.563457
45596.0,-61.563251
45598.0,-61.563046
45600.0,-61.56284
45602.0,-61.562634
45604.0,-61.562428
45606.0,-61.562222
45608.0,-61.562016
45610.0,-61.561806
45612.0,-61.5616
45614.0,-61.561394
45616.0,-61.561188
45618.0,-61.560982
45620.0,-61.560776
45622.0,-61.56057
45624.0,-61.560364
45626.0,-61.560158
45628.0,-61.559952
45630.0,-61.559746
45632.0,-61.55954
45634.0,-61.559334
45636.0,-61.559128
45638.0,-61.558922
45640.0,-61.558716
45642.0,-61.55851
45644.0,-61.5583
45646.0,-61.558094
45648.0,-61.557888
45650.0,-61.557682
45652.0,-61.557476
45654.0,-61.55727
45656.0,-61.557064
45658.0,-61.556858
45660.0,-61.556652
45662.0,-61.556446
45664.0,-61.55624
45666.0,-61.556034
45668.0,-61.555828
45670.0,-61.555622
45672.0,-61.555416
45674.0,-61.55521
45676.0,-61.555004
45678.0,-61.554794
45680.0,-61.554588
45682.0,-61.554382
45684.0,-61.554176
45686.0,-61.55397
45688.0,-61.553764
45690.0,-61.553558
45692.0,-61.553352
45694.0,-61.553146
45696.0,-61.55294
45698.0,-61.552734
45700.0,-61.552528
45702.0,-61.552322
45704.0,-61.552116
45706.0,-61.55191
45708.0,-61.551704
45710.0,-61.551498
45712.0,-61.551289
45714.0,-61.551083
45716.0,-61.550877
45718.0,-61.550671
45720.0,-61.550465
45722.0,-61.550259
45724.0,-61.550053
45726.0,-61.549847
45728.0,-61.549641
45730.0,-61.549435
45732.0,-61.549229
45734.0,-61.549023
45736.0,-61.548817
45738.0,-61.548611
45740.0,-61.548405
45742.0,-61.548199
45744.0,-61.547993
45746.0,-61.547783
45748.0,-61.547577
45750.0,-61.547371
45752.0,-61.547165
45754.0,-61.546959
45756.0,-61.546753
45758.0,-61.546547
45760.0,-61.546341
45762.0,-61.546135
45764.0,-61.545929
45766.0,-61.545723
45768.0,-61.545517
45770.0,-61.545311
45772.0,-61.545105
45774.0,-61.544899
45776.0,-61.544693
45778.0,-61.544487
45780.0,-61.544277
45782.0,-61.544071
45784.0,-61.543865
45786.0,-61.543659
45788.0,-61.543453
45790.0,-61.543247
45792.0,-61.543041
45794.0,-61.542835
45796.0,-61.542629
45798.0,-61.542423
45800.0,-61.542217
45802.0,-61.542011
45804.0,-61.541805
45806.0,-61.541599
45808.0,-61.541393
45810.0,-61.541187
45812.0,-61.540981
45814.0,-61.540771
45816.0,-61.540565
45818.0,-61.540359
45820.0,-61.540154
45822.0,-61.539948
45824.0,-61.539742
45826.0,-61.539536
45828.0,-61.53933
45830.0,-61.539124
45832.0,-61.538918
45834.0,-61.538712
45836.0,-61.538506
45838.0,-61.5383
45840.0,-61.538094
45842.0,-61.537888
45844.0,-61.537682
45846.0,-61.537476
45848.0,-61.537266
45850.0,-61.53706
45852.0,-61.536854
45854.0,-61.536648
45856.0,-61.536442
45858.0,-61.536236
45860.0,-61.53603
45862.0,-61.535824
45864.0,-61.535618
45866.0,-61.535412
45868.0,-61.535206
45870.0,-61.535
45872.0,-61.534794
45874.0,-61.534588
45876.0,-61.534382
45878.0,-61.534176
45880.0,-61.53397
45882.0,-61.533764
45884.0,-61.533554
45886.0,-61.533348
45888.0,-61.533142
45890.0,-61.532936
45892.0,-61.53273
45894.0,-61.532524
45896.0,-61.532318
45898.0,-61.532112
45900.0,-61.531906
45902.0,-61.5317
45904.0,-61.531494
45906.0,-61.531288
45908.0,-61.531082
45910.0,-61.530876
45912.0,-61.53067
45914.0,-61.530464
45916.0,-61.530258
45918.0,-61.530048
45920.0,-61.529842
45922.0,-61.529636
45924.0,-61.52943
45926.0,-61.529224
45928.0,-61.529018
45930.0,-61.528812
45932.0,-61.528606
45934.0,-61.5284
45936.0,-61.528194
45938.0,-61.527988
45940.0,-61.527782
45942.0,-61.527576
45944.0,-61.52737
45946.0,-61.527164
45948.0,-61.526958
45950.0,-61.526752
45952.0,-61.526543
45954.0,-61.526337
45956.0,-61.526131
45958.0,-61.525925
45960.0,-61.525719
45962.0,-61.525513
45964.0,-61.525307
45966.0,-61.525101
45968.0,-61.524895
45970.0,-61.524689
45972.0,-61.524483
45974.0,-61.524277
45976.0,-61.524071
45978.0,-61.523865
45980.0,-61.523659
45982.0,-61.523453
45984.0,-61.523247
45986.0,-61.523037
45988.0,-61.522831
45990.0,-61.522625
45992.0,-61.522419
45994.0,-61.522213
45996.0,-61.522007
45998.0,-61.521801
46000.0,-61.521595
46002.0,-61.521389
46004.0,-61.521183
46006.0,-61.520977
46008.0,-61.520771
46010.0,-61.520565
46012.0,-61.520359
46014.0,-61.520153
46016.0,-61.519947
46018.0,-61.519741
46020.0,-61.519531
46022.0,-61.519325
46024.0,-61.519119
46026.0,-61.518913
46028.0,-61.518707
46030.0,-61.518501
46032.0,-61.518295
46034.0,-61.518089
46036.0,-61.517883
46038.0,-61.517677
46040.0,-61.517471
46042.0,-61.517265
46044.0,-61.517059
46046.0,-61.516853
46048.0,-61.516647
46050.0,-61.516441
46052.0,-61.516235
46054.0,-61.516026
46056.0,-61.51582
46058.0,-61.515614
46060.0,-61.515408
46062.0,-61.515202
46064.0,-61.514996
46066.0,-61.51479
46068.0,-61.514584
46070.0,-61.514378
46072.0,-61.514172
46074.0,-61.513966
46076.0,-61.51376
46078.0,-61.513554
46080.0,-61.513348
46082.0,-61.513142
46084.0,-61.512936
46086.0,-61.51273
46088.0,-61.51252
46090.0,-61.512314
46092.0,-61.512108
46094.0,-61.511902
46096.0,-61.511696
46098.0,-61.51149
46100.0,-61.511284
46102.0,-61.511078
46104.0,-61.510872
46106.0,-61.510666
46108.0,-61.51046
46110.0,-61.510254
46112.0,-61.510048
46114.0,-61.509842
46116.0,-61.509636
46118.0,-61.50943
46120.0,-61.509224
46122.0,-61.509014
46124.0,-61.508808
46126.0,-61.508602
46128.0,-61.508396
46130.0,-61.50819
46132.0,-61.507984
46134.0,-61.507778
46136.0,-61.507572
46138.0,-61.507366
46140.0,-61.50716
46142.0,-61.506954
46144.0,-61.506748
46146.0,-61.506542
46148.0,-61.506336
46150.0,-61.50613
46152.0,-61.505924
46154.0,-61.505718
46156.0,-61.505508
46158.0,-61.505302
46160.0,-61.505096
46162.0,-61.50489
46164.0,-61.504684
46166.0,-61.504478
46168.0,-61.504272
46170.0,-61.504066
46172.0,-61.50386
46174.0,-61.503654
46176.0,-61.503448
46178.0,-61.503242
46180.0,-61.503036
46182.0,-61.502831
46184.0,-61.502625
46186.0,-61.502419
46188.0,-61.502213
46190.0,-61.502007
46192.0,-61.501797
46194.0,-61.501591
46196.0,-61.501385
46198.0,-61.501179
46200.0,-61.500973
46202.0,-61.500767
46204.0,-61.500561
46206.0,-61.500355
46208.0,-61.500149
46210.0,-61.499943
46212.0,-61.499737
46214.0,-61.499531
46216.0,-61.499325
46218.0,-61.499119
46220.0,-61.498913
46222.0,-61.498707
46224.0,-61.498501
46226.0,-61.498291
46228.0,-61.498085
46230.0,-61.497879
46232.0,-61.497673
46234.0,-61.497467
46236.0,-61.497261
46238.0,-61.497055
46240.0,-61.496849
46242.0,-61.496643
46244.0,-61.496437
46246.0,-61.496231
46248.0,-61.496025
46250.0,-61.495819
46252.0,-61.495613
46254.0,-61.495407
46256.0,-61.495201
46258.0,-61.494995
46260.0,-61.494785
46262.0,-61.494579
46264.0,-61.494373
46266.0,-61.494167
46268.0,-61.493961
46270.0,-61.493755
46272.0,-61.493549
46274.0,-61.493343
46276.0,-61.493137
46278.0,-61.492931
46280.0,-61.492725
46282.0,-61.492519
46284.0,-61.492313
46286.0,-61.492107
46288.0,-61.491901
46290.0,-61.491695
46292.0,-61.491489
46294.0,-61.49128
46296.0,-61.491074
46298.0,-61.490868
46300.0,-61.490662
46302.0,-61.490456
46304.0,-61.49025
46306.0,-61.490044
46308.0,-61.489838
46310.0,-61.489632
46312.0,-61.489426
46314.0,-61.48922
46316.0,-61.489014
46318.0,-61.488808
46320.0,-61.488602
46322.0,-61.488396
46324.0,-61.48819
46326.0,-61.487984
46328.0,-61.487774
46330.0,-61.487568
46332.0,-61.487362
46334.0,-61.487156
46336.0,-61.48695
46338.0,-61.486744
46340.0,-61.486538
46342.0,-61.486332
46344.0,-61.486126
46346.0,-61.48592
46348.0,-61.485714
46350.0,-61.485508
46352.0,-61.485302
46354.0,-61.485096
46356.0,-61.48489
46358.0,-61.484684
46360.0,-61.484478
46362.0,-61.484268
46364.0,-61.484062
46366.0,-61.483856
46368.0,-61.48365
46370.0,-61.483444
46372.0,-61.483238
46374.0,-61.483032
46376.0,-61.482826
46378.0,-61.48262
46380.0,-61.482414
46382.0,-61.482208
46384.0,-61.482002
46386.0,-61.481796
46388.0,-61.48159
46390.0,-61.481384
46392.0,-61.481178
46394.0,-61.480972
46396.0,-61.480762
46398.0,-61.480556
46400.0,-61.48035
46402.0,-61.480145
46404.0,-61.479939
46406.0,-61.479733
46408.0,-61.479527
46410.0,-61.479321
46412.0,-61.479115
46414.0,-61.478909
46416.0,-61.478703
46418.0,-61.478497
46420.0,-61.478291
46422.0,-61.478085
46424.0,-61.477879
46426.0,-61.477673
46428.0,-61.477467
46430.0,-61.477257
46432.0,-61.477051
46434.0,-61.476845
46436.0,-61.476639
46438.0,-61.476433
46440.0,-61.476227
46442.0,-61.476021
46444.0,-61.475815
46446.0,-61.475609
46448.0,-61.475403
46450.0,-61.475197
46452.0,-61.474991
46454.0,-61.474785
46456.0,-61.474579
46458.0,-61.474373
46460.0,-61.474167
46462.0,-61.473961
46464.0,-61.473755
46466.0,-61.473545
46468.0,-61.473339
46470.0,-61.473133
46472.0,-61.472927
46474.0,-61.472721
46476.0,-61.472515
46478.0,-61.472309
46480.0,-61.472103
46482.0,-61.471897
46484.0,-61.471691
46486.0,-61.471485
46488.0,-61.471279
46490.0,-61.471073
46492.0,-61.470867
46494.0,-61.470661
46496.0,-61.470455
46498.0,-61.470249
46500.0,-61.470039
46502.0,-61.469833
46504.0,-61.469627
46506.0,-61.469421
46508.0,-61.469215
46510.0,-61.469009
46512.0,-61.468803
46514.0,-61.468597
46516.0,-61.468391
46518.0,-61.468185
46520.0,-61.467979
46522.0,-61.467773
46524.0,-61.467567
46526.0,-61.467361
46528.0,-61.467155
46530.0,-61.466949
46532.0,-61.466743
46534.0,-61.466534
46536.0,-61.466328
46538.0,-61.466122
46540.0,-61.465916
46542.0,-61.46571
46544.0,-61.465504
46546.0,-61.465298
46548.0,-61.465092
46550.0,-61.464886
46552.0,-61.46468
46554.0,-61.464474
46556.0,-61.464268
46558.0,-61.464062
46560.0,-61.463856
46562.0,-61.46365
46564.0,-61.463444
46566.0,-61.463238
46568.0,-61.463028
46570.0,-61.462822
46572.0,-61.462616
46574.0,-61.46241
46576.0,-61.462204
46578.0,-61.461998
46580.0,-61.461792
46582.0,-61.461586
46584.0,-61.46138
46586.0,-61.461174
46588.0,-61.460968
46590.0,-61.460762
46592.0,-61.460556
46594.0,-61.46035
46596.0,-61.460144
46598.0,-61.459938
46600.0,-61.459732
46602.0,-61.459522
46604.0,-61.459316
46606.0,-61.45911
46608.0,-61.458904
46610.0,-61.458698
46612.0,-61.458492
46614.0,-61.458286
46616.0,-61.45808
46618.0,-61.457874
46620.0,-61.457668
46622.0,-61.457462
46624.0,-61.457256
46626.0,-61.45705
46628.0,-61.456844
46630.0,-61.456638
46632.0,-61.456432
46634.0,-61.456226
46636.0,-61.456017
46638.0,-61.455811
46640.0,-61.455605
46642.0,-61.455399
46644.0,-61.455193
46646.0,-61.454987
46648.0,-61.454781
46650.0,-61.454575
46652.0,-61.454369
46654.0,-61.454163
46656.0,-61.453957
46658.0,-61.453751
46660.0,-61.453545
46662.0,-61.453339
46664.0,-61.453133
46666.0,-61.452927
46668.0,-61.452721
46670.0,-61.452511
46672.0,-61.452305
46674.0,-61.452099
46676.0,-61.451893
46678.0,-61.451687
46680.0,-61.451481
46682.0,-61.451275
46684.0,-61.451069
46686.0,-61.450863
46688.0,-61.450657
46690.0,-61.450451
46692.0,-61.450245
46694.0,-61.450039
46696.0,-61.449833
46698.0,-61.449627
46700.0,-61.449421
46702.0,-61.449215
46704.0,-61.449005
46706.0,-61.448799
46708.0,-61.448593
46710.0,-61.448387
46712.0,-61.448181
46714.0,-61.447975
46716.0,-61.447769
46718.0,-61.447563
46720.0,-61.447357
46722.0,-61.447151
46724.0,-61.446945
46726.0,-61.446739
46728.0,-61.446533
46730.0,-61.446327
46732.0,-61.446121
46734.0,-61.445915
46736.0,-61.445709
46738.0,-61.445503
46740.0,-61.445293
46742.0,-61.445087
46744.0,-61.444881
46746.0,-61.444675
46748.0,-61.444469
46750.0,-61.444263
46752.0,-61.444057
46754.0,-61.443851
46756.0,-61.443645
46758.0,-61.443439
46760.0,-61.443233
46762.0,-61.443027
46764.0,-61.442822
46766.0,-61.442616
46768.0,-61.44241
46770.0,-61.442204
46772.0,-61.441998
46774.0,-61.441788
46776.0,-61.441582
46778.0,-61.441376
46780.0,-61.44117
46782.0,-61.440964
46784.0,-61.440758
46786.0,-61.440552
46788.0,-61.440346
46790.0,-61.44014
46792.0,-61.439934
46794.0,-61.439728
46796.0,-61.439522
46798.0,-61.439316
46800.0,-61.43911
46802.0,-61.438904
46804.0,-61.438698
46806.0,-61.438492
46808.0,-61.438282
46810.0,-61.438076
46812.0,-61.43787
46814.0,-61.437664
46816.0,-61.437458
46818.0,-61.437252
46820.0,-61.437046
46822.0,-61.43684
46824.0,-61.436634
46826.0,-61.436428
46828.0,-61.436222
46830.0,-61.436016
46832.0,-61.43581
46834.0,-61.435604
46836.0,-61.435398
46838.0,-61.435192
46840.0,-61.434986
46842.0,-61.434776
46844.0,-61.43457
46846.0,-61.434364
46848.0,-61.434158
46850.0,-61.433952
46852.0,-61.433746
46854.0,-61.43354
46856.0,-61.433334
46858.0,-61.433128
46860.0,-61.432922
46862.0,-61.432716
46864.0,-61.43251
46866.0,-61.432304
46868.0,-61.432098
46870.0,-61.431892
46872.0,-61.431686
46874.0,-61.43148
46876.0,-61.431271
46878.0,-61.431065
46880.0,-61.430859
46882.0,-61.430653
46884.0,-61.430447
46886.0,-61.430241
46888.0,-61.430035
46890.0,-61.429829
46892.0,-61.429623
46894.0,-61.429417
46896.0,-61.429211
46898.0,-61.429005
46900.0,-61.428799
46902.0,-61.428593
46904.0,-61.428387
46906.0,-61.428181
46908.0,-61.427975
46910.0,-61.427765
46912.0,-61.427559
46914.0,-61.427353
46916.0,-61.427147
46918.0,-61.426941
46920.0,-61.426735
46922.0,-61.426529
46924.0,-61.426323
46926.0,-61.426117
46928.0,-61.425911
46930.0,-61.425705
46932.0,-61.425499
46934.0,-61.425293
46936.0,-61.425087
46938.0,-61.424881
46940.0,-61.424675
46942.0,-61.424469
46944.0,-61.424259
46946.0,-61.424053
46948.0,-61.423847
46950.0,-61.423641
46952.0,-61.423435
46954.0,-61.423229
46956.0,-61.423023
46958.0,-61.422817
46960.0,-61.422611
46962.0,-61.422405
46964.0,-61.422199
46966.0,-61.421993
46968.0,-61.421787
46970.0,-61.421581
46972.0,-61.421375
46974.0,-61.421169
46976.0,-61.420963
46978.0,-61.420753
46980.0,-61.420547
46982.0,-61.420341
46984.0,-61.420135
46986.0,-61.41993
46988.0,-61.419724
46990.0,-61.419518
46992.0,-61.419312
46994.0,-61.419106
46996.0,-61.4189
46998.0,-61.418694
47000.0,-61.418488
47002.0,-61.418282
47004.0,-61.418076
47006.0,-61.41787
47008.0,-61.417664
47010.0,-61.417458
47012.0,-61.417248
47014.0,-61.417042
47016.0,-61.416836
47018.0,-61.41663
47020.0,-61.416424
47022.0,-61.416218
47024.0,-61.416012
47026.0,-61.415806
47028.0,-61.4156
47030.0,-61.415394
47032.0,-61.415188
47034.0,-61.414982
47036.0,-61.414776
47038.0,-61.41457
47040.0,-61.414364
47042.0,-61.414158
47044.0,-61.413952
47046.0,-61.413746
47048.0,-61.413536
47050.0,-61.41333
47052.0,-61.413124
47054.0,-61.412918
47056.0,-61.412712
47058.0,-61.412506
47060.0,-61.4123
47062.0,-61.412094
47064.0,-61.411888
47066.0,-61.411682
47068.0,-61.411476
47070.0,-61.41127
47072.0,-61.411064
47074.0,-61.410858
47076.0,-61.410652
47078.0,-61.410446
47080.0,-61.41024
47082.0,-61.41003
47084.0,-61.409824
47086.0,-61.409618
47088.0,-61.409412
47090.0,-61.409206
47092.0,-61.409
47094.0,-61.408794
47096.0,-61.408588
47098.0,-61.408382
47100.0,-61.408176
47102.0,-61.40797
47104.0,-61.407764
47106.0,-61.407558
47108.0,-61.407352
47110.0,-61.407146
47112.0,-61.40694
47114.0,-61.406734
47116.0,-61.406525
47118.0,-61.406319
47120.0,-61.406113
47122.0,-61.405907
47124.0,-61.405701
47126.0,-61.405495
47128.0,-61.405289
47130.0,-61.405083
47132.0,-61.404877
47134.0,-61.404671
47136.0,-61.404465
47138.0,-61.404259
47140.0,-61.404053
47142.0,-61.403847
47144.0,-61.403641
47146.0,-61.403435
47148.0,-61.403229
47150.0,-61.403019
47152.0,-61.402813
47154.0,-61.402607
47156.0,-61.402401
47158.0,-61.402195
47160.0,-61.401989
47162.0,-61.401783
47164.0,-61.401577
47166.0,-61.401371
47168.0,-61.401165
47170.0,-61.400959
47172.0,-61.400753
47174.0,-61.400547
47176.0,-61.400341
47178.0,-61.400135
47180.0,-61.399929
47182.0,-61.399723
47184.0,-61.399513
47186.0,-61.399307
47188.0,-61.399101
47190.0,-61.398895
47192.0,-61.398689
47194.0,-61.398483
47196.0,-61.398277
47198.0,-61.398071
47200.0,-61.397865
47202.0,-61.397659
47204.0,-61.397453
47206.0,-61.397247
47208.0,-61.397041
47210.0,-61.396835
47212.0,-61.396629
47214.0,-61.396423
47216.0,-61.396217
47218.0,-61.396008
47220.0,-61.395802
47222.0,-61.395596
47224.0,-61.39539
47226.0,-61.395184
47228.0,-61.394978
47230.0,-61.394772
47232.0,-61.394566
47234.0,-61.39436
47236.0,-61.394154
47238.0,-61.393948
47240.0,-61.393742
47242.0,-61.393536
47244.0,-61.39333
47246.0,-61.393124
47248.0,-61.392918
47250.0,-61.392712
47252.0,-61.392502
47254.0,-61.392296
47256.0,-61.39209
47258.0,-61.391884
47260.0,-61.391678
47262.0,-61.391472
47264.0,-61.391266
47266.0,-61.39106
47268.0,-61.390854
47270.0,-61.390648
47272.0,-61.390442
47274.0,-61.390236
47276.0,-61.39003
47278.0,-61.389824
47280.0,-61.389618
47282.0,-61.389412
47284.0,-61.389206
47286.0,-61.388996
47288.0,-61.38879
47290.0,-61.388584
47292.0,-61.388378
47294.0,-61.388172
47296.0,-61.387966
47298.0,-61.38776
47300.0,-61.387554
47302.0,-61.387348
47304.0,-61.387142
47306.0,-61.386936
47308.0,-61.38673
47310.0,-61.386524
47312.0,-61.386318
47314.0,-61.386112
47316.0,-61.385906
47318.0,-61.3857
47320.0,-61.385494
47322.0,-61.385284
47324.0,-61.385078
47326.0,-61.384872
47328.0,-61.384666
47330.0,-61.38446
47332.0,-61.384254
47334.0,-61.384048
47336.0,-61.383842
47338.0,-61.383636
47340.0,-61.38343
47342.0,-61.383224
47344.0,-61.383018
47346.0,-61.382812
47348.0,-61.382607
47350.0,-61.382401
47352.0,-61.382195
47354.0,-61.381989
47356.0,-61.381779
47358.0,-61.381573
47360.0,-61.381367
47362.0,-61.381161
47364.0,-61.380955
47366.0,-61.380749
47368.0,-61.380543
47370.0,-61.380337
47372.0,-61.380131
47374.0,-61.379925
47376.0,-61.379719
47378.0,-61.379513
47380.0,-61.379307
47382.0,-61.379101
47384.0,-61.378895
47386.0,-61.378689
47388.0,-61.378483
47390.0,-61.378273
47392.0,-61.378067
47394.0,-61.377861
47396.0,-61.377655
47398.0,-61.377449
47400.0,-61.377243
47402.0,-61.377037
47404.0,-61.376831
47406.0,-61.376625
47408.0,-61.376419
47410.0,-61.376213
47412.0,-61.376007
47414.0,-61.375801
47416.0,-61.375595
47418.0,-61.375389
47420.0,-61.375183
47422.0,-61.374977
47424.0,-61.374767
47426.0,-61.374561
47428.0,-61.374355
47430.0,-61.374149
47432.0,-61.373943
47434.0,-61.373737
47436.0,-61.373531
47438.0,-61.373325
47440.0,-61.373119
47442.0,-61.372913
47444.0,-61.372707
47446.0,-61.372501
47448.0,-61.372295
47450.0,-61.372089
47452.0,-61.371883
47454.0,-61.371677
47456.0,-61.371471
47458.0,-61.371262
47460.0,-61.371056
47462.0,-61.37085
47464.0,-61.370644
47466.0,-61.370438
47468.0,-61.370232
47470.0,-61.370026
47472.0,-61.36982
47474.0,-61.369614
47476.0,-61.369408
47478.0,-61.369202
47480.0,-61.368996
47482.0,-61.36879
47484.0,-61.368584
47486.0,-61.368378
47488.0,-61.368172
47490.0,-61.367966
47492.0,-61.367756
47494.0,-61.36755
47496.0,-61.367344
47498.0,-61.367138
47500.0,-61.366932
47502.0,-61.366726
47504.0,-61.36652
47506.0,-61.366314
47508.0,-61.366108
47510.0,-61.365902
47512.0,-61.365696
47514.0,-61.36549
47516.0,-61.365284
47518.0,-61.365078
47520.0,-61.364872
47522.0,-61.364666
47524.0,-61.36446
47526.0,-61.36425
47528.0,-61.364044
47530.0,-61.363838
47532.0,-61.363632
47534.0,-61.363426
47536.0,-61.36322
47538.0,-61.363014
47540.0,-61.362808
47542.0,-61.362602
47544.0,-61.362396
47546.0,-61.36219
47548.0,-61.361984
47550.0,-61.361778
47552.0,-61.361572
47554.0,-61.361366
47556.0,-61.36116
47558.0,-61.360954
47560.0,-61.360744
47562.0,-61.360538
47564.0,-61.360332
47566.0,-61.360126
47568.0,-61.359921
47570.0,-61.359715
47572.0,-61.359509
47574.0,-61.359303
47576.0,-61.359097
47578.0,-61.358891
47580.0,-61.358685
47582.0,-61.358479
47584.0,-61.358273
47586.0,-61.358067
47588.0,-61.357861
47590.0,-61.357655
47592.0,-61.357449
47594.0,-61.357243
47596.0,-61.357033
47598.0,-61.356827
47600.0,-61.356621
47602.0,-61.356415
47604.0,-61.356209
47606.0,-61.356003
47608.0,-61.355797
47610.0,-61.355591
47612.0,-61.355385
47614.0,-61.355179
47616.0,-61.354973
47618.0,-61.354767
47620.0,-61.354561
47622.0,-61.354355
47624.0,-61.354149
47626.0,-61.353943
47628.0,-61.353737
47630.0,-61.353527
47632.0,-61.353321
47634.0,-61.353115
47636.0,-61.352909
47638.0,-61.352703
47640.0,-61.352497
47642.0,-61.352291
47644.0,-61.352085
47646.0,-61.351879
47648.0,-61.351673
47650.0,-61.351467
47652.0,-61.351261
47654.0,-61.351055
47656.0,-61.350849
47658.0,-61.350643
47660.0,-61.350437
47662.0,-61.350231
47664.0,-61.350021
47666.0,-61.349815
47668.0,-61.349609
47670.0,-61.349403
47672.0,-61.349197
47674.0,-61.348991
47676.0,-61.348785
47678.0,-61.348579
47680.0,-61.348373
47682.0,-61.348167
47684.0,-61.347961
47686.0,-61.347755
47688.0,-61.347549
47690.0,-61.347343
47692.0,-61.347137
47694.0,-61.346931
47696.0,-61.346725
47698.0,-61.346516
47700.0,-61.34631
47702.0,-61.346104
47704.0,-61.345898
47706.0,-61.345692
47708.0,-61.345486
47710.0,-61.34528
47712.0,-61.345074
47714.0,-61.344868
47716.0,-61.344662
47718.0,-61.344456
47720.0,-61.34425
47722.0,-61.344044
47724.0,-61.343838
47726.0,-61.34362
47728.0,-61.343369
47730.0,-61.343121
47732.0,-61.342869
47734.0,-61.342621
47736.0,-61.342369
47738.0,-61.342121
47740.0,-61.341873
47742.0,-61.341621
47744.0,-61.341373
47746.0,-61.341122
47748.0,-61.340874
47750.0,-61.340622
47752.0,-61.340374
47754.0,-61.340126
47756.0,-61.339874
47758.0,-61.339626
47760.0,-61.339375
47762.0,-61.339127
47764.0,-61.338875
47766.0,-61.338627
47768.0,-61.338375
47770.0,-61.338127
47772.0,-61.337879
47774.0,-61.337627
47776.0,-61.337379
47778.0,-61.337128
47780.0,-61.33688
47782.0,-61.336628
47784.0,-61.33638
47786.0,-61.336128
47788.0,-61.33588
47790.0,-61.335632
47792.0,-61.335381
47794.0,-61.335133
47796.0,-61.334881
47798.0,-61.334633
47800.0,-61.334381
47802.0,-61.334133
47804.0,-61.333881
47806.0,-61.333633
47808.0,-61.333385
47810.0,-61.333134
47812.0,-61.332886
47814.0,-61.332634
47816.0,-61.332386
47818.0,-61.332134
47820.0,-61.331886
47822.0,-61.331638
47824.0,-61.331387
47826.0,-61.331139
47828.0,-61.330887
47830.0,-61.330639
47832.0,-61.330387
47834.0,-61.330139
47836.0,-61.329887
47838.0,-61.329639
47840.0,-61.329391
47842.0,-61.32914
47844.0,-61.328892
47846.0,-61.32864
47848.0,-61.328392
47850.0,-61.32814
47852.0,-61.327892
47854.0,-61.327641
47856.0,-61.327393
47858.0,-61.327145
47860.0,-61.326893
47862.0,-61.326645
47864.0,-61.326393
47866.0,-61.326145
47868.0,-61.325893
47870.0,-61.325645
47872.0,-61.325397
47874.0,-61.325146
47876.0,-61.324898
47878.0,-61.324646
47880.0,-61.324398
47882.0,-61.324146
47884.0,-61.323898
47886.0,-61.323647
47888.0,-61.323399
47890.0,-61.323151
47892.0,-61.322899
47894.0,-61.322651
47896.0,-61.322399
47898.0,-61.322151
47900.0,-61.321899
47902.0,-61.321651
47904.0,-61.3214
47906.0,-61.321152
47908.0,-61.320904
47910.0,-61.320652
47912.0,-61.320404
47914.0,-61.320152
47916.0,-61.319904
47918.0,-61.319653
47920.0,-61.319405
47922.0,-61.319153
47924.0,-61.318905
47926.0,-61.318657
47928.0,-61.318405
47930.0,-61.318157
47932.0,-61.317905
47934.0,-61.317657
47936.0,-61.317406
47938.0,-61.317158
47940.0,-61.31691
47942.0,-61.316658
47944.0,-61.31641
47946.0,-61.316158
47948.0,-61.31591
47950.0,-61.315659
47952.0,-61.315411
47954.0,-61.315159
47956.0,-61.314911
47958.0,-61.314663
47960.0,-61.314411
47962.0,-61.314163
47964.0,-61.313911
47966.0,-61.313663
47968.0,-61.313412
47970.0,-61.313164
47972.0,-61.312912
47974.0,-61.312664
47976.0,-61.312416
47978.0,-61.312164
47980.0,-61.311916
47982.0,-61.311665
47984.0,-61.311417
47986.0,-61.311165
47988.0,-61.310917
47990.0,-61.310665
47992.0,-61.310417
47994.0,-61.310169
47996.0,-61.309917
47998.0,-61.309669
48000.0,-61.309418
48002.0,-61.30917
48004.0,-61.308918
48006.0,-61.30867
48008.0,-61.308422
48010.0,-61.30817
48012.0,-61.307922
48014.0,-61.307671
48016.0,-61.307423
48018.0,-61.307171
48020.0,-61.306923
48022.0,-61.306671
48024.0,-61.306423
48026.0,-61.306175
48028.0,-61.305923
48030.0,-61.305676
48032.0,-61.305424
48034.0,-61.305176
48036.0,-61.304924
48038.0,-61.304676
48040.0,-61.304424
48042.0,-61.304176
48044.0,-61.303928
48046.0,-61.303677
48048.0,-61.303429
48050.0,-61.303177
48052.0,-61.302929
48054.0,-61.302677
48056.0,-61.302429
48058.0,-61.302177
48060.0,-61.301929
48062.0,-61.301682
48064.0,-61.30143
48066.0,-61.301182
48068.0,-61.30093
48070.0,-61.300682
48072.0,-61.30043
48074.0,-61.300182
48076.0,-61.299934
48078.0,-61.299683
48080.0,-61.299435
48082.0,-61.299183
48084.0,-61.298935
48086.0,-61.298683
48088.0,-61.298435
48090.0,-61.298183
48092.0,-61.297935
48094.0,-61.297688
48096.0,-61.297436
48098.0,-61.297188
48100.0,-61.296936
48102.0,-61.296688
48104.0,-61.296436
48106.0,-61.296188
48108.0,-61.295937
48110.0,-61.295689
48112.0,-61.295441
48114.0,-61.295189
48116.0,-61.294941
48118.0,-61.294689
48120.0,-61.294441
48122.0,-61.294189
48124.0,-61.293941
48126.0,-61.293694
48128.0,-61.293442
48130.0,-61.293194
48132.0,-61.292942
48134.0,-61.292694
48136.0,-61.292442
48138.0,-61.292194
48140.0,-61.291943
48142.0,-61.291695
48144.0,-61.291447
48146.0,-61.291195
48148.0,-61.290947
48150.0,-61.290695
48152.0,-61.290447
48154.0,-61.290195
48156.0,-61.289948
48158.0,-61.289696
48160.0,-61.289448
48162.0,-61.2892
48164.0,-61.288948
48166.0,-61.2887
48168.0,-61.288448
48170.0,-61.2882
48172.0,-61.287949
48174.0,-61.287701
48176.0,-61.287449
48178.0,-61.287201
48180.0,-61.286953
48182.0,-61.286701
48184.0,-61.286453
48186.0,-61.286201
48188.0,-61.285954
48190.0,-61.285702
48192.0,-61.285454
48194.0,-61.285206
48196.0,-61.284954
48198.0,-61.284706
48200.0,-61.284454
48202.0,-61.284206
48204.0,-61.283955
48206.0,-61.283707
48208.0,-61.283455
48210.0,-61.283207
48212.0,-61.282959
48214.0,-61.282707
48216.0,-61.282459
48218.0,-61.282207
48220.0,-61.28196
48222.0,-61.281708
48224.0,-61.28146
48226.0,-61.281208
48228.0,-61.28096
48230.0,-61.280712
48232.0,-61.28046
48234.0,-61.280212
48236.0,-61.279961
48238.0,-61.279713
48240.0,-61.279461
48242.0,-61.279213
48244.0,-61.278961
48246.0,-61.278713
48248.0,-61.278465
48250.0,-61.278214
48252.0,-61.277966
48254.0,-61.277714
48256.0,-61.277466
48258.0,-61.277214
48260.0,-61.276966
48262.0,-61.276718
48264.0,-61.276466
48266.0,-61.276218
48268.0,-61.275967
48270.0,-61.275719
48272.0,-61.275467
48274.0,-61.275219
48276.0,-61.274967
48278.0,-61.274719
48280.0,-61.274471
48282.0,-61.27422
48284.0,-61.273972
48286.0,-61.27372
48288.0,-61.273472
48290.0,-61.27322
48292.0,-61.272972
48294.0,-61.27272
48296.0,-61.272472
48298.0,-61.272224
48300.0,-61.271973
48302.0,-61.271725
48304.0,-61.271473
48306.0,-61.271225
48308.0,-61.270973
48310.0,-61.270725
48312.0,-61.270473
48314.0,-61.270226
48316.0,-61.269978
48318.0,-61.269726
48320.0,-61.269478
48322.0,-61.269226
48324.0,-61.268978
48326.0,-61.268726
48328.0,-61.268478
48330.0,-61.26823
48332.0,-61.267979
48334.0,-61.267731
48336.0,-61.267479
48338.0,-61.267231
48340.0,-61.266979
48342.0,-61.266731
48344.0,-61.266479
48346.0,-61.266232
48348.0,-61.265984
48350.0,-61.265732
48352.0,-61.265484
48354.0,-61.265232
48356.0,-61.264984
48358.0,-61.264732
48360.0,-61.264484
48362.0,-61.264233
48364.0,-61.263985
48366.0,-61.263737
48368.0,-61.263485
48370.0,-61.263237
48372.0,-61.262985
48374.0,-61.262737
48376.0,-61.262486
48378.0,-61.262238
48380.0,-61.26199
48382.0,-61.261738
48384.0,-61.26149
48386.0,-61.261238
48388.0,-61.26099
48390.0,-61.260738
48392.0,-61.26049
48394.0,-61.260239
48396.0,-61.259991
48398.0,-61.259743
48400.0,-61.259491
48402.0,-61.259243
48404.0,-61.258991
48406.0,-61.258743
48408.0,-61.258492
48410.0,-61.258244
48412.0,-61.257992
48414.0,-61.257744
48416.0,-61.257496
48418.0,-61.257244
48420.0,-61.256996
48422.0,-61.256744
48424.0,-61.256496
48426.0,-61.256245
48428.0,-61.255997
48430.0,-61.255745
48432.0,-61.255497
48434.0,-61.255249
48436.0,-61.254997
48438.0,-61.254749
48440.0,-61.254498
48442.0,-61.25425
48444.0,-61.253998
48446.0,-61.25375
48448.0,-61.253502
48450.0,-61.25325
48452.0,-61.253002
48454.0,-61.25275
48456.0,-61.252502
48458.0,-61.252251
48460.0,-61.252003
48462.0,-61.251751
48464.0,-61.251503
48466.0,-61.251255
48468.0,-61.251003
48470.0,-61.250755
48472.0,-61.250504
48474.0,-61.250256
48476.0,-61.250004
48478.0,-61.249756
48480.0,-61.249504
48482.0,-61.249256
48484.0,-61.249008
48486.0,-61.248756
48488.0,-61.248508
48490.0,-61.248257
48492.0,-61.248009
48494.0,-61.247757
48496.0,-61.247509
48498.0,-61.247257
48500.0,-61.247009
48502.0,-61.246761
48504.0,-61.24651
48506.0,-61.246262
48508.0,-61.24601
48510.0,-61.245762
48512.0,-61.24551
48514.0,-61.245262
48516.0,-61.245014
48518.0,-61.244762
48520.0,-61.244514
48522.0,-61.244263
48524.0,-61.244015
48526.0,-61.243763
48528.0,-61.243515
48530.0,-61.243263
48532.0,-61.243015
48534.0,-61.242767
48536.0,-61.242516
48538.0,-61.242268
48540.0,-61.242016
48542.0,-61.241768
48544.0,-61.241516
48546.0,-61.241268
48548.0,-61.241016
48550.0,-61.240768
48552.0,-61.24052
48554.0,-61.240269
48556.0,-61.240021
48558.0,-61.239769
48560.0,-61.239521
48562.0,-61.239269
48564.0,-61.239021
48566.0,-61.23877
48568.0,-61.238522
48570.0,-61.238274
48572.0,-61.238022
48574.0,-61.237774
48576.0,-61.237522
48578.0,-61.237274
48580.0,-61.237022
48582.0,-61.236774
48584.0,-61.236526
48586.0,-61.236275
48588.0,-61.236027
48590.0,-61.235775
48592.0,-61.235527
48594.0,-61.235275
48596.0,-61.235027
48598.0,-61.234776
48600.0,-61.234528
48602.0,-61.23428
48604.0,-61.234028
48606.0,-61.23378
48608.0,-61.233528
48610.0,-61.23328
48612.0,-61.233028
48614.0,-61.23278
48616.0,-61.232529
48618.0,-61.232281
48620.0,-61.232033
48622.0,-61.231781
48624.0,-61.231533
48626.0,-61.231281
48628.0,-61.231033
48630.0,-61.230782
48632.0,-61.230534
48634.0,-61.230286
48636.0,-61.230034
48638.0,-61.229786
48640.0,-61.229534
48642.0,-61.229286
48644.0,-61.229034
48646.0,-61.228786
48648.0,-61.228535
48650.0,-61.228287
48652.0,-61.228039
48654.0,-61.227787
48656.0,-61.227539
48658.0,-61.227287
48660.0,-61.227039
48662.0,-61.226788
48664.0,-61.22654
48666.0,-61.226288
48668.0,-61.22604
48670.0,-61.225792
48672.0,-61.22554
48674.0,-61.225292
48676.0,-61.22504
48678.0,-61.224792
48680.0,-61.224541
48682.0,-61.224293
48684.0,-61.224041
48686.0,-61.223793
48688.0,-61.223545
48690.0,-61.223293
48692.0,-61.223045
48694.0,-61.222794
48696.0,-61.222546
48698.0,-61.222294
48700.0,-61.222046
48702.0,-61.221798
48704.0,-61.221546
48706.0,-61.221298
48708.0,-61.221046
48710.0,-61.220798
48712.0,-61.220547
48714.0,-61.220299
48716.0,-61.220047
48718.0,-61.219799
48720.0,-61.219551
48722.0,-61.219299
48724.0,-61.219051
48726.0,-61.2188
48728.0,-61.218552
48730.0,-61.2183
48732.0,-61.218052
48734.0,-61.2178
48736.0,-61.217552
48738.0,-61.217304
48740.0,-61.217052
48742.0,-61.216805
48744.0,-61.216553
48746.0,-61.216305
48748.0,-61.216053
48750.0,-61.215805
48752.0,-61.215553
48754.0,-61.215305
48756.0,-61.215057
48758.0,-61.214806
48760.0,-61.214558
48762.0,-61.214306
48764.0,-61.214058
48766.0,-61.213806
48768.0,-61.213558
48770.0,-61.21331
48772.0,-61.213058
48774.0,-61.212811
48776.0,-61.212559
48778.0,-61.212311
48780.0,-61.212059
48782.0,-61.211811
48784.0,-61.211559
48786.0,-61.211311
48788.0,-61.211063
48790.0,-61.210812
48792.0,-61.210564
48794.0,-61.210312
48796.0,-61.210064
48798.0,-61.209812
48800.0,-61.209564
48802.0,-61.209312
48804.0,-61.209064
48806.0,-61.208817
48808.0,-61.208565
48810.0,-61.208317
48812.0,-61.208065
48814.0,-61.207817
48816.0,-61.207565
48818.0,-61.207317
48820.0,-61.207066
48822.0,-61.206818
48824.0,-61.20657
48826.0,-61.206318
48828.0,-61.20607
48830.0,-61.205818
48832.0,-61.20557
48834.0,-61.205318
48836.0,-61.20507
48838.0,-61.204823
48840.0,-61.204571
48842.0,-61.204323
48844.0,-61.204071
48846.0,-61.203823
48848.0,-61.203571
48850.0,-61.203323
48852.0,-61.203072
48854.0,-61.202824
48856.0,-61.202576
48858.0,-61.202324
48860.0,-61.202076
48862.0,-61.201824
48864.0,-61.201576
48866.0,-61.201324
48868.0,-61.201077
48870.0,-61.200825
48872.0,-61.200577
48874.0,-61.200329
48876.0,-61.200077
48878.0,-61.199829
48880.0,-61.199577
48882.0,-61.199329
48884.0,-61.199078
48886.0,-61.19883
48888.0,-61.198582
48890.0,-61.19833
48892.0,-61.198082
48894.0,-61.19783
48896.0,-61.197582
48898.0,-61.19733
48900.0,-61.197083
48902.0,-61.196831
48904.0,-61.196583
48906.0,-61.196335
48908.0,-61.196083
48910.0,-61.195835
48912.0,-61.195583
48914.0,-61.195335
48916.0,-61.195084
48918.0,-61.194836
48920.0,-61.194584
48922.0,-61.194336
48924.0,-61.194088
48926.0,-61.193836
48928.0,-61.193588
48930.0,-61.193336
48932.0,-61.193089
48934.0,-61.192837
48936.0,-61.192589
48938.0,-61.192337
48940.0,-61.192089
48942.0,-61.191841
48944.0,-61.191589
48946.0,-61.191341
48948.0,-61.19109
48950.0,-61.190842
48952.0,-61.19059
48954.0,-61.190342
48956.0,-61.190094
48958.0,-61.189842
48960.0,-61.189594
48962.0,-61.189342
48964.0,-61.189095
48966.0,-61.188843
48968.0,-61.188595
48970.0,-61.188343
48972.0,-61.188095
48974.0,-61.187847
48976.0,-61.187595
48978.0,-61.187347
48980.0,-61.187096
48982.0,-61.186848
48984.0,-61.186596
48986.0,-61.186348
48988.0,-61.186096
48990.0,-61.185848
48992.0,-61.1856
48994.0,-61.185349
48996.0,-61.185101
48998.0,-61.184849
49000.0,-61.184601
49002.0,-61.184349
49004.0,-61.184101
49006.0,-61.183849
49008.0,-61.183601
49010.0,-61.183353
49012.0,-61.183102
49014.0,-61.182854
49016.0,-61.182602
49018.0,-61.182354
49020.0,-61.182102
49022.0,-61.181854
49024.0,-61.181606
49026.0,-61.181355
49028.0,-61.181107
49030.0,-61.180855
49032.0,-61.180607
49034.0,-61.180355
49036.0,-61.180107
49038.0,-61.179855
49040.0,-61.179607
49042.0,-61.179359
49044.0,-61.179108
49046.0,-61.17886
49048.0,-61.178608
49050.0,-61.17836
49052.0,-61.178108
49054.0,-61.17786
49056.0,-61.177608
49058.0,-61.177361
49060.0,-61.177113
49062.0,-61.176861
49064.0,-61.176613
49066.0,-61.176361
49068.0,-61.176113
49070.0,-61.175861
49072.0,-61.175613
49074.0,-61.175362
49076.0,-61.175114
49078.0,-61.174866
49080.0,-61.174614
49082.0,-61.174366
49084.0,-61.174114
49086.0,-61.173866
49088.0,-61.173615
49090.0,-61.173367
49092.0,-61.173119
49094.0,-61.172867
49096.0,-61.172619
49098.0,-61.172367
49100.0,-61.172119
49102.0,-61.171867
49104.0,-61.171619
49106.0,-61.171368
49108.0,-61.17112
49110.0,-61.170872
49112.0,-61.17062
49114.0,-61.170372
49116.0,-61.17012
49118.0,-61.169872
49120.0,-61.169621
49122.0,-61.169373
49124.0,-61.169121
49126.0,-61.168873
49128.0,-61.168625
49130.0,-61.168373
49132.0,-61.168125
49134.0,-61.167873
49136.0,-61.167625
49138.0,-61.167374
49140.0,-61.167126
49142.0,-61.166878
49144.0,-61.166626
49146.0,-61.166378
49148.0,-61.166126
49150.0,-61.165878
49152.0,-61.165627
49154.0,-61.165379
49156.0,-61.165127
49158.0,-61.164879
49160.0,-61.164631
49162.0,-61.164379
49164.0,-61.164131
49166.0,-61.163879
49168.0,-61.163631
49170.0,-61.16338
49172.0,-61.163132
49174.0,-61.16288
49176.0,-61.162632
49178.0,-61.162384
49180.0,-61.162132
49182.0,-61.161884
49184.0,-61.161633
49186.0,-61.161385
49188.0,-61.161133
49190.0,-61.160885
49192.0,-61.160633
49194.0,-61.160385
49196.0,-61.160137
49198.0,-61.159885
49200.0,-61.159637
49202.0,-61.159386
49204.0,-61.159138
49206.0,-61.158886
49208.0,-61.158638
49210.0,-61.15839
49212.0,-61.158138
49214.0,-61.15789
49216.0,-61.157639
49218.0,-61.157391
49220.0,-61.157139
49222.0,-61.156891
49224.0,-61.156639
49226.0,-61.156391
49228.0,-61.156143
49230.0,-61.155891
49232.0,-61.155643
49234.0,-61.155392
49236.0,-61.155144
49238.0,-61.154892
49240.0,-61.154644
49242.0,-61.154392
49244.0,-61.154144
49246.0,-61.153896
49248.0,-61.153645
49250.0,-61.153397
49252.0,-61.153145
49254.0,-61.152897
49256.0,-61.152645
49258.0,-61.152397
49260.0,-61.152145
49262.0,-61.151897
49264.0,-61.151649
49266.0,-61.151398
49268.0,-61.15115
49270.0,-61.150898
49272.0,-61.15065
49274.0,-61.150398
49276.0,-61.15015
49278.0,-61.149902
49280.0,-61.149651
49282.0,-61.149403
49284.0,-61.149151
49286.0,-61.148903
49288.0,-61.148651
49290.0,-61.148403
49292.0,-61.148151
49294.0,-61.147903
49296.0,-61.147655
49298.0,-61.147404
49300.0,-61.147156
49302.0,-61.146904
49304.0,-61.146656
49306.0,-61.146404
49308.0,-61.146156
49310.0,-61.145905
49312.0,-61.145657
49314.0,-61.145409
49316.0,-61.145157
49318.0,-61.144909
49320.0,-61.144657
49322.0,-61.144409
49324.0,-61.144157
49326.0,-61.143909
49328.0,-61.143658
49330.0,-61.14341
49332.0,-61.143162
49334.0,-61.14291
49336.0,-61.142662
49338.0,-61.14241
49340.0,-61.142162
49342.0,-61.141911
49344.0,-61.141663
49346.0,-61.141415
49348.0,-61.141163
49350.0,-61.140915
49352.0,-61.140663
49354.0,-61.140415
49356.0,-61.140163
49358.0,-61.139915
49360.0,-61.139664
49362.0,-61.139416
49364.0,-61.139168
49366.0,-61.138916
49368.0,-61.138668
49370.0,-61.138416
49372.0,-61.138168
49374.0,-61.137917
49376.0,-61.137669
49378.0,-61.137417
49380.0,-61.137169
49382.0,-61.136921
49384.0,-61.136669
49386.0,-61.136421
49388.0,-61.136169
49390.0,-61.135921
49392.0,-61.13567
49394.0,-61.135422
49396.0,-61.135174
49398.0,-61.134922
49400.0,-61.134674
49402.0,-61.134422
49404.0,-61.134174
49406.0,-61.133923
49408.0,-61.133675
49410.0,-61.133423
49412.0,-61.133175
49414.0,-61.132927
49416.0,-61.132675
49418.0,-61.132427
49420.0,-61.132175
49422.0,-61.131927
49424.0,-61.131676
49426.0,-61.131428
49428.0,-61.131176
49430.0,-61.130928
49432.0,-61.13068
49434.0,-61.130428
49436.0,-61.13018
49438.0,-61.129929
49440.0,-61.129681
49442.0,-61.129429
49444.0,-61.129181
49446.0,-61.128929
49448.0,-61.128681
49450.0,-61.128433
49452.0,-61.128181
49454.0,-61.127934
49456.0,-61.127682
49458.0,-61.127434
49460.0,-61.127182
49462.0,-61.126934
49464.0,-61.126686
49466.0,-61.126434
49468.0,-61.126186
49470.0,-61.125935
49472.0,-61.125687
49474.0,-61.125435
49476.0,-61.125187
49478.0,-61.124935
49480.0,-61.124687
49482.0,-61.124439
49484.0,-61.124187
49486.0,-61.12394
49488.0,-61.123688
49490.0,-61.12344
49492.0,-61.123188
49494.0,-61.12294
49496.0,-61.122688
49498.0,-61.12244
49500.0,-61.122192
49502.0,-61.121941
49504.0,-61.121693
49506.0,-61.121441
49508.0,-61.121193
49510.0,-61.120941
49512.0,-61.120693
49514.0,-61.120441
49516.0,-61.120193
49518.0,-61.119946
49520.0,-61.119694
49522.0,-61.119446
49524.0,-61.119194
49526.0,-61.118946
49528.0,-61.118694
49530.0,-61.118446
49532.0,-61.118198
49534.0,-61.117947
49536.0,-61.117699
49538.0,-61.117447
49540.0,-61.117199
49542.0,-61.116947
49544.0,-61.116699
49546.0,-61.116447
49548.0,-61.116199
49550.0,-61.115952
49552.0,-61.1157
49554.0,-61.115452
49556.0,-61.1152
49558.0,-61.114952
49560.0,-61.1147
49562.0,-61.114452
49564.0,-61.114201
49566.0,-61.113953
49568.0,-61.113705
49570.0,-61.113453
49572.0,-61.113205
49574.0,-61.112953
49576.0,-61.112705
49578.0,-61.112453
49580.0,-61.112206
49582.0,-61.111954
49584.0,-61.111706
49586.0,-61.111458
49588.0,-61.111206
49590.0,-61.110958
49592.0,-61.110706
49594.0,-61.110458
49596.0,-61.110207
49598.0,-61.109959
49600.0,-61.109711
49602.0,-61.109459
49604.0,-61.109211
49606.0,-61.108959
49608.0,-61.108711
49610.0,-61.108459
49612.0,-61.108212
49614.0,-61.10796
49616.0,-61.107712
49618.0,-61.107464
49620.0,-61.107212
49622.0,-61.106964
49624.0,-61.106712
49626.0,-61.106464
49628.0,-61.106213
49630.0,-61.105965
49632.0,-61.105713
49634.0,-61.105465
49636.0,-61.105217
49638.0,-61.104965
49640.0,-61.104717
49642.0,-61.104465
49644.0,-61.104218
49646.0,-61.103966
49648.0,-61.103718
49650.0,-61.10347
49652.0,-61.103218
49654.0,-61.10297
49656.0,-61.102718
49658.0,-61.10247
49660.0,-61.102219
49662.0,-61.101971
49664.0,-61.101719
49666.0,-61.101471
49668.0,-61.101223
49670.0,-61.100971
49672.0,-61.100723
49674.0,-61.100471
49676.0,-61.100224
49678.0,-61.099972
49680.0,-61.099724
49682.0,-61.099472
49684.0,-61.099224
49686.0,-61.098976
49688.0,-61.098724
49690.0,-61.098476
49692.0,-61.098225
49694.0,-61.097977
49696.0,-61.097725
49698.0,-61.097477
49700.0,-61.097225
49702.0,-61.096977
49704.0,-61.096729
49706.0,-61.096478
49708.0,-61.09623
49710.0,-61.095978
49712.0,-61.09573
49714.0,-61.095478
49716.0,-61.09523
49718.0,-61.094982
49720.0,-61.09473
49722.0,-61.094482
49724.0,-61.094231
49726.0,-61.093983
49728.0,-61.093731
49730.0,-61.093483
49732.0,-61.093231
49734.0,-61.092983
49736.0,-61.092735
49738.0,-61.092484
49740.0,-61.092236
49742.0,-61.091984
49744.0,-61.091736
49746.0,-61.091484
49748.0,-61.091236
49750.0,-61.090984
49752.0,-61.090736
49754.0,-61.090488
49756.0,-61.090237
49758.0,-61.089989
49760.0,-61.089737
49762.0,-61.089489
49764.0,-61.089237
49766.0,-61.088989
49768.0,-61.088737
49770.0,-61.08849
49772.0,-61.088242
49774.0,-61.08799
49776.0,-61.087742
49778.0,-61.08749
49780.0,-61.087242
49782.0,-61.08699
49784.0,-61.086742
49786.0,-61.086494
49788.0,-61.086243
49790.0,-61.085995
49792.0,-61.085743
49794.0,-61.085495
49796.0,-61.085243
49798.0,-61.084995
49800.0,-61.084743
49802.0,-61.084496
49804.0,-61.084248
49806.0,-61.083996
49808.0,-61.083748
49810.0,-61.083496
49812.0,-61.083248
49814.0,-61.082996
49816.0,-61.082748
49818.0,-61.082497
49820.0,-61.082249
49822.0,-61.082001
49824.0,-61.081749
49826.0,-61.081501
49828.0,-61.081249
49830.0,-61.081001
49832.0,-61.08075
49834.0,-61.080502
49836.0,-61.08025
49838.0,-61.080002
49840.0,-61.079754
49842.0,-61.079502
49844.0,-61.079254
49846.0,-61.079002
49848.0,-61.078754
49850.0,-61.078503
49852.0,-61.078255
49854.0,-61.078007
49856.0,-61.077755
49858.0,-61.077507
49860.0,-61.077255
49862.0,-61.077007
49864.0,-61.076756
49866.0,-61.076508
49868.0,-61.076256
49870.0,-61.076008
49872.0,-61.07576
49874.0,-61.075508
49876.0,-61.07526
49878.0,-61.075008
49880.0,-61.07476
49882.0,-61.074509
49884.0,-61.074261
49886.0,-61.074009
49888.0,-61.073761
49890.0,-61.073513
49892.0,-61.073261
49894.0,-61.073013
49896.0,-61.072762
49898.0,-61.072514
49900.0,-61.072262
49902.0,-61.072014
49904.0,-61.071766
49906.0,-61.071514
49908.0,-61.071266
49910.0,-61.071014
49912.0,-61.070766
49914.0,-61.070515
49916.0,-61.070267
49918.0,-61.070015
49920.0,-61.069767
49922.0,-61.069519
49924.0,-61.069267
49926.0,-61.069019
49928.0,-61.068768
49930.0,-61.06852
49932.0,-61.068268
49934.0,-61.06802
49936.0,-61.067768
49938.0,-61.06752
49940.0,-61.067272
49942.0,-61.06702
49944.0,-61.066772
49946.0,-61.066521
49948.0,-61.066273
49950.0,-61.066021
49952.0,-61.065773
49954.0,-61.065521
49956.0,-61.065273
49958.0,-61.065025
49960.0,-61.064774
49962.0,-61.064526
49964.0,-61.064274
49966.0,-61.064026
49968.0,-61.063774
49970.0,-61.063526
49972.0,-61.063278
49974.0,-61.063026
49976.0,-61.062778
49978.0,-61.062527
49980.0,-61.062279
49982.0,-61.062027
49984.0,-61.061779
49986.0,-61.061527
49988.0,-61.061279
49990.0,-61.061031
49992.0,-61.06078
49994.0,-61.060532
49996.0,-61.06028
49998.0,-61.060032
50000.0,-61.05978
50002.0,-61.059532
50004.0,-61.05928
50006.0,-61.059032
50008.0,-61.058784
50010.0,-61.058533
50012.0,-61.058285
50014.0,-61.058033
50016.0,-61.057785
50018.0,-61.057533
50020.0,-61.057285
50022.0,-61.057034
50024.0,-61.056786
50026.0,-61.056538
50028.0,-61.056286
50030.0,-61.056038
50032.0,-61.055786
50034.0,-61.055538
50036.0,-61.055286
50038.0,-61.055038
50040.0,-61.05479
50042.0,-61.054539
50044.0,-61.054291
50046.0,-61.054039
50048.0,-61.053791
50050.0,-61.053539
50052.0,-61.053291
50054.0,-61.05304
50056.0,-61.052792
50058.0,-61.052544
50060.0,-61.052292
50062.0,-61.052044
50064.0,-61.051792
50066.0,-61.051544
50068.0,-61.051292
50070.0,-61.051044
50072.0,-61.050793
50074.0,-61.050545
50076.0,-61.050297
50078.0,-61.050045
50080.0,-61.049797
50082.0,-61.049545
50084.0,-61.049297
50086.0,-61.049046
50088.0,-61.048798
50090.0,-61.048546
50092.0,-61.048298
50094.0,-61.04805
50096.0,-61.047798
50098.0,-61.04755
50100.0,-61.047298
50102.0,-61.04705
50104.0,-61.046799
50106.0,-61.046551
50108.0,-61.046303
50110.0,-61.046051
50112.0,-61.045803
50114.0,-61.045551
50116.0,-61.045303
50118.0,-61.045052
50120.0,-61.044804
50122.0,-61.044552
50124.0,-61.044304
50126.0,-61.044056
50128.0,-61.043804
50130.0,-61.043556
50132.0,-61.043304
50134.0,-61.043056
50136.0,-61.042805
50138.0,-61.042557
50140.0,-61.042305
50142.0,-61.042057
50144.0,-61.041809
50146.0,-61.041557
50148.0,-61.041309
50150.0,-61.041058
50152.0,-61.04081
50154.0,-61.040558
50156.0,-61.04031
50158.0,-61.040062
50160.0,-61.03981
50162.0,-61.039562
50164.0,-61.03931
50166.0,-61.039062
50168.0,-61.038811
50170.0,-61.038563
50172.0,-61.038311
50174.0,-61.038063
50176.0,-61.037815
50178.0,-61.037563
50180.0,-61.037315
50182.0,-61.037064
50184.0,-61.036816
50186.0,-61.036564
50188.0,-61.036316
50190.0,-61.036064
50192.0,-61.035816
50194.0,-61.035568
50196.0,-61.035316
50198.0,-61.035069
50200.0,-61.034817
50202.0,-61.034569
50204.0,-61.034317
50206.0,-61.034069
50208.0,-61.033817
50210.0,-61.033569
50212.0,-61.033321
50214.0,-61.03307
50216.0,-61.032822
50218.0,-61.03257
50220.0,-61.032322
50222.0,-61.03207
50224.0,-61.031822
50226.0,-61.031574
50228.0,-61.031322
50230.0,-61.031075
50232.0,-61.030823
50234.0,-61.030575
50236.0,-61.030323
50238.0,-61.030075
50240.0,-61.029823
50242.0,-61.029575
50244.0,-61.029327
50246.0,-61.029076
50248.0,-61.028828
50250.0,-61.028576
50252.0,-61.028328
50254.0,-61.028076
50256.0,-61.027828
50258.0,-61.027576
50260.0,-61.027328
50262.0,-61.027081
50264.0,-61.026829
50266.0,-61.026581
50268.0,-61.026329
50270.0,-61.026081
50272.0,-61.025829
50274.0,-61.025581
50276.0,-61.02533
50278.0,-61.025082
50280.0,-61.024834
50282.0,-61.024582
50284.0,-61.024334
50286.0,-61.024082
50288.0,-61.023834
50290.0,-61.023582
50292.0,-61.023335
50294.0,-61.023087
50296.0,-61.022835
50298.0,-61.022587
50300.0,-61.022335
50302.0,-61.022087
50304.0,-61.021835
50306.0,-61.021587
50308.0,-61.021336
50310.0,-61.021088
50312.0,-61.02084
50314.0,-61.020588
50316.0,-61.02034
50318.0,-61.020088
50320.0,-61.01984
50322.0,-61.019588
50324.0,-61.019341
50326.0,-61.019089
50328.0,-61.018841
50330.0,-61.018593
50332.0,-61.018341
50334.0,-61.018093
50336.0,-61.017841
50338.0,-61.017593
50340.0,-61.017342
50342.0,-61.017094
50344.0,-61.016842
50346.0,-61.016594
50348.0,-61.016346
50350.0,-61.016094
50352.0,-61.015846
50354.0,-61.015594
50356.0,-61.015347
50358.0,-61.015095
50360.0,-61.014847
50362.0,-61.014599
50364.0,-61.014347
50366.0,-61.014099
50368.0,-61.013847
50370.0,-61.013599
50372.0,-61.013348
50374.0,-61.0131
50376.0,-61.012848
50378.0,-61.0126
50380.0,-61.012352
50382.0,-61.0121
50384.0,-61.011852
50386.0,-61.0116
50388.0,-61.011353
50390.0,-61.011101
50392.0,-61.010853
50394.0,-61.010601
50396.0,-61.010353
50398.0,-61.010105
50400.0,-61.009853
50402.0,-61.009605
50404.0,-61.009354
50406.0,-61.009106
50408.0,-61.008854
50410.0,-61.008606
50412.0,-61.008358
50414.0,-61.008106
50416.0,-61.007858
50418.0,-61.007607
50420.0,-61.007359
50422.0,-61.007107
50424.0,-61.006859
50426.0,-61.006607
50428.0,-61.006294
50430.0,-61.005901
50432.0,-61.005505
50434.0,-61.005108
50436.0,-61.004711
50438.0,-61.004314
50440.0,-61.003918
50442.0,-61.003517
50444.0,-61.00312
50446.0,-61.00272
50448.0,-61.002319
50450.0,-61.001919
50452.0,-61.001518
50454.0,-61.001118
50456.0,-61.000717
50458.0,-61.000313
50460.0,-60.999908
50462.0,-60.999508
50464.0,-60.999104
50466.0,-60.998699
50468.0,-60.998295
50470.0,-60.997887
50472.0,-60.997482
50474.0,-60.997074
50476.0,-60.996666
50478.0,-60.996262
50480.0,-60.995853
50482.0,-60.995441
50484.0,-60.995033
50486.0,-60.994625
50488.0,-60.994213
50490.0,-60.993801
50492.0,-60.993393
50494.0,-60.992981
50496.0,-60.992569
50498.0,-60.992153
50500.0,-60.991741
50502.0,-60.991325
50504.0,-60.990913
50506.0,-60.990498
50508.0,-60.990082
50510.0,-60.989666
50512.0,-60.98925
50514.0,-60.988834
50516.0,-60.988415
50518.0,-60.987995
50520.0,-60.987579
50522.0,-60.98716
50524.0,-60.98674
50526.0,-60.98632
50528.0,-60.985897
50530.0,-60.985477
50532.0,-60.985054
50534.0,-60.984634
50536.0,-60.984211
50538.0,-60.983788
50540.0,-60.983364
50542.0,-60.982941
50544.0,-60.982513
50546.0,-60.98209
50548.0,-60.981663
50550.0,-60.981236
50552.0,-60.980808
50554.0,-60.980381
50556.0,-60.979954
50558.0,-60.979527
50560.0,-60.979095
50562.0,-60.978668
50564.0,-60.978237
50566.0,-60.977806
50568.0,-60.977375
50570.0,-60.976944
50572.0,-60.976513
50574.0,-60.976078
50576.0,-60.975647
50578.0,-60.975212
50580.0,-60.974777
50582.0,-60.974342
50584.0,-60.973907
50586.0,-60.973473
50588.0,-60.973038
50590.0,-60.972599
50592.0,-60.97216
50594.0,-60.971725
50596.0,-60.971287
50598.0,-60.970848
50600.0,-60.970406
50602.0,-60.969967
50604.0,-60.969528
50606.0,-60.969086
50608.0,-60.968643
50610.0,-60.968201
50612.0,-60.967758
50614.0,-60.967316
50616.0,-60.966873
50618.0,-60.966431
50620.0,-60.965984
50622.0,-60.965538
50624.0,-60.965092
50626.0,-60.964645
50628.0,-60.964199
50630.0,-60.963753
50632.0,-60.963306
50634.0,-60.962856
50636.0,-60.96241
50638.0,-60.96196
50640.0,-60.96151
50642.0,-60.96106
50644.0,-60.960609
50646.0,-60.960155
50648.0,-60.959705
50650.0,-60.959251
50652.0,-60.958797
50654.0,-60.958347
50656.0,-60.957893
50658.0,-60.957436
50660.0,-60.956982
50662.0,-60.956528
50664.0,-60.95607
50666.0,-60.955612
50668.0,-60.955158
50670.0,-60.9547
50672.0,-60.954243
50674.0,-60.953781
50676.0,-60.953323
50678.0,-60.952862
50680.0,-60.952404
50682.0,-60.951942
50684.0,-60.951481
50686.0,-60.951019
50688.0,-60.950558
50690.0,-60.950092
50692.0,-60.949631
50694.0,-60.949165
50696.0,-60.948704
50698.0,-60.948238
50700.0,-60.947773
50702.0,-60.947308
50704.0,-60.946838
50706.0,-60.946373
50708.0,-60.945904
50710.0,-60.945438
50712.0,-60.944969
50714.0,-60.9445
50716.0,-60.944031
50718.0,-60.943558
50720.0,-60.943089
50722.0,-60.942616
50724.0,-60.942146
50726.0,-60.941673
50728.0,-60.9412
50730.0,-60.940727
50732.0,-60.940254
50734.0,-60.939777
50736.0,-60.939304
50738.0,-60.938828
50740.0,-60.938354
50742.0,-60.937878
50744.0,-60.937401
50746.0,-60.936924
50748.0,-60.936443
50750.0,-60.935966
50752.0,-60.935486
50754.0,-60.935009
50756.0,-60.934528
50758.0,-60.934048
50760.0,-60.933567
50762.0,-60.933083
50764.0,-60.932602
50766.0,-60.932117
50768.0,-60.931637
50770.0,-60.931152
50772.0,-60.930668
50774.0,-60.930183
50776.0,-60.929699
50778.0,-60.929211
50780.0,-60.928726
50782.0,-60.928238
50784.0,-60.927753
50786.0,-60.927265
50788.0,-60.926777
50790.0,-60.926289
50792.0,-60.925797
50794.0,-60.925308
50796.0,-60.924816
50798.0,-60.924328
50800.0,-60.923836
50802.0,-60.923344
50804.0,-60.922852
50806.0,-60.922356
50808.0,-60.921864
50810.0,-60.921368
50812.0,-60.920876
50814.0,-60.92038
50816.0,-60.919884
50818.0,-60.919388
50820.0,-60.918892
50822.0,-60.918392
50824.0,-60.917896
50826.0,-60.917397
50828.0,-60.916901
50830.0,-60.916401
50832.0,-60.915901
50834.0,-60.915398
50836.0,-60.914898
50838.0,-60.914398
50840.0,-60.913895
50842.0,-60.913391
50844.0,-60.912891
50846.0,-60.912388
50848.0,-60.911884
50850.0,-60.911377
50852.0,-60.910873
50854.0,-60.910366
50856.0,-60.909863
50858.0,-60.909355
50860.0,-60.908848
50862.0,-60.90834
50864.0,-60.907833
50866.0,-60.907322
50868.0,-60.906815
50870.0,-60.906303
50872.0,-60.905792
50874.0,-60.905285
50876.0,-60.904774
50878.0,-60.904259
50880.0,-60.903748
50882.0,-60.903236
50884.0,-60.902721
50886.0,-60.902206
50888.0,-60.901691
50890.0,-60.90118
50892.0,-60.900661
50894.0,-60.900146
50896.0,-60.899632
50898.0,-60.899113
50900.0,-60.898598
50902.0,-60.898079
50904.0,-60.89756
50906.0,-60.897041
50908.0,-60.896523
50910.0,-60.896
50912.0,-60.895481
50914.0,-60.894958
50916.0,-60.894436
50918.0,-60.893913
50920.0,-60.893391
50922.0,-60.892868
50924.0,-60.892345
50926.0,-60.891819
50928.0,-60.891296
50930.0,-60.89077
50932.0,-60.890244
50934.0,-60.889717
50936.0,-60.889191
50938.0,-60.888664
50940.0,-60.888138
50942.0,-60.887608
50944.0,-60.887077
50946.0,-60.886551
50948.0,-60.886021
50950.0,-60.885487
50952.0,-60.884956
50954.0,-60.884426
50956.0,-60.883892
50958.0,-60.883362
50960.0,-60.882828
50962.0,-60.882294
50964.0,-60.88176
50966.0,-60.881226
50968.0,-60.880692
50970.0,-60.880154
50972.0,-60.87962
50974.0,-60.879082
50976.0,-60.878544
50978.0,-60.878006
50980.0,-60.877468
50982.0,-60.87693
50984.0,-60.876389
50986.0,-60.875851
50988.0,-60.875309
50990.0,-60.874767
50992.0,-60.874226
50994.0,-60.873684
50996.0,-60.873142
50998.0,-60.872601
51000.0,-60.872055
51002.0,-60.871513
51004.0,-60.870968
51006.0,-60.870422
51008.0,-60.869877
51010.0,-60.869331
51012.0,-60.868782
51014.0,-60.868237
51016.0,-60.867687
51018.0,-60.867142
51020.0,-60.866592
51022.0,-60.866043
51024.0,-60.865494
51026.0,-60.864941
51028.0,-60.864391
51030.0,-60.863838
51032.0,-60.863289
51034.0,-60.862736
51036.0,-60.862183
51038.0,-60.861629
51040.0,-60.861076
51042.0,-60.860519
51044.0,-60.859966
51046.0,-60.859409
51048.0,-60.858852
51050.0,-60.858299
51052.0,-60.857738
51054.0,-60.857182
51056.0,-60.856625
51058.0,-60.856068
51060.0,-60.855507
51062.0,-60.854946
51064.0,-60.854385
51066.0,-60.853825
51068.0,-60.853264
51070.0,-60.852703
51072.0,-60.852142
51074.0,-60.851578
51076.0,-60.851013
51078.0,-60.850452
51080.0,-60.849888
51082.0,-60.849319
51084.0,-60.848755
51086.0,-60.84819
51088.0,-60.847622
51090.0,-60.847057
51092.0,-60.846489
51094.0,-60.845921
51096.0,-60.845352
51098.0,-60.844784
51100.0,-60.844215
51102.0,-60.843643
51104.0,-60.843075
51106.0,-60.842503
51108.0,-60.84193
51110.0,-60.841358
51112.0,-60.840786
51114.0,-60.840214
51116.0,-60.839638
51118.0,-60.839066
51120.0,-60.83849
51122.0,-60.837914
51124.0,-60.837337
51126.0,-60.836761
51128.0,-60.836185
51130.0,-60.835606
51132.0,-60.83503
51134.0,-60.83445
51136.0,-60.833874
51138.0,-60.833294
51140.0,-60.832714
51142.0,-60.83213
51144.0,-60.831551
51146.0,-60.830971
51148.0,-60.830387
51150.0,-60.829803
51152.0,-60.82922
51154.0,-60.828636
51156.0,-60.828053
51158.0,-60.827469
51160.0,-60.826885
51162.0,-60.826298
51164.0,-60.82571
51166.0,-60.825127
51168.0,-60.824539
51170.0,-60.823952
51172.0,-60.82336
51174.0,-60.822773
51176.0,-60.822182
51178.0,-60.821594
51180.0,-60.821003
51182.0,-60.820412
51184.0,-60.81982
51186.0,-60.819229
51188.0,-60.818638
51190.0,-60.818043
51192.0,-60.817448
51194.0,-60.816856
51196.0,-60.816261
51198.0,-60.815666
51200.0,-60.815071
51202.0,-60.814472
51204.0,-60.813877
51206.0,-60.813282
51208.0,-60.812683
51210.0,-60.812084
51212.0,-60.811485
51214.0,-60.810886
51216.0,-60.810287
51218.0,-60.809685
51220.0,-60.809086
51222.0,-60.808483
51224.0,-60.80788
51226.0,-60.807281
51228.0,-60.806675
51230.0,-60.806072
51232.0,-60.80547
51234.0,-60.804863
51236.0,-60.80426
51238.0,-60.803654
51240.0,-60.803047
51242.0,-60.802441
51244.0,-60.801834
51246.0,-60.801228
51248.0,-60.800617
51250.0,-60.800011
51252.0,-60.7994
51254.0,-60.79879
51256.0,-60.79818
51258.0,-60.797569
51260.0,-60.796959
51262.0,-60.796349
51264.0,-60.795734
51266.0,-60.795124
51268.0,-60.79451
51270.0,-60.793896
51272.0,-60.793282
51274.0,-60.792667
51276.0,-60.792049
51278.0,-60.791435
51280.0,-60.790817
51282.0,-60.790203
51284.0,-60.789585
51286.0,-60.788967
51288.0,-60.788345
51290.0,-60.787727
51292.0,-60.787109
51294.0,-60.786488
51296.0,-60.78587
51298.0,-60.785248
51300.0,-60.784626
51302.0,-60.784004
51304.0,-60.783379
51306.0,-60.782757
51308.0,-60.782135
51310.0,-60.781509
51312.0,-60.780884
51314.0,-60.780258
51316.0,-60.779633
51318.0,-60.779007
51320.0,-60.778381
51322.0,-60.777752
51324.0,-60.777126
51326.0,-60.776497
51328.0,-60.775867
51330.0,-60.775238
51332.0,-60.774609
51334.0,-60.773975
51336.0,-60.773346
51338.0,-60.772713
51340.0,-60.772083
51342.0,-60.77145
51344.0,-60.770817
51346.0,-60.770184
51348.0,-60.76955
51350.0,-60.768913
51352.0,-60.76828
51354.0,-60.767643
51356.0,-60.767006
51358.0,-60.766369
51360.0,-60.765732
51362.0,-60.765095
51364.0,-60.764458
51366.0,-60.763817
51368.0,-60.76318
51370.0,-60.762539
51372.0,-60.761898
51374.0,-60.761257
51376.0,-60.760616
51378.0,-60.759975
51380.0,-60.759331
51382.0,-60.75869
51384.0,-60.758045
51386.0,-60.757401
51388.0,-60.756756
51390.0,-60.756111
51392.0,-60.755466
51394.0,-60.754818
51396.0,-60.754173
51398.0,-60.753525
51400.0,-60.75288
51402.0,-60.752232
51404.0,-60.751583
51406.0,-60.750931
51408.0,-60.750282
51410.0,-60.749634
51412.0,-60.748981
51414.0,-60.748329
51416.0,-60.747677
51418.0,-60.747025
51420.0,-60.746372
51422.0,-60.74572
51424.0,-60.745064
51426.0,-60.744411
51428.0,-60.743755
51430.0,-60.743099
51432.0,-60.742443
51434.0,-60.741787
51436.0,-60.741131
51438.0,-60.740475
51440.0,-60.739815
51442.0,-60.739155
51444.0,-60.738499
51446.0,-60.737839
51448.0,-60.737179
51450.0,-60.736515
51452.0,-60.735855
51454.0,-60.735195
51456.0,-60.734531
51458.0,-60.733868
51460.0,-60.733204
51462.0,-60.73254
51464.0,-60.731876
51466.0,-60.731213
51468.0,-60.730545
51470.0,-60.729881
51472.0,-60.729214
51474.0,-60.728546
51476.0,-60.727879
51478.0,-60.727211
51480.0,-60.726543
51482.0,-60.725876
51484.0,-60.725204
51486.0,-60.724533
51488.0,-60.723866
51490.0,-60.723194
51492.0,-60.722523
51494.0,-60.721848
51496.0,-60.721176
51498.0,-60.720505
51500.0,-60.71983
51502.0,-60.719154
51504.0,-60.718479
51506.0,-60.717804
51508.0,-60.717129
51510.0,-60.716454
51512.0,-60.715778
51514.0,-60.715099
51516.0,-60.71442
51518.0,-60.713741
51520.0,-60.713062
51522.0,-60.712383
51524.0,-60.711704
51526.0,-60.711025
51528.0,-60.710342
51530.0,-60.709663
51532.0,-60.708981
51534.0,-60.708298
51536.0,-60.707615
51538.0,-60.706928
51540.0,-60.706245
51542.0,-60.705532
51544.0,-60.704723
51546.0,-60.703915
51548.0,-60.703102
51550.0,-60.70229
51552.0,-60.701477
51554.0,-60.700665
51556.0,-60.699848
51558.0,-60.699032
51560.0,-60.698215
51562.0,-60.697399
51564.0,-60.696579
51566.0,-60.695759
51568.0,-60.694939
51570.0,-60.694118
51572.0,-60.693295
51574.0,-60.692474
51576.0,-60.691647
51578.0,-60.690823
51580.0,-60.689995
51582.0,-60.689171
51584.0,-60.688339
51586.0,-60.687511
51588.0,-60.68668
51590.0,-60.685852
51592.0,-60.685017
51594.0,-60.684185
51596.0,-60.68335
51598.0,-60.682518
51600.0,-60.681679
51602.0,-60.680843
51604.0,-60.680004
51606.0,-60.679165
51608.0,-60.678326
51610.0,-60.677486
51612.0,-60.676643
51614.0,-60.6758
51616.0,-60.674957
51618.0,-60.674114
51620.0,-60.673267
51622.0,-60.672421
51624.0,-60.671574
51626.0,-60.670727
51628.0,-60.669876
51630.0,-60.669025
51632.0,-60.668175
51634.0,-60.66732
51636.0,-60.66647
51638.0,-60.665615
51640.0,-60.664761
51642.0,-60.663902
51644.0,-60.663044
51646.0,-60.662186
51648.0,-60.661327
51650.0,-60.660469
51652.0,-60.659607
51654.0,-60.658745
51656.0,-60.657883
51658.0,-60.657017
51660.0,-60.656155
51662.0,-60.655289
51664.0,-60.654423
51666.0,-60.653553
51668.0,-60.652683
51670.0,-60.651814
51672.0,-60.650944
51674.0,-60.650074
51676.0,-60.6492
51678.0,-60.648327
51680.0,-60.647453
51682.0,-60.646576
51684.0,-60.645699
51686.0,-60.644821
51688.0,-60.643944
51690.0,-60.643066
51692.0,-60.642185
51694.0,-60.641304
51696.0,-60.640423
51698.0,-60.639538
51700.0,-60.638653
51702.0,-60.637768
51704.0,-60.636883
51706.0,-60.635994
51708.0,-60.635109
51710.0,-60.63422
51712.0,-60.633327
51714.0,-60.632439
51716.0,-60.631546
51718.0,-60.630653
51720.0,-60.629761
51722.0,-60.628864
51724.0,-60.627968
51726.0,-60.627071
51728.0,-60.626175
51730.0,-60.625275
51732.0,-60.624378
51734.0,-60.623474
51736.0,-60.622574
51738.0,-60.621674
51740.0,-60.62077
51742.0,-60.619865
51744.0,-60.618958
51746.0,-60.618053
51748.0,-60.617146
51750.0,-60.616238
51752.0,-60.615326
51754.0,-60.614418
51756.0,-60.613506
51758.0,-60.612595
51760.0,-60.611683
51762.0,-60.610767
51764.0,-60.609852
51766.0,-60.608936
51768.0,-60.608021
51770.0,-60.607101
51772.0,-60.606182
51774.0,-60.605263
51776.0,-60.604343
51778.0,-60.60342
51780.0,-60.602497
51782.0,-60.601574
51784.0,-60.600651
51786.0,-60.599724
51788.0,-60.598797
51790.0,-60.59787
51792.0,-60.596943
51794.0,-60.596012
51796.0,-60.595081
51798.0,-60.594151
51800.0,-60.593216
51802.0,-60.592285
51804.0,-60.591351
51806.0,-60.590416
51808.0,-60.589478
51810.0,-60.588543
51812.0,-60.587605
51814.0,-60.586666
51816.0,-60.585724
51818.0,-60.584782
51820.0,-60.583843
51822.0,-60.582897
51824.0,-60.581955
51826.0,-60.581009
51828.0,-60.580063
51830.0,-60.579117
51832.0,-60.578171
51834.0,-60.577221
51836.0,-60.576271
51838.0,-60.575321
51840.0,-60.574368
51842.0,-60.573418
51844.0,-60.572464
51846.0,-60.571507
51848.0,-60.570553
51850.0,-60.569595
51852.0,-60.568638
51854.0,-60.56768
51856.0,-60.566723
51858.0,-60.565762
51860.0,-60.5648
51862.0,-60.563839
51864.0,-60.562874
51866.0,-60.561909
51868.0,-60.560944
51870.0,-60.559978
51872.0,-60.559013
51874.0,-60.558044
51876.0,-60.557076
51878.0,-60.556107
51880.0,-60.555134
51882.0,-60.554161
51884.0,-60.553188
51886.0,-60.552216
51888.0,-60.551239
51890.0,-60.550266
51892.0,-60.54929
51894.0,-60.548309
51896.0,-60.547333
51898.0,-60.546352
51900.0,-60.545372
51902.0,-60.544392
51904.0,-60.543407
51906.0,-60.542423
51908.0,-60.541439
51910.0,-60.540455
51912.0,-60.539467
51914.0,-60.538483
51916.0,-60.537495
51918.0,-60.536503
51920.0,-60.535515
51922.0,-60.534523
51924.0,-60.533531
51926.0,-60.532539
51928.0,-60.531544
51930.0,-60.530548
51932.0,-60.529552
51934.0,-60.528557
51936.0,-60.527557
51938.0,-60.526558
51940.0,-60.525558
51942.0,-60.524559
51944.0,-60.523556
51946.0,-60.522552
51948.0,-60.521549
51950.0,-60.520546
51952.0,-60.519539
51954.0,-60.518532
51956.0,-60.517525
51958.0,-60.516518
51960.0,-60.515507
51962.0,-60.5145
51964.0,-60.513485
51966.0,-60.512474
51968.0,-60.511459
51970.0,-60.510448
51972.0,-60.50943
51974.0,-60.508415
51976.0,-60.507397
51978.0,-60.506378
51980.0,-60.50536
51982.0,-60.504341
51984.0,-60.503319
51986.0,-60.502296
51988.0,-60.501274
51990.0,-60.500252
51992.0,-60.499226
51994.0,-60.498199
51996.0,-60.497173
51998.0,-60.496147
52000.0,-60.495117
52002.0,-60.494087
52004.0,-60.493057
52006.0,-60.492023
52008.0,-60.490993
52010.0,-60.48996
52012.0,-60.488926
52014.0,-60.487888
52016.0,-60.486855
52018.0,-60.485817
52020.0,-60.484776
52022.0,-60.483738
52024.0,-60.482697
52026.0,-60.481655
52028.0,-60.480614
52030.0,-60.479572
52032.0,-60.478527
52034.0,-60.477482
52036.0,-60.476437
52038.0,-60.475388
52040.0,-60.474339
52042.0,-60.473293
52044.0,-60.47224
52046.0,-60.471191
52048.0,-60.470139
52050.0,-60.469086
52052.0,-60.468033
52054.0,-60.466976
52056.0,-60.465923
52058.0,-60.464867
52060.0,-60.463806
52062.0,-60.462749
52064.0,-60.461689
52066.0,-60.460629
52068.0,-60.459568
52070.0,-60.458504
52072.0,-60.457443
52074.0,-60.456379
52076.0,-60.455311
52078.0,-60.454247
52080.0,-60.453178
52082.0,-60.45211
52084.0,-60.451042
52086.0,-60.44997
52088.0,-60.448898
52090.0,-60.447826
52092.0,-60.446754
52094.0,-60.445679
52096.0,-60.444607
52098.0,-60.443531
52100.0,-60.442451
52102.0,-60.441376
52104.0,-60.440296
52106.0,-60.439217
52108.0,-60.438137
52110.0,-60.437054
52112.0,-60.43597
52114.0,-60.434887
52116.0,-60.433804
52118.0,-60.432716
52120.0,-60.431629
52122.0,-60.430542
52124.0,-60.429455
52126.0,-60.428364
52128.0,-60.427273
52130.0,-60.426182
52132.0,-60.425091
52134.0,-60.423996
52136.0,-60.422905
52138.0,-60.421806
52140.0,-60.420712
52142.0,-60.419617
52144.0,-60.418518
52146.0,-60.417419
52148.0,-60.416317
52150.0,-60.415218
52152.0,-60.414116
52154.0,-60.413013
52156.0,-60.411907
52158.0,-60.410805
52160.0,-60.409698
52162.0,-60.408592
52164.0,-60.407482
52166.0,-60.406372
52168.0,-60.405266
52170.0,-60.404152
52172.0,-60.403042
52174.0,-60.401928
52176.0,-60.400814
52178.0,-60.3997
52180.0,-60.398586
52182.0,-60.397469
52184.0,-60.396351
52186.0,-60.395233
52188.0,-60.394115
52190.0,-60.392994
52192.0,-60.391872
52194.0,-60.390751
52196.0,-60.389629
52198.0,-60.388504
52200.0,-60.387379
52202.0,-60.386253
52204.0,-60.385124
52206.0,-60.383999
52208.0,-60.38287
52210.0,-60.381737
52212.0,-60.380608
52214.0,-60.379475
52216.0,-60.378342
52218.0,-60.377209
52220.0,-60.376076
52222.0,-60.374939
52224.0,-60.373802
52226.0,-60.372665
52228.0,-60.371525
52230.0,-60.370388
52232.0,-60.369247
52234.0,-60.368103
52236.0,-60.366962
52238.0,-60.365818
52240.0,-60.364674
52242.0,-60.363529
52244.0,-60.362381
52246.0,-60.361237
52248.0,-60.360088
52250.0,-60.358936
52252.0,-60.357788
52254.0,-60.356636
52256.0,-60.355484
52258.0,-60.354332
52260.0,-60.353176
52262.0,-60.352024
52264.0,-60.350868
52266.0,-60.349709
52268.0,-60.348553
52270.0,-60.347393
52272.0,-60.346233
52274.0,-60.345074
52276.0,-60.34391
52278.0,-60.342747
52280.0,-60.341583
52282.0,-60.34042
52284.0,-60.339252
52286.0,-60.338089
52288.0,-60.336922
52290.0,-60.335751
52292.0,-60.334583
52294.0,-60.333412
52296.0,-60.332241
52298.0,-60.33107
52300.0,-60.329895
52302.0,-60.32872
52304.0,-60.327545
52306.0,-60.32637
52308.0,-60.325191
52310.0,-60.324013
52312.0,-60.322834
52314.0,-60.321655
52316.0,-60.320473
52318.0,-60.31929
52320.0,-60.318108
52322.0,-60.316925
52324.0,-60.315739
52326.0,-60.314556
52328.0,-60.313366
52330.0,-60.31218
52332.0,-60.310989
52334.0,-60.309803
52336.0,-60.308613
52338.0,-60.307419
52340.0,-60.306229
52342.0,-60.305035
52344.0,-60.303841
52346.0,-60.302643
52348.0,-60.301445
52350.0,-60.300251
52352.0,-60.299049
52354.0,-60.297852
52356.0,-60.29665
52358.0,-60.295452
52360.0,-60.294247
52362.0,-60.293045
52364.0,-60.29184
52366.0,-60.290634
52368.0,-60.289429
52370.0,-60.288223
52372.0,-60.287014
52374.0,-60.285805
52376.0,-60.284595
52378.0,-60.283386
52380.0,-60.282173
52382.0,-60.28096
52384.0,-60.279747
52386.0,-60.27853
52388.0,-60.277317
52390.0,-60.2761
52392.0,-60.274883
52394.0,-60.273663
52396.0,-60.272442
52398.0,-60.271225
52400.0,-60.27
52402.0,-60.26878
52404.0,-60.267555
52406.0,-60.266331
52408.0,-60.265106
52410.0,-60.263882
52412.0,-60.262653
52414.0,-60.261425
52416.0,-60.260197
52418.0,-60.258965
52420.0,-60.257732
52422.0,-60.2565
52424.0,-60.255268
52426.0,-60.254036
52428.0,-60.2528
52430.0,-60.251564
52432.0,-60.250328
52434.0,-60.249088
52436.0,-60.247852
52438.0,-60.246609
52440.0,-60.245369
52442.0,-60.244129
52444.0,-60.242886
52446.0,-60.241642
52448.0,-60.240398
52450.0,-60.239151
52452.0,-60.237904
52454.0,-60.236656
52456.0,-60.235409
52458.0,-60.234161
52460.0,-60.23291
52462.0,-60.231659
52464.0,-60.230404
52466.0,-60.229153
52468.0,-60.227898
52470.0,-60.226643
52472.0,-60.225388
52474.0,-60.224129
52476.0,-60.22287
52478.0,-60.221611
52480.0,-60.220352
52482.0,-60.219093
52484.0,-60.217831
52486.0,-60.216568
52488.0,-60.215302
52490.0,-60.214039
52492.0,-60.212772
52494.0,-60.211506
52496.0,-60.210239
52498.0,-60.208969
52500.0,-60.207699
52502.0,-60.206429
52504.0,-60.205158
52506.0,-60.203884
52508.0,-60.20261
52510.0,-60.201336
52512.0,-60.200062
52514.0,-60.198784
52516.0,-60.197506
52518.0,-60.196228
52520.0,-60.19495
52522.0,-60.193668
52524.0,-60.192387
52526.0,-60.191105
52528.0,-60.189823
52530.0,-60.188538
52532.0,-60.187252
52534.0,-60.185966
52536.0,-60.184681
52538.0,-60.183392
52540.0,-60.182102
52542.0,-60.180813
52544.0,-60.179523
52546.0,-60.17823
52548.0,-60.176937
52550.0,-60.175644
52552.0,-60.174351
52554.0,-60.173054
52556.0,-60.171757
52558.0,-60.17046
52560.0,-60.169163
52562.0,-60.167862
52564.0,-60.166561
52566.0,-60.16526
52568.0,-60.163956
52570.0,-60.162655
52572.0,-60.16135
52574.0,-60.160046
52576.0,-60.158737
52578.0,-60.157429
52580.0,-60.156124
52582.0,-60.154812
52584.0,-60.153503
52586.0,-60.152191
52588.0,-60.150879
52590.0,-60.149567
52592.0,-60.148254
52594.0,-60.146938
52596.0,-60.145622
52598.0,-60.144306
52600.0,-60.142986
52602.0,-60.141666
52604.0,-60.14035
52606.0,-60.139027
52608.0,-60.137707
52610.0,-60.136383
52612.0,-60.135059
52614.0,-60.133736
52616.0,-60.132408
52618.0,-60.131084
52620.0,-60.129757
52622.0,-60.128426
52624.0,-60.127098
52626.0,-60.125767
52628.0,-60.124435
52630.0,-60.123104
52632.0,-60.121769
52634.0,-60.120438
52636.0,-60.119102
52638.0,-60.117764
52640.0,-60.116428
52642.0,-60.115089
52644.0,-60.11375
52646.0,-60.112411
52648.0,-60.111069
52650.0,-60.109726
52652.0,-60.108383
52654.0,-60.10704
52656.0,-60.105656
52658.0,-60.10339
52660.0,-60.101105
52662.0,-60.098808
52664.0,-60.096497
52666.0,-60.09417
52668.0,-60.091831
52670.0,-60.089474
52672.0,-60.087109
52674.0,-60.084724
52676.0,-60.082329
52678.0,-60.079918
52680.0,-60.077492
52682.0,-60.075054
52684.0,-60.072601
52686.0,-60.070133
52688.0,-60.067654
52690.0,-60.065159
52692.0,-60.062649
52694.0,-60.060123
52696.0,-60.057587
52698.0,-60.055035
52700.0,-60.052471
52702.0,-60.049889
52704.0,-60.047295
52706.0,-60.044689
52708.0,-60.042065
52710.0,-60.039429
52712.0,-60.036777
52714.0,-60.034115
52716.0,-60.031433
52718.0,-60.02874
52720.0,-60.026035
52722.0,-60.023312
52724.0,-60.020576
52726.0,-60.01783
52728.0,-60.015064
52730.0,-60.012287
52732.0,-60.009495
52734.0,-60.006691
52736.0,-60.003868
52738.0,-60.001034
52740.0,-59.998188
52742.0,-59.995323
52744.0,-59.992447
52746.0,-59.989555
52748.0,-59.986652
52750.0,-59.983734
52752.0,-59.980801
52754.0,-59.977852
52756.0,-59.974892
52758.0,-59.971916
52760.0,-59.968925
52762.0,-59.965923
52764.0,-59.962906
52766.0,-59.959873
52768.0,-59.956829
52770.0,-59.953766
52772.0,-59.950695
52774.0,-59.947605
52776.0,-59.944504
52778.0,-59.941387
52780.0,-59.938255
52782.0,-59.935112
52784.0,-59.93195
52786.0,-59.92878
52788.0,-59.925591
52790.0,-59.92239
52792.0,-59.919174
52794.0,-59.915943
52796.0,-59.912701
52798.0,-59.909443
52800.0,-59.90617
52802.0,-59.902885
52804.0,-59.899586
52806.0,-59.896271
52808.0,-59.892941
52810.0,-59.889599
52812.0,-59.886242
52814.0,-59.882874
52816.0,-59.879486
52818.0,-59.876087
52820.0,-59.872673
52822.0,-59.869247
52824.0,-59.865807
52826.0,-59.86235
52828.0,-59.858879
52830.0,-59.855396
52832.0,-59.851898
52834.0,-59.848389
52836.0,-59.84486
52838.0,-59.84132
52840.0,-59.837765
52842.0,-59.834198
52844.0,-59.830616
52846.0,-59.827019
52848.0,-59.823406
52850.0,-59.819782
52852.0,-59.816143
52854.0,-59.812492
52856.0,-59.808823
52858.0,-59.805141
52860.0,-59.801445
52862.0,-59.797737
52864.0,-59.794014
52866.0,-59.790276
52868.0,-59.786522
52870.0,-59.782757
52872.0,-59.778976
52874.0,-59.775181
52876.0,-59.771374
52878.0,-59.767551
52880.0,-59.763714
52882.0,-59.759861
52884.0,-59.755997
52886.0,-59.752117
52888.0,-59.748226
52890.0,-59.744316
52892.0,-59.740395
52894.0,-59.736462
52896.0,-59.73251
52898.0,-59.728546
52900.0,-59.724567
52902.0,-59.720577
52904.0,-59.716572
52906.0,-59.712551
52908.0,-59.708515
52910.0,-59.704468
52912.0,-59.700405
52914.0,-59.696327
52916.0,-59.692238
52918.0,-59.688133
52920.0,-59.684013
52922.0,-59.679878
52924.0,-59.675732
52926.0,-59.67157
52928.0,-59.667393
52930.0,-59.663204
52932.0,-59.659
52934.0,-59.654781
52936.0,-59.650341
52938.0,-59.645798
52940.0,-59.641228
52942.0,-59.636627
52944.0,-59.631996
52946.0,-59.627335
52948.0,-59.622643
52950.0,-59.61792
52952.0,-59.613171
52954.0,-59.608387
52956.0,-59.603577
52958.0,-59.598736
52960.0,-59.593864
52962.0,-59.588966
52964.0,-59.584034
52966.0,-59.579071
52968.0,-59.574081
52970.0,-59.569061
52972.0,-59.564011
52974.0,-59.558929
52976.0,-59.553818
52978.0,-59.548679
52980.0,-59.543507
52982.0,-59.538307
52984.0,-59.533077
52986.0,-59.527817
52988.0,-59.522526
52990.0,-59.517208
52992.0,-59.511856
52994.0,-59.506477
52996.0,-59.501064
52998.0,-59.495625
53000.0,-59.490154
53002.0,-59.484657
53004.0,-59.479126
53006.0,-59.47327
53008.0,-59.467342
53010.0,-59.461365
53012.0,-59.455341
53014.0,-59.449268
53016.0,-59.443146
53018.0,-59.436977
53020.0,-59.430759
53022.0,-59.424496
53024.0,-59.418182
53026.0,-59.411819
53028.0,-59.405411
53030.0,-59.398956
53032.0,-59.392452
53034.0,-59.385899
53036.0,-59.379295
53038.0,-59.37265
53040.0,-59.365952
53042.0,-59.359207
53044.0,-59.352413
53046.0,-59.345573
53048.0,-59.338684
53050.0,-59.331749
53052.0,-59.324764
53054.0,-59.317734
53056.0,-59.31065
53058.0,-59.303524
53060.0,-59.296349
53062.0,-59.289124
53064.0,-59.281849
53066.0,-59.274529
53068.0,-59.267162
53070.0,-59.259747
53072.0,-59.252281
53074.0,-59.244564
53076.0,-59.234741
53078.0,-59.2248
53080.0,-59.214733
53082.0,-59.204548
53084.0,-59.194241
53086.0,-59.183815
53088.0,-59.173264
53090.0,-59.162594
53092.0,-59.151802
53094.0,-59.140888
53096.0,-59.129852
53098.0,-59.118694
53100.0,-59.107418
53102.0,-59.09602
53104.0,-59.084499
53106.0,-59.072857
53108.0,-59.061096
53110.0,-59.04921
53112.0,-59.037205
53114.0,-59.025078
53116.0,-59.012829
53118.0,-59.000462
53120.0,-58.987972
53122.0,-58.975357
53124.0,-58.962624
53126.0,-58.949772
53128.0,-58.936794
53130.0,-58.923698
53132.0,-58.91048
53134.0,-58.897141
53136.0,-58.883678
53138.0,-58.870094
53140.0,-58.856392
53142.0,-58.842567
53144.0,-58.828621
53146.0,-58.814552
53148.0,-58.800365
53150.0,-58.786053
53152.0,-58.771622
53154.0,-58.757069
53156.0,-58.742393
53158.0,-58.7276
53160.0,-58.712685
53162.0,-58.697643
53164.0,-58.682484
53166.0,-58.667206
53168.0,-58.651802
53170.0,-58.63628
53172.0,-58.620636
53174.0,-58.60487
53176.0,-58.588982
53178.0,-58.572971
53180.0,-58.556843
53182.0,-58.540592
53184.0,-58.52422
53186.0,-58.507725
53188.0,-58.491112
53190.0,-58.474373
53192.0,-58.457516
53194.0,-58.440536
53196.0,-58.422653
53198.0,-58.403992
53200.0,-58.385044
53202.0,-58.36581
53204.0,-58.346287
53206.0,-58.326477
53208.0,-58.306381
53210.0,-58.285995
53212.0,-58.265324
53214.0,-58.244366
53216.0,-58.223118
53218.0,-58.201584
53220.0,-58.179764
53222.0,-58.157654
53224.0,-58.135258
53226.0,-58.112019
53228.0,-58.087772
53230.0,-58.063087
53232.0,-58.037964
53234.0,-58.012405
53236.0,-57.986408
53238.0,-57.959976
53240.0,-57.933105
53242.0,-57.905796
53244.0,-57.878052
53246.0,-57.849873
53248.0,-57.821255
53250.0,-57.792198
53252.0,-57.762707
53254.0,-57.732777
53256.0,-57.701672
53258.0,-57.668594
53260.0,-57.634808
53262.0,-57.600315
53264.0,-57.565113
53266.0,-57.529205
53268.0,-57.492588
53270.0,-57.455265
53272.0,-57.417236
53274.0,-57.378498
53276.0,-57.339054
53278.0,-57.298901
53280.0,-57.258041
53282.0,-57.216473
53284.0,-57.174198
53286.0,-57.130074
53288.0,-57.081001
53290.0,-57.030579
53292.0,-56.978798
53294.0,-56.925659
53296.0,-56.871166
53298.0,-56.815319
53300.0,-56.75811
53302.0,-56.699551
53304.0,-56.639633
53306.0,-56.578358
53308.0,-56.515728
53310.0,-56.45174
53312.0,-56.386398
53314.0,-56.319698
53316.0,-56.250256
53318.0,-56.166862
53320.0,-56.080402
53322.0,-55.990875
53324.0,-55.898281
53326.0,-55.802616
53328.0,-55.703884
53330.0,-55.602085
53332.0,-55.497219
53334.0,-55.389286
53336.0,-55.278282
53338.0,-55.164215
53340.0,-55.047077
53342.0,-54.926872
53344.0,-54.803596
53346.0,-54.677258
53348.0,-54.540615
53350.0,-54.397728
53352.0,-54.24868
53354.0,-54.09259
53356.0,-53.925518
53358.0,-53.750088
53360.0,-53.566296
53362.0,-53.371208
53364.0,-53.161385
53366.0,-52.939896
53368.0,-52.706734
53370.0,-52.45266
53372.0,-52.175106
53374.0,-51.877041
53376.0,-51.55759
53378.0,-51.215893
53380.0,-50.851086
53382.0,-50.440907
53384.0,-49.974823
53386.0,-49.462345
53388.0,-48.899906
53390.0,-48.283928
53392.0,-47.610844
53394.0,-46.867657
53396.0,-46.021126
53398.0,-45.046261
53400.0,-43.904839
53402.0,-42.535816
53404.0,-40.912861
53406.0,-38.825432
53408.0,-36.234425
53410.0,-32.970116
53412.0,-28.724689
53414.0,-23.301422
53416.0,-16.91082
53418.0,-11.004848
53420.0,-7.4838147
53422.0,-7.0042067
53424.0,-9.0178413
53426.0,-12.613241
53428.0,-16.994003
53430.0,-21.55941
53432.0,-25.945564
53434.0,-30.049461
53436.0,-33.837154
53438.0,-37.294941
53440.0,-40.423237
53442.0,-43.231606
53444.0,-45.735874
53446.0,-47.957554
53448.0,-49.918537
53450.0,-51.644535
53452.0,-53.152847
53454.0,-54.476585
53456.0,-55.643364
53458.0,-56.67469
53460.0,-57.565933
53462.0,-58.339787
53464.0,-59.015198
53466.0,-59.613762
53468.0,-60.151859
53470.0,-60.636776
53472.0,-61.049629
53474.0,-61.410473
53476.0,-61.7327
53478.0,-62.032555
53480.0,-62.317142
53482.0,-62.568447
53484.0,-62.781242
53486.0,-62.962128
53488.0,-63.139301
53490.0,-63.314064
53492.0,-63.488541
53494.0,-63.626503
53496.0,-63.739067
53498.0,-63.833458
53500.0,-63.941689
53502.0,-64.058144
53504.0,-64.166565
53506.0,-64.241974
53508.0,-64.290665
53510.0,-64.344551
53512.0,-64.417328
53514.0,-64.508614
53516.0,-64.566666
53518.0,-64.597778
53520.0,-64.603378
53522.0,-64.642235
53524.0,-64.701134
53526.0,-64.775787
53528.0,-64.833176
53530.0,-64.884834
53532.0,-64.929726
53534.0,-64.967606
53536.0,-64.994934
53538.0,-65.018501
53540.0,-65.040428
53542.0,-65.059837
53544.0,-65.071312
53546.0,-65.077843
53548.0,-65.079712
53550.0,-65.076912
53552.0,-65.075378
53554.0,-65.081093
53556.0,-65.087746
53558.0,-65.095337
53560.0,-65.103859
53562.0,-65.09964
53564.0,-65.089767
53566.0,-65.075317
53568.0,-65.056274
53570.0,-65.037476
53572.0,-65.02491
53574.0,-65.012718
53576.0,-65.0009
53578.0,-64.989456
53580.0,-64.977097
53582.0,-64.964417
53584.0,-64.951569
53586.0,-64.938545
53588.0,-64.924438
53590.0,-64.908684
53592.0,-64.892921
53594.0,-64.877159
53596.0,-64.861404
53598.0,-64.845642
53600.0,-64.82988
53602.0,-64.814125
53604.0,-64.798363
53606.0,-64.7826
53608.0,-64.766846
53610.0,-64.751083
53612.0,-64.734833
53614.0,-64.718155
53616.0,-64.701485
53618.0,-64.684814
53620.0,-64.668137
53622.0,-64.651466
53624.0,-64.634796
53626.0,-64.618118
53628.0,-64.601448
53630.0,-64.584778
53632.0,-64.5681
53634.0,-64.55143
53636.0,-64.534683
53638.0,-64.517906
53640.0,-64.501114
53642.0,-64.484314
53644.0,-64.467499
53646.0,-64.450676
53648.0,-64.433846
53650.0,-64.417007
53652.0,-64.400154
53654.0,-64.383286
53656.0,-64.366417
53658.0,-64.349533
53660.0,-64.332642
53662.0,-64.315735
53664.0,-64.29882
53666.0,-64.281898
53668.0,-64.264961
53670.0,-64.248016
53672.0,-64.231071
53674.0,-64.214287
53676.0,-64.197502
53678.0,-64.180733
53680.0,-64.163971
53682.0,-64.147217
53684.0,-64.13047
53686.0,-64.113731
53688.0,-64.097
53690.0,-64.080276
53692.0,-64.06356
53694.0,-64.046852
53696.0,-64.030159
53698.0,-64.013466
53700.0,-63.99678
53702.0,-63.980103
53704.0,-63.963436
53706.0,-63.946777
53708.0,-63.930122
53710.0,-63.913666
53712.0,-63.897545
53714.0,-63.881454
53716.0,-63.865395
53718.0,-63.849369
53720.0,-63.83337
53722.0,-63.817402
53724.0,-63.801468
53726.0,-63.785564
53728.0,-63.769688
53730.0,-63.753845
53732.0,-63.738033
53734.0,-63.722252
53736.0,-63.706501
53738.0,-63.690781
53740.0,-63.675095
53742.0,-63.659435
53744.0,-63.64381
53746.0,-63.628212
53748.0,-63.612648
53750.0,-63.597111
53752.0,-63.581608
53754.0,-63.566135
53756.0,-63.550694
53758.0,-63.535282
53760.0,-63.519901
53762.0,-63.504551
53764.0,-63.489231
53766.0,-63.473946
53768.0,-63.458687
53770.0,-63.443462
53772.0,-63.428265
53774.0,-63.413101
53776.0,-63.397968
53778.0,-63.382866
53780.0,-63.36779
53782.0,-63.352749
53784.0,-63.337742
53786.0,-63.322762
53788.0,-63.307812
53790.0,-63.292892
53792.0,-63.278008
53794.0,-63.263149
53796.0,-63.248447
53798.0,-63.234394
53800.0,-63.220409
53802.0,-63.206486
53804.0,-63.192627
53806.0,-63.178833
53808.0,-63.165104
53810.0,-63.15144
53812.0,-63.13784
53814.0,-63.124302
53816.0,-63.110828
53818.0,-63.09742
53820.0,-63.084076
53822.0,-63.070797
53824.0,-63.057583
53826.0,-63.04443
53828.0,-63.031342
53830.0,-63.018318
53832.0,-63.00536
53834.0,-62.992466
53836.0,-62.979637
53838.0,-62.966869
53840.0,-62.95417
53842.0,-62.941532
53844.0,-62.928959
53846.0,-62.916451
53848.0,-62.904003
53850.0,-62.891624
53852.0,-62.879307
53854.0,-62.867054
53856.0,-62.854866
53858.0,-62.842743
53860.0,-62.830685
53862.0,-62.818691
53864.0,-62.806759
53866.0,-62.794891
53868.0,-62.783089
53870.0,-62.771351
53872.0,-62.759678
53874.0,-62.74807
53876.0,-62.736523
53878.0,-62.72504
53880.0,-62.713627
53882.0,-62.702274
53884.0,-62.690777
53886.0,-62.679329
53888.0,-62.667938
53890.0,-62.656597
53892.0,-62.645313
53894.0,-62.634087
53896.0,-62.62291
53898.0,-62.61179
53900.0,-62.600723
53902.0,-62.589714
53904.0,-62.578754
53906.0,-62.567852
53908.0,-62.557007
53910.0,-62.546211
53912.0,-62.535473
53914.0,-62.524792
53916.0,-62.51416
53918.0,-62.503586
53920.0,-62.493065
53922.0,-62.482601
53924.0,-62.472187
53926.0,-62.46183
53928.0,-62.45153
53930.0,-62.44128
53932.0,-62.431087
53934.0,-62.420948
53936.0,-62.410866
53938.0,-62.400837
53940.0,-62.390862
53942.0,-62.380939
53944.0,-62.371075
53946.0,-62.361263
53948.0,-62.351505
53950.0,-62.341805
53952.0,-62.332157
53954.0,-62.322563
53956.0,-62.313026
53958.0,-62.303543
53960.0,-62.294113
53962.0,-62.284737
53964.0,-62.275417
53966.0,-62.266151
53968.0,-62.256939
53970.0,-62.247673
53972.0,-62.238422
53974.0,-62.229218
53976.0,-62.220062
53978.0,-62.210957
53980.0,-62.201897
53982.0,-62.192883
53984.0,-62.183922
53986.0,-62.175003
53988.0,-62.166138
53990.0,-62.157318
53992.0,-62.148544
53994.0,-62.13982
53996.0,-62.131145
53998.0,-62.122517
54000.0,-62.113937
54002.0,-62.105408
54004.0,-62.096924
54006.0,-62.08849
54008.0,-62.080101
54010.0,-62.071762
54012.0,-62.063469
54014.0,-62.055225
54016.0,-62.047031
54018.0,-62.038883
54020.0,-62.030785
54022.0,-62.022732
54024.0,-62.014729
54026.0,-62.006771
54028.0,-61.998863
54030.0,-61.991005
54032.0,-61.983192
54034.0,-61.97543
54036.0,-61.967716
54038.0,-61.960049
54040.0,-61.952427
54042.0,-61.944855
54044.0,-61.937332
54046.0,-61.929855
54048.0,-61.922428
54050.0,-61.915051
54052.0,-61.907719
54054.0,-61.900436
54056.0,-61.893108
54058.0,-61.885746
54060.0,-61.878426
54062.0,-61.871147
54064.0,-61.863907
54066.0,-61.856709
54068.0,-61.849548
54070.0,-61.84243
54072.0,-61.835354
54074.0,-61.828316
54076.0,-61.82132
54078.0,-61.814362
54080.0,-61.807446
54082.0,-61.800568
54084.0,-61.793732
54086.0,-61.786938
54088.0,-61.780182
54090.0,-61.773468
54092.0,-61.766796
54094.0,-61.760159
54096.0,-61.753567
54098.0,-61.747013
54100.0,-61.740501
54102.0,-61.734028
54104.0,-61.727596
54106.0,-61.721203
54108.0,-61.714855
54110.0,-61.708542
54112.0,-61.702271
54114.0,-61.696041
54116.0,-61.68985
54118.0,-61.683701
54120.0,-61.677593
54122.0,-61.671524
54124.0,-61.665497
54126.0,-61.659508
54128.0,-61.653561
54130.0,-61.647652
54132.0,-61.641785
54134.0,-61.63596
54136.0,-61.630173
54138.0,-61.624428
54140.0,-61.618721
54142.0,-61.612999
54144.0,-61.607208
54146.0,-61.601448
54148.0,-61.595718
54150.0,-61.590019
54152.0,-61.584354
54154.0,-61.57872
54156.0,-61.573116
54158.0,-61.567543
54160.0,-61.562004
54162.0,-61.556492
54164.0,-61.551014
54166.0,-61.545567
54168.0,-61.54015
54170.0,-61.534763
54172.0,-61.529408
54174.0,-61.524082
54176.0,-61.518787
54178.0,-61.513523
54180.0,-61.508289
54182.0,-61.503086
54184.0,-61.497913
54186.0,-61.492771
54188.0,-61.487659
54190.0,-61.482574
54192.0,-61.477524
54194.0,-61.4725
54196.0,-61.467506
54198.0,-61.462543
54200.0,-61.457611
54202.0,-61.452705
54204.0,-61.447834
54206.0,-61.442986
54208.0,-61.438171
54210.0,-61.433384
54212.0,-61.428627
54214.0,-61.423897
54216.0,-61.419201
54218.0,-61.414528
54220.0,-61.409885
54222.0,-61.405273
54224.0,-61.400692
54226.0,-61.396133
54228.0,-61.391609
54230.0,-61.387108
54232.0,-61.382641
54234.0,-61.378197
54236.0,-61.373783
54238.0,-61.3694
54240.0,-61.365044
54242.0,-61.360714
54244.0,-61.356411
54246.0,-61.352139
54248.0,-61.347893
54250.0,-61.343674
54252.0,-61.339485
54254.0,-61.335323
54256.0,-61.331188
54258.0,-61.32708
54260.0,-61.322998
54262.0,-61.318947
54264.0,-61.314919
54266.0,-61.310921
54268.0,-61.30695
54270.0,-61.303001
54272.0,-61.299084
54274.0,-61.295193
54276.0,-61.291328
54278.0,-61.287491
54280.0,-61.28368
54282.0,-61.279896
54284.0,-61.276134
54286.0,-61.272404
54288.0,-61.268696
54290.0,-61.264938
54292.0,-61.261169
54294.0,-61.257423
54296.0,-61.253696
54298.0,-61.249992
54300.0,-61.246307
54302.0,-61.242645
54304.0,-61.239006
54306.0,-61.235382
54308.0,-61.231781
54310.0,-61.228203
54312.0,-61.224644
54314.0,-61.221104
54316.0,-61.217583
54318.0,-61.214081
54320.0,-61.210602
54322.0,-61.207142
54324.0,-61.203697
54326.0,-61.200275
54328.0,-61.196873
54330.0,-61.193489
54332.0,-61.190125
54334.0,-61.186775
54336.0,-61.183449
54338.0,-61.180138
54340.0,-61.176846
54342.0,-61.173573
54344.0,-61.170319
54346.0,-61.16708
54348.0,-61.16386
54350.0,-61.16066
54352.0,-61.157475
54354.0,-61.154305
54356.0,-61.151157
54358.0,-61.148022
54360.0,-61.144905
54362.0,-61.141808
54364.0,-61.138725
54366.0,-61.135658
54368.0,-61.13261
54370.0,-61.129574
54372.0,-61.126556
54374.0,-61.123554
54376.0,-61.120571
54378.0,-61.117599
54380.0,-61.114647
54382.0,-61.111706
54384.0,-61.108784
54386.0,-61.105873
54388.0,-61.102978
54390.0,-61.100101
54392.0,-61.097237
54394.0,-61.094387
54396.0,-61.091553
54398.0,-61.08873
54400.0,-61.085922
54402.0,-61.08313
54404.0,-61.080353
54406.0,-61.077587
54408.0,-61.074837
54410.0,-61.072098
54412.0,-61.069374
54414.0,-61.066662
54416.0,-61.063965
54418.0,-61.061279
54420.0,-61.058605
54422.0,-61.055946
54424.0,-61.053299
54426.0,-61.050663
54428.0,-61.048038
54430.0,-61.045429
54432.0,-61.042831
54434.0,-61.040245
54436.0,-61.03767
54438.0,-61.035137
54440.0,-61.032619
54442.0,-61.030113
54444.0,-61.027618
54446.0,-61.025135
54448.0,-61.022663
54450.0,-61.020206
54452.0,-61.017757
54454.0,-61.015324
54456.0,-61.012897
54458.0,-61.010487
54460.0,-61.008083
54462.0,-61.005692
54464.0,-61.003311
54466.0,-61.000942
54468.0,-60.998581
54470.0,-60.996235
54472.0,-60.993896
54474.0,-60.991566
54476.0,-60.98925
54478.0,-60.986942
54480.0,-60.984642
54482.0,-60.982353
54484.0,-60.980076
54486.0,-60.977806
54488.0,-60.975544
54490.0,-60.973293
54492.0,-60.97105
54494.0,-60.968815
54496.0,-60.966591
54498.0,-60.964375
54500.0,-60.962166
54502.0,-60.959965
54504.0,-60.957775
54506.0,-60.955593
54508.0,-60.953415
54510.0,-60.951248
54512.0,-60.949089
54514.0,-60.946934
54516.0,-60.94479
54518.0,-60.942654
54520.0,-60.940521
54522.0,-60.938396
54524.0,-60.936279
54526.0,-60.93417
54528.0,-60.932068
54530.0,-60.92997
54532.0,-60.927879
54534.0,-60.925793
54536.0,-60.923717
54538.0,-60.921642
54540.0,-60.919579
54542.0,-60.917515
54544.0,-60.915459
54546.0,-60.91341
54548.0,-60.911366
54550.0,-60.909325
54552.0,-60.907291
54554.0,-60.905262
54556.0,-60.903236
54558.0,-60.901215
54560.0,-60.8992
54562.0,-60.897186
54564.0,-60.89518
54566.0,-60.893177
54568.0,-60.891178
54570.0,-60.889183
54572.0,-60.887192
54574.0,-60.885201
54576.0,-60.883217
54578.0,-60.881237
54580.0,-60.879257
54582.0,-60.877281
54584.0,-60.875309
54586.0,-60.873341
54588.0,-60.871372
54590.0,-60.869408
54592.0,-60.867447
54594.0,-60.865486
54596.0,-60.863529
54598.0,-60.861572
54600.0,-60.859619
54602.0,-60.857666
54604.0,-60.855717
54606.0,-60.853767
54608.0,-60.851818
54610.0,-60.849873
54612.0,-60.847927
54614.0,-60.845982
54616.0,-60.844036
54618.0,-60.842094
54620.0,-60.840153
54622.0,-60.838211
54624.0,-60.836266
54626.0,-60.834324
54628.0,-60.832382
54630.0,-60.830441
54632.0,-60.828499
54634.0,-60.826557
54636.0,-60.824612
54638.0,-60.82267
54640.0,-60.820724
54642.0,-60.818779
54644.0,-60.81683
54646.0,-60.814884
54648.0,-60.812935
54650.0,-60.810982
54652.0,-60.809029
54654.0,-60.807076
54656.0,-60.805119
54658.0,-60.803162
54660.0,-60.801201
54662.0,-60.79924
54664.0,-60.797276
54666.0,-60.795307
54668.0,-60.793339
54670.0,-60.791367
54672.0,-60.789391
54674.0,-60.787411
54676.0,-60.785431
54678.0,-60.783443
54680.0,-60.781456
54682.0,-60.779465
54684.0,-60.777515
54686.0,-60.775642
54688.0,-60.773769
54690.0,-60.771896
54692.0,-60.77002
54694.0,-60.768143
54696.0,-60.766266
54698.0,-60.764389
54700.0,-60.762508
54702.0,-60.760624
54704.0,-60.758739
54706.0,-60.756855
54708.0,-60.754967
54710.0,-60.753075
54712.0,-60.751183
54714.0,-60.74929
54716.0,-60.747391
54718.0,-60.745491
54720.0,-60.743591
54722.0,-60.741684
54724.0,-60.739777
54726.0,-60.737865
54728.0,-60.735954
54730.0,-60.734035
54732.0,-60.732117
54734.0,-60.730194
54736.0,-60.728264
54738.0,-60.726334
54740.0,-60.7244
54742.0,-60.722462
54744.0,-60.72052
54746.0,-60.718575
54748.0,-60.716625
54750.0,-60.714668
54752.0,-60.712711
54754.0,-60.710747
54756.0,-60.708778
54758.0,-60.706806
54760.0,-60.70483
54762.0,-60.702847
54764.0,-60.700859
54766.0,-60.698868
54768.0,-60.696869
54770.0,-60.694866
54772.0,-60.69286
54774.0,-60.690845
54776.0,-60.688824
54778.0,-60.686798
54780.0,-60.684769
54782.0,-60.682732
54784.0,-60.680687
54786.0,-60.678638
54788.0,-60.676582
54790.0,-60.674522
54792.0,-60.672451
54794.0,-60.670376
54796.0,-60.668297
54798.0,-60.666206
54800.0,-60.664112
54802.0,-60.66201
54804.0,-60.659901
54806.0,-60.657784
54808.0,-60.655659
54810.0,-60.653526
54812.0,-60.651386
54814.0,-60.649239
54816.0,-60.647083
54818.0,-60.64492
54820.0,-60.64275
54822.0,-60.640572
54824.0,-60.638382
54826.0,-60.636189
54828.0,-60.633984
54830.0,-60.631771
54832.0,-60.629551
54834.0,-60.627319
54836.0,-60.62508
54838.0,-60.622833
54840.0,-60.620575
54842.0,-60.618309
54844.0,-60.616035
54846.0,-60.61375
54848.0,-60.611454
54850.0,-60.609154
54852.0,-60.606838
54854.0,-60.604515
54856.0,-60.60218
54858.0,-60.599838
54860.0,-60.597485
54862.0,-60.595119
54864.0,-60.592747
54866.0,-60.590359
54868.0,-60.587967
54870.0,-60.58556
54872.0,-60.583141
54874.0,-60.580715
54876.0,-60.578274
54878.0,-60.575825
54880.0,-60.573364
54882.0,-60.570892
54884.0,-60.568405
54886.0,-60.56591
54888.0,-60.563404
54890.0,-60.560886
54892.0,-60.558353
54894.0,-60.555809
54896.0,-60.553257
54898.0,-60.55069
54900.0,-60.548107
54902.0,-60.545517
54904.0,-60.542912
54906.0,-60.540295
54908.0,-60.537666
54910.0,-60.535023
54912.0,-60.532368
54914.0,-60.529697
54916.0,-60.527016
54918.0,-60.524319
54920.0,-60.52161
54922.0,-60.51889
54924.0,-60.516151
54926.0,-60.513405
54928.0,-60.510639
54930.0,-60.507862
54932.0,-60.505157
54934.0,-60.502483
54936.0,-60.499794
54938.0,-60.497097
54940.0,-60.494385
54942.0,-60.491665
54944.0,-60.48893
54946.0,-60.486187
54948.0,-60.483429
54950.0,-60.480659
54952.0,-60.477882
54954.0,-60.47509
54956.0,-60.472286
54958.0,-60.469467
54960.0,-60.46664
54962.0,-60.463799
54964.0,-60.460949
54966.0,-60.45808
54968.0,-60.455204
54970.0,-60.452312
54972.0,-60.449409
54974.0,-60.446495
54976.0,-60.443565
54978.0,-60.440624
54980.0,-60.437672
54982.0,-60.434704
54984.0,-60.431721
54986.0,-60.42873
54988.0,-60.42572
54990.0,-60.422699
54992.0,-60.419666
54994.0,-60.416618
54996.0,-60.413555
54998.0,-60.41048
55000.0,-60.407391
55002.0,-60.404289
55004.0,-60.401173
55006.0,-60.398041
55008.0,-60.394897
55010.0,-60.391735
55012.0,-60.388561
55014.0,-60.385376
55016.0,-60.382172
55018.0,-60.378956
55020.0,-60.375721
55022.0,-60.372475
55024.0,-60.369213
55026.0,-60.365936
55028.0,-60.362644
55030.0,-60.359341
55032.0,-60.356018
55034.0,-60.35268
55036.0,-60.349327
55038.0,-60.345963
55040.0,-60.342579
55042.0,-60.33918
55044.0,-60.335766
55046.0,-60.332333
55048.0,-60.328888
55050.0,-60.325428
55052.0,-60.321949
55054.0,-60.318455
55056.0,-60.314945
55058.0,-60.311417
55060.0,-60.307877
55062.0,-60.304317
55064.0,-60.300739
55066.0,-60.29715
55068.0,-60.293541
55070.0,-60.289913
55072.0,-60.28627
55074.0,-60.282612
55076.0,-60.278938
55078.0,-60.275242
55080.0,-60.271534
55082.0,-60.267803
55084.0,-60.264061
55086.0,-60.260296
55088.0,-60.256519
55090.0,-60.25272
55092.0,-60.248905
55094.0,-60.245071
55096.0,-60.241222
55098.0,-60.237354
55100.0,-60.233467
55102.0,-60.229561
55104.0,-60.225639
55106.0,-60.221699
55108.0,-60.217739
55110.0,-60.21376
55112.0,-60.209766
55114.0,-60.20575
55116.0,-60.201717
55118.0,-60.197662
55120.0,-60.193592
55122.0,-60.189503
55124.0,-60.185394
55126.0,-60.181267
55128.0,-60.17712
55130.0,-60.172955
55132.0,-60.168766
55134.0,-60.164562
55136.0,-60.160339
55138.0,-60.156094
55140.0,-60.151829
55142.0,-60.147545
55144.0,-60.143242
55146.0,-60.13892
55148.0,-60.134579
55150.0,-60.130215
55152.0,-60.125832
55154.0,-60.121426
55156.0,-60.117004
55158.0,-60.11256
55160.0,-60.108093
55162.0,-60.103607
55164.0,-60.099102
55166.0,-60.094578
55168.0,-60.090027
55170.0,-60.085461
55172.0,-60.080872
55174.0,-60.07626
55176.0,-60.071629
55178.0,-60.066975
55180.0,-60.062267
55182.0,-60.057537
55184.0,-60.052784
55186.0,-60.048008
55188.0,-60.043209
55190.0,-60.038387
55192.0,-60.033546
55194.0,-60.028679
55196.0,-60.023792
55198.0,-60.018879
55200.0,-60.013943
55202.0,-60.008987
55204.0,-60.004005
55206.0,-59.999001
55208.0,-59.993973
55210.0,-59.988922
55212.0,-59.983845
55214.0,-59.978748
55216.0,-59.973625
55218.0,-59.968479
55220.0,-59.963306
55222.0,-59.958115
55224.0,-59.952896
55226.0,-59.947651
55228.0,-59.942387
55230.0,-59.937096
55232.0,-59.931778
55234.0,-59.926437
55236.0,-59.921074
55238.0,-59.915684
55240.0,-59.910271
55242.0,-59.904831
55244.0,-59.899364
55246.0,-59.893875
55248.0,-59.888363
55250.0,-59.88282
55252.0,-59.877258
55254.0,-59.871666
55256.0,-59.866051
55258.0,-59.860409
55260.0,-59.85474
55262.0,-59.849045
55264.0,-59.843327
55266.0,-59.837582
55268.0,-59.83181
55270.0,-59.826012
55272.0,-59.820187
55274.0,-59.814339
55276.0,-59.80846
55278.0,-59.802559
55280.0,-59.796627
55282.0,-59.790672
55284.0,-59.784687
55286.0,-59.778679
55288.0,-59.77264
55290.0,-59.766575
55292.0,-59.760487
55294.0,-59.754368
55296.0,-59.748219
55298.0,-59.742046
55300.0,-59.735844
55302.0,-59.729618
55304.0,-59.723362
55306.0,-59.717075
55308.0,-59.710766
55310.0,-59.704426
55312.0,-59.698055
55314.0,-59.691662
55316.0,-59.685234
55318.0,-59.678783
55320.0,-59.672302
55322.0,-59.665791
55324.0,-59.659252
55326.0,-59.652687
55328.0,-59.646091
55330.0,-59.639465
55332.0,-59.632812
55334.0,-59.626129
55336.0,-59.619419
55338.0,-59.612679
55340.0,-59.605907
55342.0,-59.599106
55344.0,-59.592278
55346.0,-59.585419
55348.0,-59.578529
55350.0,-59.571613
55352.0,-59.564663
55354.0,-59.557686
55356.0,-59.550678
55358.0,-59.54364
55360.0,-59.536572
55362.0,-59.529472
55364.0,-59.522343
55366.0,-59.515182
55368.0,-59.507992
55370.0,-59.500774
55372.0,-59.493523
55374.0,-59.48624
55376.0,-59.478924
55378.0,-59.471581
55380.0,-59.464207
55382.0,-59.456799
55384.0,-59.44936
55386.0,-59.441891
55388.0,-59.434391
55390.0,-59.426857
55392.0,-59.419292
55394.0,-59.411697
55396.0,-59.404072
55398.0,-59.396412
55400.0,-59.388718
55402.0,-59.380997
55404.0,-59.373241
55406.0,-59.365452
55408.0,-59.357632
55410.0,-59.349777
55412.0,-59.341892
55414.0,-59.333973
55416.0,-59.326023
55418.0,-59.318039
55420.0,-59.310024
55422.0,-59.301975
55424.0,-59.293892
55426.0,-59.285347
55428.0,-59.275799
55430.0,-59.266144
55432.0,-59.256382
55434.0,-59.246513
55436.0,-59.23653
55438.0,-59.22644
55440.0,-59.216232
55442.0,-59.205914
55444.0,-59.19548
55446.0,-59.184929
55448.0,-59.174259
55450.0,-59.163471
55452.0,-59.152561
55454.0,-59.141529
55456.0,-59.130375
55458.0,-59.119099
55460.0,-59.107693
55462.0,-59.096161
55464.0,-59.084503
55466.0,-59.072712
55468.0,-59.060795
55470.0,-59.04874
55472.0,-59.036556
55474.0,-59.024235
55476.0,-59.01178
55478.0,-58.999184
55480.0,-58.986454
55482.0,-58.973579
55484.0,-58.960567
55486.0,-58.947411
55488.0,-58.934109
55490.0,-58.920666
55492.0,-58.907074
55494.0,-58.893333
55496.0,-58.879444
55498.0,-58.865406
55500.0,-58.851215
55502.0,-58.836876
55504.0,-58.822376
55506.0,-58.807724
55508.0,-58.792915
55510.0,-58.777946
55512.0,-58.762821
55514.0,-58.747532
55516.0,-58.732082
55518.0,-58.716469
55520.0,-58.700691
55522.0,-58.68475
55524.0,-58.66864
55526.0,-58.652359
55528.0,-58.635914
55530.0,-58.619293
55532.0,-58.602501
55534.0,-58.585537
55536.0,-58.568394
55538.0,-58.551079
55540.0,-58.533585
55542.0,-58.515659
55544.0,-58.49741
55546.0,-58.478897
55548.0,-58.460114
55550.0,-58.441048
55552.0,-58.421703
55554.0,-58.402073
55556.0,-58.382153
55558.0,-58.361931
55560.0,-58.341412
55562.0,-58.320583
55564.0,-58.299446
55566.0,-58.277992
55568.0,-58.256218
55570.0,-58.234009
55572.0,-58.211281
55574.0,-58.188164
55576.0,-58.164642
55578.0,-58.140713
55580.0,-58.116367
55582.0,-58.091595
55584.0,-58.066387
55586.0,-58.040737
55588.0,-58.014633
55590.0,-57.988071
55592.0,-57.96104
55594.0,-57.933533
55596.0,-57.90554
55598.0,-57.87698
55600.0,-57.845737
55602.0,-57.813663
55604.0,-57.780746
55606.0,-57.746967
55608.0,-57.712311
55610.0,-57.676769
55612.0,-57.640324
55614.0,-57.602962
55616.0,-57.564674
55618.0,-57.52544
55620.0,-57.485245
55622.0,-57.44408
55624.0,-57.401932
55626.0,-57.35878
55628.0,-57.314613
55630.0,-57.269421
55632.0,-57.223186
55634.0,-57.1759
55636.0,-57.127537
55638.0,-57.078094
55640.0,-57.027554
55642.0,-56.975899
55644.0,-56.923122
55646.0,-56.869205
55648.0,-56.814133
55650.0,-56.757893
55652.0,-56.700474
55654.0,-56.641857
55656.0,-56.582031
55658.0,-56.52071
55660.0,-56.456657
55662.0,-56.390606
55664.0,-56.322483
55666.0,-56.252213
55668.0,-56.179726
55670.0,-56.104946
55672.0,-56.027802
55674.0,-55.947445
55676.0,-55.86396
55678.0,-55.777447
55680.0,-55.687775
55682.0,-55.59483
55684.0,-55.498486
55686.0,-55.398621
55688.0,-55.293365
55690.0,-55.178764
55692.0,-55.058361
55694.0,-54.931938
55696.0,-54.79929
55698.0,-54.660194
55700.0,-54.514446
55702.0,-54.361832
55704.0,-54.202141
55706.0,-54.035152
55708.0,-53.860664
55710.0,-53.678455
55712.0,-53.488319
55714.0,-53.288929
55716.0,-53.07642
55718.0,-52.851028
55720.0,-52.611687
55722.0,-52.355015
55724.0,-52.080597
55726.0,-51.787029
55728.0,-51.462612
55730.0,-51.107914
55732.0,-50.722126
55734.0,-50.303158
55736.0,-49.848915
55738.0,-49.355499
55740.0,-48.754284
55742.0,-48.078541
55744.0,-47.321362
55746.0,-46.475842
55748.0,-45.535072
55750.0,-44.485432
55752.0,-43.25317
55754.0,-41.783569
55756.0,-40.004269
55758.0,-37.797462
55760.0,-34.98732
55762.0,-31.358694
55764.0,-26.604918
55766.0,-20.65457
55768.0,-14.194589
55770.0,-9.0429859
55772.0,-6.7941499
55774.0,-7.4890313
55776.0,-10.313752
55778.0,-14.358035
55780.0,-18.897747
55782.0,-23.4296
55784.0,-27.71678
55786.0,-31.680902
55788.0,-35.309628
55790.0,-38.609039
55792.0,-41.592945
55794.0,-44.27071
55796.0,-46.659382
55798.0,-48.774616
55800.0,-50.633446
55802.0,-52.270199
55804.0,-53.690552
55806.0,-54.947777
55808.0,-56.056286
55810.0,-57.020214
55812.0,-57.851799
55814.0,-58.577633
55816.0,-59.229126
55818.0,-59.818199
55820.0,-60.320427
55822.0,-60.754169
55824.0,-61.150352
55826.0,-61.52235
55828.0,-61.857578
55830.0,-62.137638
55832.0,-62.379402
55834.0,-62.620209
55836.0,-62.861645
55838.0,-63.056053
55840.0,-63.211647
55842.0,-63.35944
55844.0,-63.522026
55846.0,-63.681427
55848.0,-63.794125
55850.0,-63.871346
55852.0,-63.975914
55854.0,-64.103065
55856.0,-64.199516
55858.0,-64.25145
55860.0,-64.293251
55862.0,-64.375221
55864.0,-64.484276
55866.0,-64.572731
55868.0,-64.651413
55870.0,-64.720856
55872.0,-64.775604
55874.0,-64.821762
55876.0,-64.86525
55878.0,-64.90287
55880.0,-64.929405
55882.0,-64.947212
55884.0,-64.972794
55886.0,-64.994347
55888.0,-65.011864
55890.0,-65.02536
55892.0,-65.034813
55894.0,-65.045074
55896.0,-65.053177
55898.0,-65.058922
55900.0,-65.062309
55902.0,-65.063332
55904.0,-65.064095
55906.0,-65.063744
55908.0,-65.061905
55910.0,-65.058563
55912.0,-65.053726
55914.0,-65.049004
55916.0,-65.043976
55918.0,-65.037971
55920.0,-65.030991
55922.0,-65.023033
55924.0,-65.014099
55926.0,-65.004196
55928.0,-64.993309
55930.0,-64.981895
55932.0,-64.970947
55934.0,-64.959396
55936.0,-64.94725
55938.0,-64.934509
55940.0,-64.921173
55942.0,-64.907242
55944.0,-64.892708
55946.0,-64.877579
55948.0,-64.863441
55950.0,-64.849197
55952.0,-64.83461
55954.0,-64.819679
55956.0,-64.804413
55958.0,-64.788811
55960.0,-64.772865
55962.0,-64.756577
55964.0,-64.739944
55966.0,-64.722977
55968.0,-64.705673
55970.0,-64.688026
55972.0,-64.670036
55974.0,-64.652267
55976.0,-64.635086
55978.0,-64.61776
55980.0,-64.600288
55982.0,-64.582672
55984.0,-64.564903
55986.0,-64.546997
55988.0,-64.528946
55990.0,-64.510742
55992.0,-64.492401
55994.0,-64.473907
55996.0,-64.455269
55998.0,-64.436493
56000.0,-64.417564
56002.0,-64.399132
56004.0,-64.380699
56006.0,-64.362228
56008.0,-64.343727
56010.0,-64.325211
56012.0,-64.306671
56014.0,-64.288116
56016.0,-64.269547
56018.0,-64.250969
56020.0,-64.232384
56022.0,-64.213799
56024.0,-64.195213
56026.0,-64.176636
56028.0,-64.158058
56030.0,-64.139503
56032.0,-64.120964
56034.0,-64.10244
56036.0,-64.083939
56038.0,-64.06546
56040.0,-64.04702
56042.0,-64.02861
56044.0,-64.010284
56046.0,-63.992062
56048.0,-63.973896
56050.0,-63.955795
56052.0,-63.937759
56054.0,-63.919796
56056.0,-63.901909
56058.0,-63.884102
56060.0,-63.866379
56062.0,-63.84874
56064.0,-63.831196
56066.0,-63.813747
56068.0,-63.796402
56070.0,-63.77916
56072.0,-63.762028
56074.0,-63.745007
56076.0,-63.728104
56078.0,-63.711323
56080.0,-63.694668
56082.0,-63.678143
56084.0,-63.661751
56086.0,-63.645496
56088.0,-63.628395
56090.0,-63.611317
56092.0,-63.594288
56094.0,-63.577316
56096.0,-63.560402
56098.0,-63.543549
56100.0,-63.52676
56102.0,-63.510036
56104.0,-63.493385
56106.0,-63.47681
56108.0,-63.460312
56110.0,-63.443893
56112.0,-63.427559
56114.0,-63.411312
56116.0,-63.395157
56118.0,-63.379093
56120.0,-63.363129
56122.0,-63.34726
56124.0,-63.331497
56126.0,-63.315842
56128.0,-63.300293
56130.0,-63.284863
56132.0,-63.269543
56134.0,-63.254345
56136.0,-63.239269
56138.0,-63.224319
56140.0,-63.209496
56142.0,-63.194809
56144.0,-63.180256
56146.0,-63.16584
56148.0,-63.151569
56150.0,-63.13744
56152.0,-63.123463
56154.0,-63.109634
56156.0,-63.095959
56158.0,-63.082447
56160.0,-63.069092
56162.0,-63.055904
56164.0,-63.042881
56166.0,-63.030033
56168.0,-63.017357
56170.0,-63.004856
56172.0,-62.992538
56174.0,-62.980404
56176.0,-62.968456
56178.0,-62.956699
56180.0,-62.945133
56182.0,-62.933064
56184.0,-62.920525
56186.0,-62.908108
56188.0,-62.895813
56190.0,-62.88364
56192.0,-62.87159
56194.0,-62.859665
56196.0,-62.847866
56198.0,-62.836197
56200.0,-62.824657
56202.0,-62.813251
56204.0,-62.801975
56206.0,-62.790836
56208.0,-62.779831
56210.0,-62.768963
56212.0,-62.758236
56214.0,-62.747646
56216.0,-62.737202
56218.0,-62.726898
56220.0,-62.716743
56222.0,-62.70673
56224.0,-62.696869
56226.0,-62.687157
56228.0,-62.677593
56230.0,-62.668186
56232.0,-62.658928
56234.0,-62.64983
56236.0,-62.640888
56238.0,-62.632103
56240.0,-62.623478
56242.0,-62.615017
56244.0,-62.60672
56246.0,-62.598583
56248.0,-62.590614
56250.0,-62.582817
56252.0,-62.575184
56254.0,-62.567722
56256.0,-62.560436
56258.0,-62.553322
56260.0,-62.546383
56262.0,-62.539619
56264.0,-62.533035
56266.0,-62.52663
56268.0,-62.520405
56270.0,-62.514366
56272.0,-62.508511
56274.0,-62.502838
56276.0,-62.497185
56278.0,-62.490276
56280.0,-62.483456
56282.0,-62.476727
56284.0,-62.470085
56286.0,-62.463528
56288.0,-62.457062
56290.0,-62.450684
56292.0,-62.444389
56294.0,-62.438183
56296.0,-62.43206
56298.0,-62.426022
56300.0,-62.420067
56302.0,-62.414196
56304.0,-62.408409
56306.0,-62.402702
56308.0,-62.397079
56310.0,-62.391537
56312.0,-62.386078
56314.0,-62.380695
56316.0,-62.375393
56318.0,-62.370171
56320.0,-62.365028
56322.0,-62.359962
56324.0,-62.354973
56326.0,-62.35006
56328.0,-62.345222
56330.0,-62.340462
56332.0,-62.335777
56334.0,-62.331169
56336.0,-62.32663
56338.0,-62.322166
56340.0,-62.317776
56342.0,-62.313457
56344.0,-62.309212
56346.0,-62.305035
56348.0,-62.30093
56350.0,-62.296898
56352.0,-62.292931
56354.0,-62.289036
56356.0,-62.285206
56358.0,-62.281445
56360.0,-62.277752
56362.0,-62.274124
56364.0,-62.270565
56366.0,-62.267071
56368.0,-62.263641
56370.0,-62.260273
56372.0,-62.25647
56374.0,-62.252453
56376.0,-62.248451
56378.0,-62.244461
56380.0,-62.240486
56382.0,-62.236523
56384.0,-62.232563
56386.0,-62.228615
56388.0,-62.224674
56390.0,-62.220734
56392.0,-62.216801
56394.0,-62.212868
56396.0,-62.208935
56398.0,-62.204998
56400.0,-62.201061
56402.0,-62.197117
56404.0,-62.193169
56406.0,-62.189213
56408.0,-62.185249
56410.0,-62.181271
56412.0,-62.177284
56414.0,-62.173283
56416.0,-62.169262
56418.0,-62.16523
56420.0,-62.161175
56422.0,-62.157104
56424.0,-62.153011
56426.0,-62.148895
56428.0,-62.144753
56430.0,-62.140587
56432.0,-62.136391
56434.0,-62.132168
56436.0,-62.127911
56438.0,-62.123627
56440.0,-62.119305
56442.0,-62.114952
56444.0,-62.110558
56446.0,-62.106129
56448.0,-62.101658
56450.0,-62.097149
56452.0,-62.092594
56454.0,-62.087997
56456.0,-62.083351
56458.0,-62.078659
56460.0,-62.073921
56462.0,-62.06913
56464.0,-62.064289
56466.0,-62.059475
56468.0,-62.054878
56470.0,-62.050247
56472.0,-62.045578
56474.0,-62.040874
56476.0,-62.036133
56478.0,-62.031353
56480.0,-62.026531
56482.0,-62.021667
56484.0,-62.016766
56486.0,-62.011818
56488.0,-62.006824
56490.0,-62.001789
56492.0,-61.996704
56494.0,-61.991573
56496.0,-61.986393
56498.0,-61.981163
56500.0,-61.975883
56502.0,-61.970551
56504.0,-61.965168
56506.0,-61.959728
56508.0,-61.954235
56510.0,-61.948685
56512.0,-61.943077
56514.0,-61.937408
56516.0,-61.931686
56518.0,-61.9259
56520.0,-61.920052
56522.0,-61.914143
56524.0,-61.908169
56526.0,-61.90213
56528.0,-61.896027
56530.0,-61.889854
56532.0,-61.883617
56534.0,-61.877308
56536.0,-61.87093
56538.0,-61.864479
56540.0,-61.857956
56542.0,-61.85136
56544.0,-61.844692
56546.0,-61.837948
56548.0,-61.831123
56550.0,-61.824226
56552.0,-61.817245
56554.0,-61.810188
56556.0,-61.803047
56558.0,-61.795826
56560.0,-61.788525
56562.0,-61.781803
56564.0,-61.775196
56566.0,-61.768559
56568.0,-61.761883
56570.0,-61.755177
56572.0,-61.748432
56574.0,-61.741657
56576.0,-61.734848
56578.0,-61.728004
56580.0,-61.72113
56582.0,-61.714218
56584.0,-61.707272
56586.0,-61.700294
56588.0,-61.693283
56590.0,-61.686234
56592.0,-61.679153
56594.0,-61.672039
56596.0,-61.66489
56598.0,-61.657707
56600.0,-61.650494
56602.0,-61.643242
56604.0,-61.635956
56606.0,-61.628639
56608.0,-61.621288
56610.0,-61.613899
56612.0,-61.60648
56614.0,-61.599026
56616.0,-61.591537
56618.0,-61.584015
56620.0,-61.576458
56622.0,-61.568867
56624.0,-61.561241
56626.0,-61.553581
56628.0,-61.545891
56630.0,-61.538162
56632.0,-61.530399
56634.0,-61.522606
56636.0,-61.514774
56638.0,-61.506912
56640.0,-61.499012
56642.0,-61.491081
56644.0,-61.483112
56646.0,-61.475113
56648.0,-61.467075
56650.0,-61.459007
56652.0,-61.450905
56654.0,-61.442764
56656.0,-61.435162
56658.0,-61.428497
56660.0,-61.421894
56662.0,-61.415348
56664.0,-61.408863
56666.0,-61.402439
56668.0,-61.396076
56670.0,-61.389771
56672.0,-61.383526
56674.0,-61.377342
56676.0,-61.371216
56678.0,-61.365154
56680.0,-61.359146
56682.0,-61.353203
56684.0,-61.347317
56686.0,-61.341496
56688.0,-61.335728
56690.0,-61.330025
56692.0,-61.324379
56694.0,-61.318794
56696.0,-61.313271
56698.0,-61.307804
56700.0,-61.302399
56702.0,-61.297054
56704.0,-61.291771
56706.0,-61.286545
56708.0,-61.28138
56710.0,-61.276276
56712.0,-61.271229
56714.0,-61.266243
56716.0,-61.261318
56718.0,-61.256275
56720.0,-61.250961
56722.0,-61.245682
56724.0,-61.240429
56726.0,-61.235203
56728.0,-61.230007
56730.0,-61.224842
56732.0,-61.219707
56734.0,-61.2146
56736.0,-61.209518
56738.0,-61.204472
56740.0,-61.199451
56742.0,-61.194458
56744.0,-61.189495
56746.0,-61.184563
56748.0,-61.179661
56750.0,-61.174786
56752.0,-61.169937
56754.0,-61.165123
56756.0,-61.160336
56758.0,-61.155575
56760.0,-61.150845
56762.0,-61.146145
56764.0,-61.141472
56766.0,-61.136829
56768.0,-61.132217
56770.0,-61.127632
56772.0,-61.123077
56774.0,-61.118553
56776.0,-61.114056
56778.0,-61.109589
56780.0,-61.105034
56782.0,-61.100292
56784.0,-61.09557
56786.0,-61.090858
56788.0,-61.086166
56790.0,-61.081493
56792.0,-61.076832
56794.0,-61.072189
56796.0,-61.067562
56798.0,-61.06295
56800.0,-61.058357
56802.0,-61.053776
56804.0,-61.049213
56806.0,-61.04467
56808.0,-61.040138
56810.0,-61.035625
56812.0,-61.031128
56814.0,-61.026646
56816.0,-61.022182
56818.0,-61.017735
56820.0,-61.013302
56822.0,-61.008884
56824.0,-61.004482
56826.0,-61.000099
56828.0,-60.995731
56830.0,-60.991383
56832.0,-60.987045
56834.0,-60.982727
56836.0,-60.978424
56838.0,-60.974136
56840.0,-60.969868
56842.0,-60.965614
56844.0,-60.961376
56846.0,-60.957153
56848.0,-60.95295
56850.0,-60.948761
56852.0,-60.944588
56854.0,-60.94043
56856.0,-60.936291
56858.0,-60.932167
56860.0,-60.928059
56862.0,-60.923965
56864.0,-60.919891
56866.0,-60.915833
56868.0,-60.911789
56870.0,-60.907761
56872.0,-60.903751
56874.0,-60.899757
56876.0,-60.895779
56878.0,-60.891815
56880.0,-60.88776
56882.0,-60.883629
56884.0,-60.879505
56886.0,-60.875389
56888.0,-60.871281
56890.0,-60.867184
56892.0,-60.863094
56894.0,-60.859013
56896.0,-60.854939
56898.0,-60.850872
56900.0,-60.846817
56902.0,-60.84277
56904.0,-60.83873
56906.0,-60.834698
56908.0,-60.830677
56910.0,-60.82666
56912.0,-60.822655
56914.0,-60.818657
56916.0,-60.814671
56918.0,-60.810688
56920.0,-60.806717
56922.0,-60.802753
56924.0,-60.798798
56926.0,-60.794853
56928.0,-60.790913
56930.0,-60.786983
56932.0,-60.783062
56934.0,-60.779148
56936.0,-60.775242
56938.0,-60.771347
56940.0,-60.76746
56942.0,-60.76358
56944.0,-60.759708
56946.0,-60.755844
56948.0,-60.751991
56950.0,-60.748146
56952.0,-60.744308
56954.0,-60.740479
56956.0,-60.73666
56958.0,-60.732845
56960.0,-60.729042
56962.0,-60.725246
56964.0,-60.721462
56966.0,-60.717682
56968.0,-60.713913
56970.0,-60.710152
56972.0,-60.706398
56974.0,-60.702652
56976.0,-60.698917
56978.0,-60.69519
56980.0,-60.69128
56982.0,-60.687317
56984.0,-60.683353
56986.0,-60.679398
56988.0,-60.675442
56990.0,-60.671486
56992.0,-60.667538
56994.0,-60.663589
56996.0,-60.659645
56998.0,-60.655704
57000.0,-60.651764
57002.0,-60.647831
57004.0,-60.643898
57006.0,-60.639965
57008.0,-60.63604
57010.0,-60.632114
57012.0,-60.628193
57014.0,-60.624275
57016.0,-60.620358
57018.0,-60.616444
57020.0,-60.612534
57022.0,-60.608627
57024.0,-60.604721
57026.0,-60.600819
57028.0,-60.59692
57030.0,-60.593025
57032.0,-60.58913
57034.0,-60.585239
57036.0,-60.581352
57038.0,-60.577469
57040.0,-60.573586
57042.0,-60.569706
57044.0,-60.56583
57046.0,-60.561958
57048.0,-60.558086
57050.0,-60.554218
57052.0,-60.550354
57054.0,-60.54649
57056.0,-60.542633
57058.0,-60.538776
57060.0,-60.53492
57062.0,-60.531071
57064.0,-60.527222
57066.0,-60.523376
57068.0,-60.519535
57070.0,-60.515694
57072.0,-60.511856
57074.0,-60.508022
57076.0,-60.504192
57078.0,-60.500366
57080.0,-60.49654
57082.0,-60.492718
57084.0,-60.488895
57086.0,-60.485081
57088.0,-60.481266
57090.0,-60.477455
57092.0,-60.473644
57094.0,-60.469841
57096.0,-60.466038
57098.0,-60.462238
57100.0,-60.458439
57102.0,-60.454647
57104.0,-60.450855
57106.0,-60.447067
57108.0,-60.443279
57110.0,-60.439495
57112.0,-60.435715
57114.0,-60.431938
57116.0,-60.428165
57118.0,-60.424393
57120.0,-60.420624
57122.0,-60.416859
57124.0,-60.413094
57126.0,-60.409336
57128.0,-60.405579
57130.0,-60.401821
57132.0,-60.398071
57134.0,-60.394321
57136.0,-60.390575
57138.0,-60.386833
57140.0,-60.383091
57142.0,-60.379353
57144.0,-60.375618
57146.0,-60.371887
57148.0,-60.368156
57150.0,-60.364429
57152.0,-60.360706
57154.0,-60.356987
57156.0,-60.352993
57158.0,-60.348904
57160.0,-60.34481
57162.0,-60.34071
57164.0,-60.336605
57166.0,-60.332493
57168.0,-60.328377
57170.0,-60.324253
57172.0,-60.320126
57174.0,-60.315994
57176.0,-60.311855
57178.0,-60.307713
57180.0,-60.303562
57182.0,-60.299408
57184.0,-60.295246
57186.0,-60.29108
57188.0,-60.286911
57190.0,-60.282734
57192.0,-60.278553
57194.0,-60.274364
57196.0,-60.270172
57198.0,-60.265972
57200.0,-60.261768
57202.0,-60.257561
57204.0,-60.253345
57206.0,-60.249126
57208.0,-60.2449
57210.0,-60.240669
57212.0,-60.236435
57214.0,-60.232193
57216.0,-60.227943
57218.0,-60.223694
57220.0,-60.219433
57222.0,-60.215172
57224.0,-60.210903
57226.0,-60.206627
57228.0,-60.202347
57230.0,-60.198063
57232.0,-60.193771
57234.0,-60.189476
57236.0,-60.185173
57238.0,-60.180866
57240.0,-60.176556
57242.0,-60.172237
57244.0,-60.167912
57246.0,-60.163586
57248.0,-60.159248
57250.0,-60.154911
57252.0,-60.150566
57254.0,-60.146214
57256.0,-60.141857
57258.0,-60.137497
57260.0,-60.133129
57262.0,-60.128757
57264.0,-60.124378
57266.0,-60.119995
57268.0,-60.115608
57270.0,-60.111214
57272.0,-60.106815
57274.0,-60.102409
57276.0,-60.098
57278.0,-60.093582
57280.0,-60.089161
57282.0,-60.084736
57284.0,-60.080303
57286.0,-60.075867
57288.0,-60.071423
57290.0,-60.066975
57292.0,-60.062519
57294.0,-60.05806
57296.0,-60.053596
57298.0,-60.049126
57300.0,-60.044651
57302.0,-60.040169
57304.0,-60.035683
57306.0,-60.031189
57308.0,-60.026691
57310.0,-60.02219
57312.0,-60.017681
57314.0,-60.013168
57316.0,-60.008648
57318.0,-60.004124
57320.0,-59.999592
57322.0,-59.995056
57324.0,-59.990517
57326.0,-59.98597
57328.0,-59.981419
57330.0,-59.97686
57332.0,-59.971519
57334.0,-59.96587
57336.0,-59.96019
57338.0,-59.954479
57340.0,-59.948742
57342.0,-59.942974
57344.0,-59.937176
57346.0,-59.931347
57348.0,-59.925491
57350.0,-59.919605
57352.0,-59.913689
57354.0,-59.907745
57356.0,-59.901772
57358.0,-59.895767
57360.0,-59.889736
57362.0,-59.883675
57364.0,-59.877583
57366.0,-59.87146
57368.0,-59.865311
57370.0,-59.859131
57372.0,-59.852924
57374.0,-59.846684
57376.0,-59.840416
57378.0,-59.834118
57380.0,-59.827793
57382.0,-59.821438
57384.0,-59.815052
57386.0,-59.80864
57388.0,-59.802193
57390.0,-59.795719
57392.0,-59.789219
57394.0,-59.782684
57396.0,-59.776123
57398.0,-59.769535
57400.0,-59.762913
57402.0,-59.756264
57404.0,-59.749584
57406.0,-59.742878
57408.0,-59.736141
57410.0,-59.729374
57412.0,-59.722576
57414.0,-59.715752
57416.0,-59.708897
57418.0,-59.702011
57420.0,-59.695099
57422.0,-59.688152
57424.0,-59.681183
57426.0,-59.674179
57428.0,-59.667149
57430.0,-59.660088
57432.0,-59.652996
57434.0,-59.645878
57436.0,-59.638729
57438.0,-59.63155
57440.0,-59.624344
57442.0,-59.617107
57444.0,-59.60984
57446.0,-59.602543
57448.0,-59.595219
57450.0,-59.587864
57452.0,-59.580482
57454.0,-59.573067
57456.0,-59.565624
57458.0,-59.558155
57460.0,-59.550652
57462.0,-59.543121
57464.0,-59.535561
57466.0,-59.527973
57468.0,-59.520355
57470.0,-59.512707
57472.0,-59.505028
57474.0,-59.497322
57476.0,-59.489586
57478.0,-59.481819
57480.0,-59.474026
57482.0,-59.466202
57484.0,-59.458347
57486.0,-59.450462
57488.0,-59.442551
57490.0,-59.434608
57492.0,-59.42664
57494.0,-59.418636
57496.0,-59.410606
57498.0,-59.40255
57500.0,-59.394459
57502.0,-59.386341
57504.0,-59.378193
57506.0,-59.370018
57508.0,-59.361282
57510.0,-59.352257
57512.0,-59.343132
57514.0,-59.333916
57516.0,-59.324608
57518.0,-59.315205
57520.0,-59.305706
57522.0,-59.296112
57524.0,-59.286423
57526.0,-59.276642
57528.0,-59.266769
57530.0,-59.256798
57532.0,-59.246735
57534.0,-59.236576
57536.0,-59.226322
57538.0,-59.215977
57540.0,-59.205536
57542.0,-59.195004
57544.0,-59.184372
57546.0,-59.173649
57548.0,-59.162834
57550.0,-59.15192
57552.0,-59.140659
57554.0,-59.129169
57556.0,-59.117558
57558.0,-59.105816
57560.0,-59.093952
57562.0,-59.081963
57564.0,-59.069843
57566.0,-59.057602
57568.0,-59.045231
57570.0,-59.032738
57572.0,-59.020115
57574.0,-59.007366
57576.0,-58.994495
57578.0,-58.981495
57580.0,-58.968372
57582.0,-58.95512
57584.0,-58.941746
57586.0,-58.928242
57588.0,-58.914612
57590.0,-58.90086
57592.0,-58.886978
57594.0,-58.872971
57596.0,-58.856514
57598.0,-58.838848
57600.0,-58.8209
57602.0,-58.80267
57604.0,-58.784164
57606.0,-58.765377
57608.0,-58.746315
57610.0,-58.726971
57612.0,-58.707348
57614.0,-58.687443
57616.0,-58.667263
57618.0,-58.646801
57620.0,-58.62606
57622.0,-58.605042
57624.0,-58.583744
57626.0,-58.562168
57628.0,-58.54031
57630.0,-58.518173
57632.0,-58.495758
57634.0,-58.473064
57636.0,-58.450089
57638.0,-58.426838
57640.0,-58.403305
57642.0,-58.379494
57644.0,-58.355404
57646.0,-58.331036
57648.0,-58.306385
57650.0,-58.281456
57652.0,-58.256248
57654.0,-58.230762
57656.0,-58.204998
57658.0,-58.178951
57660.0,-58.15263
57662.0,-58.126026
57664.0,-58.099144
57666.0,-58.07198
57668.0,-58.04454
57670.0,-58.016819
57672.0,-57.988823
57674.0,-57.960541
57676.0,-57.931984
57678.0,-57.903149
57680.0,-57.872917
57682.0,-57.841461
57684.0,-57.809406
57686.0,-57.776749
57688.0,-57.743488
57690.0,-57.709625
57692.0,-57.675163
57694.0,-57.640095
57696.0,-57.604427
57698.0,-57.568157
57700.0,-57.531139
57702.0,-57.492001
57704.0,-57.451973
57706.0,-57.411064
57708.0,-57.369263
57710.0,-57.32658
57712.0,-57.283009
57714.0,-57.238552
57716.0,-57.193211
57718.0,-57.14698
57720.0,-57.099865
57722.0,-57.048306
57724.0,-56.992653
57726.0,-56.935368
57728.0,-56.87645
57730.0,-56.815903
57732.0,-56.753723
57734.0,-56.689911
57736.0,-56.62447
57738.0,-56.557392
57740.0,-56.488686
57742.0,-56.41835
57744.0,-56.346382
57746.0,-56.272781
57748.0,-56.197548
57750.0,-56.120682
57752.0,-56.042187
57754.0,-55.958405
57756.0,-55.869114
57758.0,-55.776764
57760.0,-55.681355
57762.0,-55.58289
57764.0,-55.481365
57766.0,-55.376781
57768.0,-55.269138
57770.0,-55.15707
57772.0,-55.033222
57774.0,-54.90424
57776.0,-54.770126
57778.0,-54.630875
57780.0,-54.486492
57782.0,-54.336975
57784.0,-54.182323
57786.0,-54.022537
57788.0,-53.83622
57790.0,-53.631622
57792.0,-53.41555
57794.0,-53.188
57796.0,-52.948971
57798.0,-52.698467
57800.0,-52.436485
57802.0,-52.163025
57804.0,-51.872486
57806.0,-51.551601
57808.0,-51.20866
57810.0,-50.83744
57812.0,-50.424488
57814.0,-49.978355
57816.0,-49.488079
57818.0,-48.931934
57820.0,-48.323994
57822.0,-47.638977
57824.0,-46.831028
57826.0,-45.93045
57828.0,-44.917274
57830.0,-43.739414
57832.0,-42.33218
57834.0,-40.633553
57836.0,-38.540257
57838.0,-35.887367
57840.0,-32.528397
57842.0,-28.100031
57844.0,-22.408558
57846.0,-15.89475
57848.0,-10.215886
57850.0,-7.1861715
57852.0,-7.14045
57854.0,-9.406764
57856.0,-13.125237
57858.0,-17.529585
57860.0,-22.041903
57862.0,-26.349472
57864.0,-30.34893
57866.0,-34.02253
57868.0,-37.370693
57870.0,-40.400642
57872.0,-43.12886
57874.0,-45.570808
57876.0,-47.746487
57878.0,-49.670269
57880.0,-51.378494
57882.0,-52.871891
57884.0,-54.195961
57886.0,-55.349674
57888.0,-56.353485
57890.0,-57.237881
57892.0,-58.013618
57894.0,-58.694607
57896.0,-59.296253
57898.0,-59.835762
57900.0,-60.310123
57902.0,-60.73629
57904.0,-61.122688
57906.0,-61.46537
57908.0,-61.776394
57910.0,-62.058167
57912.0,-62.310997
57914.0,-62.541504
57916.0,-62.749928
57918.0,-62.93898
57920.0,-63.111877
57922.0,-63.265068
57924.0,-63.403435
57926.0,-63.529186
57928.0,-63.644527
57930.0,-63.74905
57932.0,-63.844124
57934.0,-63.932407
57936.0,-64.015617
57938.0,-64.093452
57940.0,-64.160873
57942.0,-64.222351
57944.0,-64.278526
57946.0,-64.330063
57948.0,-64.378502
57950.0,-64.424332
57952.0,-64.468231
57954.0,-64.510971
57956.0,-64.549889
57958.0,-64.581909
57960.0,-64.609497
57962.0,-64.632477
57964.0,-64.651443
57966.0,-64.675247
57968.0,-64.696892
57970.0,-64.716377
57972.0,-64.733704
57974.0,-64.748878
57976.0,-64.761894
57978.0,-64.772865
57980.0,-64.783638
57982.0,-64.792763
57984.0,-64.800247
57986.0,-64.806076
57988.0,-64.810257
57990.0,-64.812798
57992.0,-64.813782
57994.0,-64.816231
57996.0,-64.817558
57998.0,-64.817764
58000.0,-64.816849
58002.0,-64.814812
58004.0,-64.811653
58006.0,-64.807381
58008.0,-64.801979
58010.0,-64.795464
58012.0,-64.787819
58014.0,-64.77906
58016.0,-64.771751
58018.0,-64.763947
58020.0,-64.755478
58022.0,-64.746346
58024.0,-64.736549
58026.0,-64.726089
58028.0,-64.714966
58030.0,-64.703178
58032.0,-64.690727
58034.0,-64.67762
58036.0,-64.663841
58038.0,-64.650925
58040.0,-64.637932
58042.0,-64.62458
58044.0,-64.610878
58046.0,-64.596817
58048.0,-64.582397
58050.0,-64.567619
58052.0,-64.552483
58054.0,-64.536995
58056.0,-64.521149
58058.0,-64.504944
58060.0,-64.488998
58062.0,-64.473068
58064.0,-64.456955
58066.0,-64.440674
58068.0,-64.424225
58070.0,-64.407623
58072.0,-64.390869
58074.0,-64.37397
58076.0,-64.356934
58078.0,-64.339775
58080.0,-64.322487
58082.0,-64.305084
58084.0,-64.287567
58086.0,-64.269958
58088.0,-64.252251
58090.0,-64.234451
58092.0,-64.216576
58094.0,-64.198723
58096.0,-64.180969
58098.0,-64.1632
58100.0,-64.145424
58102.0,-64.12764
58104.0,-64.109879
58106.0,-64.092125
58108.0,-64.074409
58110.0,-64.056732
58112.0,-64.039101
58114.0,-64.021523
58116.0,-64.004013
58118.0,-63.986576
58120.0,-63.969227
58122.0,-63.951973
58124.0,-63.934822
58126.0,-63.917782
58128.0,-63.900749
58130.0,-63.882839
58132.0,-63.864937
58134.0,-63.847046
58136.0,-63.829174
58138.0,-63.811329
58140.0,-63.793518
58142.0,-63.775749
58144.0,-63.758026
58146.0,-63.74036
58148.0,-63.722759
58150.0,-63.705223
58152.0,-63.687767
58154.0,-63.670391
58156.0,-63.653111
58158.0,-63.635925
58160.0,-63.618847
58162.0,-63.601883
58164.0,-63.585037
58166.0,-63.568317
58168.0,-63.551731
58170.0,-63.535286
58172.0,-63.51899
58174.0,-63.502846
58176.0,-63.48687
58178.0,-63.471058
58180.0,-63.455429
58182.0,-63.43998
58184.0,-63.424721
58186.0,-63.40966
58188.0,-63.39481
58190.0,-63.380165
58192.0,-63.365746
58194.0,-63.351551
58196.0,-63.337589
58198.0,-63.322693
58200.0,-63.307552
58202.0,-63.29253
58204.0,-63.27763
58206.0,-63.262856
58208.0,-63.248207
58210.0,-63.233688
58212.0,-63.219307
58214.0,-63.205063
58216.0,-63.190956
58218.0,-63.176998
58220.0,-63.163185
58222.0,-63.149525
58224.0,-63.136017
58226.0,-63.122665
58228.0,-63.109478
58230.0,-63.096455
58232.0,-63.083599
58234.0,-63.070911
58236.0,-63.058403
58238.0,-63.046066
58240.0,-63.033916
58242.0,-63.021946
58244.0,-63.010166
58246.0,-62.998577
58248.0,-62.987183
58250.0,-62.975983
58252.0,-62.964985
58254.0,-62.954193
58256.0,-62.943607
58258.0,-62.933235
58260.0,-62.923073
58262.0,-62.913132
58264.0,-62.903408
58266.0,-62.893295
58268.0,-62.882439
58270.0,-62.871674
58272.0,-62.861008
58274.0,-62.850437
58276.0,-62.839962
58278.0,-62.829586
58280.0,-62.819302
58282.0,-62.809113
58284.0,-62.799019
58286.0,-62.789017
58288.0,-62.77911
58290.0,-62.769295
58292.0,-62.759571
58294.0,-62.749943
58296.0,-62.740402
58298.0,-62.730957
58300.0,-62.7216
58302.0,-62.712334
58304.0,-62.703159
58306.0,-62.694073
58308.0,-62.685078
58310.0,-62.67617
58312.0,-62.667351
58314.0,-62.658619
58316.0,-62.649975
58318.0,-62.641418
58320.0,-62.63295
58322.0,-62.624565
58324.0,-62.616268
58326.0,-62.608055
58328.0,-62.59993
58330.0,-62.591888
58332.0,-62.583931
58334.0,-62.576023
58336.0,-62.567673
58338.0,-62.559361
58340.0,-62.551079
58342.0,-62.542828
58344.0,-62.534607
58346.0,-62.526417
58348.0,-62.51825
58350.0,-62.510109
58352.0,-62.501991
58354.0,-62.493893
58356.0,-62.485817
58358.0,-62.477757
58360.0,-62.469711
58362.0,-62.461678
58364.0,-62.453659
58366.0,-62.445652
58368.0,-62.437649
58370.0,-62.429657
58372.0,-62.421669
58374.0,-62.413685
58376.0,-62.405701
58378.0,-62.397717
58380.0,-62.389732
58382.0,-62.381741
58384.0,-62.373745
58386.0,-62.365742
58388.0,-62.357731
58390.0,-62.349709
58392.0,-62.341675
58394.0,-62.333626
58396.0,-62.325558
58398.0,-62.317474
58400.0,-62.309372
58402.0,-62.301247
58404.0,-62.293297
58406.0,-62.285419
58408.0,-62.277538
58410.0,-62.269653
58412.0,-62.261765
58414.0,-62.253872
58416.0,-62.245972
58418.0,-62.238064
58420.0,-62.230145
58422.0,-62.222218
58424.0,-62.214279
58426.0,-62.206329
58428.0,-62.198368
58430.0,-62.190388
58432.0,-62.182396
58434.0,-62.174385
58436.0,-62.166359
58438.0,-62.15831
58440.0,-62.150246
58442.0,-62.142159
58444.0,-62.134048
58446.0,-62.125919
58448.0,-62.11776
58450.0,-62.109581
58452.0,-62.101372
58454.0,-62.093136
58456.0,-62.084873
58458.0,-62.07658
58460.0,-62.068256
58462.0,-62.059902
58464.0,-62.051514
58466.0,-62.043091
58468.0,-62.034634
58470.0,-62.026138
58472.0,-62.017906
58474.0,-62.010201
58476.0,-62.00251
58478.0,-61.994835
58480.0,-61.987179
58482.0,-61.979538
58484.0,-61.971909
58486.0,-61.964298
58488.0,-61.956703
58490.0,-61.94912
58492.0,-61.941551
58494.0,-61.933994
58496.0,-61.926453
58498.0,-61.918922
58500.0,-61.911407
58502.0,-61.903904
58504.0,-61.896408
58506.0,-61.888927
58508.0,-61.881454
58510.0,-61.873993
58512.0,-61.866543
58514.0,-61.8591
58516.0,-61.851669
58518.0,-61.844246
58520.0,-61.83683
58522.0,-61.829422
58524.0,-61.822021
58526.0,-61.814632
58528.0,-61.807247
58530.0,-61.799866
58532.0,-61.792496
58534.0,-61.785126
58536.0,-61.777767
58538.0,-61.770409
58540.0,-61.763058
58542.0,-61.755711
58544.0,-61.748367
58546.0,-61.741024
58548.0,-61.733688
58550.0,-61.726353
58552.0,-61.719021
58554.0,-61.711689
58556.0,-61.704361
58558.0,-61.697033
58560.0,-61.689705
58562.0,-61.682377
58564.0,-61.675049
58566.0,-61.667721
58568.0,-61.660393
58570.0,-61.653065
58572.0,-61.645733
58574.0,-61.638401
58576.0,-61.631062
58578.0,-61.623726
58580.0,-61.616383
58582.0,-61.609039
58584.0,-61.601974
58586.0,-61.594986
58588.0,-61.588009
58590.0,-61.581047
58592.0,-61.5741
58594.0,-61.567169
58596.0,-61.560249
58598.0,-61.553345
58600.0,-61.546452
58602.0,-61.539574
58604.0,-61.532711
58606.0,-61.52586
58608.0,-61.51902
58610.0,-61.512199
58612.0,-61.50539
58614.0,-61.498592
58616.0,-61.49181
58618.0,-61.485039
58620.0,-61.478283
58622.0,-61.471542
58624.0,-61.464809
58626.0,-61.458096
58628.0,-61.451389
58630.0,-61.444698
58632.0,-61.438023
58634.0,-61.431358
58636.0,-61.424706
58638.0,-61.418064
58640.0,-61.411438
58642.0,-61.404823
58644.0,-61.398224
58646.0,-61.391636
58648.0,-61.385059
58650.0,-61.378494
58652.0,-61.371941
58654.0,-61.365402
58656.0,-61.358875
58658.0,-61.35236
58660.0,-61.34586
58662.0,-61.339367
58664.0,-61.33289
58666.0,-61.326424
58668.0,-61.319969
58670.0,-61.313526
58672.0,-61.307095
58674.0,-61.300674
58676.0,-61.294266
58678.0,-61.287868
58680.0,-61.281487
58682.0,-61.275112
58684.0,-61.268749
58686.0,-61.262402
58688.0,-61.256062
58690.0,-61.249733
58692.0,-61.243416
58694.0,-61.237152
58696.0,-61.231007
58698.0,-61.224876
58700.0,-61.218765
58702.0,-61.212673
58704.0,-61.206604
58706.0,-61.20055
58708.0,-61.194515
58710.0,-61.188499
58712.0,-61.182507
58714.0,-61.176529
58716.0,-61.170574
58718.0,-61.164635
58720.0,-61.158718
58722.0,-61.152821
58724.0,-61.146942
58726.0,-61.141087
58728.0,-61.135246
58730.0,-61.129429
58732.0,-61.123631
58734.0,-61.117855
58736.0,-61.112099
58738.0,-61.106361
58740.0,-61.100643
58742.0,-61.094948
58744.0,-61.089272
58746.0,-61.083618
58748.0,-61.077984
58750.0,-61.072372
58752.0,-61.06678
58754.0,-61.061207
58756.0,-61.05566
58758.0,-61.050129
58760.0,-61.044621
58762.0,-61.039135
58764.0,-61.033672
58766.0,-61.028229
58768.0,-61.022804
58770.0,-61.017406
58772.0,-61.012028
58774.0,-61.006672
58776.0,-61.001335
58778.0,-60.996021
58780.0,-60.99073
58782.0,-60.985462
58784.0,-60.980217
58786.0,-60.974991
58788.0,-60.969791
58790.0,-60.964611
58792.0,-60.959454
58794.0,-60.954319
58796.0,-60.949207
58798.0,-60.944118
58800.0,-60.939053
58802.0,-60.93401
58804.0,-60.928989
58806.0,-60.923855
58808.0,-60.918697
58810.0,-60.913559
58812.0,-60.908436
58814.0,-60.903332
58816.0,-60.898247
58818.0,-60.893181
58820.0,-60.888134
58822.0,-60.883102
58824.0,-60.87809
58826.0,-60.873096
58828.0,-60.868118
58830.0,-60.863163
58832.0,-60.858223
58834.0,-60.853298
58836.0,-60.848396
58838.0,-60.84351
58840.0,-60.838642
58842.0,-60.833794
58844.0,-60.828964
58846.0,-60.82415
58848.0,-60.819355
58850.0,-60.814579
58852.0,-60.809818
58854.0,-60.80508
58856.0,-60.800358
58858.0,-60.795654
58860.0,-60.790966
58862.0,-60.786301
58864.0,-60.781651
58866.0,-60.77702
58868.0,-60.772404
58870.0,-60.767811
58872.0,-60.763233
58874.0,-60.758675
58876.0,-60.754131
58878.0,-60.749611
58880.0,-60.745106
58882.0,-60.74062
58884.0,-60.736149
58886.0,-60.731701
58888.0,-60.727268
58890.0,-60.722855
58892.0,-60.718456
58894.0,-60.714081
58896.0,-60.709721
58898.0,-60.705379
58900.0,-60.701054
58902.0,-60.696751
58904.0,-60.692463
58906.0,-60.688194
58908.0,-60.683945
58910.0,-60.67971
58912.0,-60.675495
58914.0,-60.671299
58916.0,-60.667122
58918.0,-60.66296
58920.0,-60.658821
58922.0,-60.654694
58924.0,-60.650589
58926.0,-60.646503
58928.0,-60.642433
58930.0,-60.638382
58932.0,-60.63435
58934.0,-60.630333
58936.0,-60.626335
58938.0,-60.622356
58940.0,-60.618397
58942.0,-60.614456
58944.0,-60.610531
58946.0,-60.606625
58948.0,-60.602737
58950.0,-60.598866
58952.0,-60.595013
58954.0,-60.591179
58956.0,-60.587364
58958.0,-60.583569
58960.0,-60.579788
58962.0,-60.576027
58964.0,-60.572285
58966.0,-60.568558
58968.0,-60.564854
58970.0,-60.561165
58972.0,-60.557491
58974.0,-60.553841
58976.0,-60.550205
58978.0,-60.546589
58980.0,-60.542992
58982.0,-60.539413
58984.0,-60.535851
58986.0,-60.532307
58988.0,-60.528782
58990.0,-60.525276
58992.0,-60.521786
58994.0,-60.518314
58996.0,-60.514862
58998.0,-60.511429
59000.0,-60.508011
59002.0,-60.504612
59004.0,-60.501232
59006.0,-60.497871
59008.0,-60.494526
59010.0,-60.490654
59012.0,-60.486698
59014.0,-60.48275
59016.0,-60.478806
59018.0,-60.474869
59020.0,-60.47094
59022.0,-60.467014
59024.0,-60.463093
59026.0,-60.459179
59028.0,-60.455269
59030.0,-60.451366
59032.0,-60.447472
59034.0,-60.443581
59036.0,-60.439697
59038.0,-60.435818
59040.0,-60.431942
59042.0,-60.428074
59044.0,-60.424213
59046.0,-60.420357
59048.0,-60.416508
59050.0,-60.412663
59052.0,-60.408821
59054.0,-60.404987
59056.0,-60.401161
59058.0,-60.397339
59060.0,-60.393524
59062.0,-60.389713
59064.0,-60.38591
59066.0,-60.382111
59068.0,-60.378319
59070.0,-60.374531
59072.0,-60.37075
59074.0,-60.366974
59076.0,-60.363205
59078.0,-60.35944
59080.0,-60.355682
59082.0,-60.351933
59084.0,-60.348183
59086.0,-60.344444
59088.0,-60.34071
59090.0,-60.336979
59092.0,-60.333256
59094.0,-60.329536
59096.0,-60.325825
59098.0,-60.322121
59100.0,-60.31842
59102.0,-60.314724
59104.0,-60.311035
59106.0,-60.307354
59108.0,-60.303677
59110.0,-60.300003
59112.0,-60.296337
59114.0,-60.292679
59116.0,-60.289024
59118.0,-60.285378
59120.0,-60.281734
59122.0,-60.278095
59124.0,-60.274464
59126.0,-60.27084
59128.0,-60.26722
59130.0,-60.263607
59132.0,-60.259998
59134.0,-60.256397
59136.0,-60.2528
59138.0,-60.24921
59140.0,-60.245625
59142.0,-60.242046
59144.0,-60.238472
59146.0,-60.234905
59148.0,-60.231342
59150.0,-60.227787
59152.0,-60.224236
59154.0,-60.220692
59156.0,-60.217152
59158.0,-60.213619
59160.0,-60.210091
59162.0,-60.20657
59164.0,-60.203056
59166.0,-60.199547
59168.0,-60.196041
59170.0,-60.192543
59172.0,-60.189049
59174.0,-60.185562
59176.0,-60.182083
59178.0,-60.178608
59180.0,-60.175137
59182.0,-60.171673
59184.0,-60.168217
59186.0,-60.164764
59188.0,-60.161316
59190.0,-60.157875
59192.0,-60.154442
59194.0,-60.151012
59196.0,-60.147591
59198.0,-60.144173
59200.0,-60.140759
59202.0,-60.137356
59204.0,-60.133953
59206.0,-60.130558
59208.0,-60.127171
59210.0,-60.123787
59212.0,-60.120411
59214.0,-60.116653
59216.0,-60.112881
59218.0,-60.109104
59220.0,-60.105328
59222.0,-60.101547
59224.0,-60.097767
59226.0,-60.093983
59228.0,-60.090199
59230.0,-60.086411
59232.0,-60.082619
59234.0,-60.078827
59236.0,-60.075035
59238.0,-60.071239
59240.0,-60.06744
59242.0,-60.063641
59244.0,-60.059841
59246.0,-60.056034
59248.0,-60.052231
59250.0,-60.048424
59252.0,-60.044613
59254.0,-60.040802
59256.0,-60.036987
59258.0,-60.033173
59260.0,-60.029354
59262.0,-60.025536
59264.0,-60.021713
59266.0,-60.017887
59268.0,-60.014061
59270.0,-60.010235
59272.0,-60.006405
59274.0,-60.002575
59276.0,-59.998737
59278.0,-59.994904
59280.0,-59.991066
59282.0,-59.987225
59284.0,-59.983383
59286.0,-59.979538
59288.0,-59.975693
59290.0,-59.971848
59292.0,-59.967995
59294.0,-59.964146
59296.0,-59.960289
59298.0,-59.956432
59300.0,-59.952576
59302.0,-59.948715
59304.0,-59.944855
59306.0,-59.94099
59308.0,-59.937122
59310.0,-59.933254
59312.0,-59.929386
59314.0,-59.925514
59316.0,-59.921638
59318.0,-59.917763
59320.0,-59.913887
59322.0,-59.910004
59324.0,-59.906124
59326.0,-59.902241
59328.0,-59.898354
59330.0,-59.894466
59332.0,-59.890575
59334.0,-59.886684
59336.0,-59.88279
59338.0,-59.878891
59340.0,-59.874992
59342.0,-59.871094
59344.0,-59.867191
59346.0,-59.863289
59348.0,-59.859383
59350.0,-59.855473
59352.0,-59.851562
59354.0,-59.847649
59356.0,-59.843735
59358.0,-59.839821
59360.0,-59.835903
59362.0,-59.831982
59364.0,-59.82806
59366.0,-59.824135
59368.0,-59.82021
59370.0,-59.81628
59372.0,-59.812347
59374.0,-59.808418
59376.0,-59.804482
59378.0,-59.800545
59380.0,-59.796608
59382.0,-59.792667
59384.0,-59.788723
59386.0,-59.784779
59388.0,-59.780834
59390.0,-59.776886
59392.0,-59.772934
59394.0,-59.768982
59396.0,-59.765026
59398.0,-59.76107
59400.0,-59.757114
59402.0,-59.753151
59404.0,-59.749191
59406.0,-59.745224
59408.0,-59.741261
59410.0,-59.737289
59412.0,-59.733318
59414.0,-59.729347
59416.0,-59.725285
59418.0,-59.719929
59420.0,-59.714466
59422.0,-59.7089
59424.0,-59.703228
59426.0,-59.697453
59428.0,-59.69157
59430.0,-59.685581
59432.0,-59.679485
59434.0,-59.673286
59436.0,-59.666981
59438.0,-59.660572
59440.0,-59.654053
59442.0,-59.64743
59444.0,-59.640705
59446.0,-59.633869
59448.0,-59.62693
59450.0,-59.619888
59452.0,-59.612736
59454.0,-59.60548
59456.0,-59.598122
59458.0,-59.590652
59460.0,-59.58308
59462.0,-59.575401
59464.0,-59.567619
59466.0,-59.559731
59468.0,-59.551884
59470.0,-59.544052
59472.0,-59.536133
59474.0,-59.528126
59476.0,-59.520035
59478.0,-59.511856
59480.0,-59.50359
59482.0,-59.495239
59484.0,-59.486801
59486.0,-59.478279
59488.0,-59.469669
59490.0,-59.460976
59492.0,-59.452194
59494.0,-59.443325
59496.0,-59.434368
59498.0,-59.425327
59500.0,-59.416203
59502.0,-59.40699
59504.0,-59.39769
59506.0,-59.388302
59508.0,-59.37883
59510.0,-59.369274
59512.0,-59.359627
59514.0,-59.349895
59516.0,-59.34008
59518.0,-59.329979
59520.0,-59.318314
59522.0,-59.306496
59524.0,-59.294529
59526.0,-59.282417
59528.0,-59.270153
59530.0,-59.25774
59532.0,-59.245178
59534.0,-59.232468
59536.0,-59.219608
59538.0,-59.2066
59540.0,-59.193443
59542.0,-59.180134
59544.0,-59.166679
59546.0,-59.153076
59548.0,-59.13932
59550.0,-59.12542
59552.0,-59.111366
59554.0,-59.097168
59556.0,-59.082817
59558.0,-59.068317
59560.0,-59.053669
59562.0,-59.038872
59564.0,-59.02393
59566.0,-59.008835
59568.0,-58.993591
59570.0,-58.978195
59572.0,-58.962654
59574.0,-58.946964
59576.0,-58.931126
59578.0,-58.915134
59580.0,-58.898998
59582.0,-58.882713
59584.0,-58.866276
59586.0,-58.849689
59588.0,-58.832958
59590.0,-58.816074
59592.0,-58.799042
59594.0,-58.78186
59596.0,-58.764534
59598.0,-58.747055
59600.0,-58.729427
59602.0,-58.711651
59604.0,-58.693722
59606.0,-58.675648
59608.0,-58.657425
59610.0,-58.639053
59612.0,-58.620529
59614.0,-58.60186
59616.0,-58.583038
59618.0,-58.564072
59620.0,-58.544952
59622.0,-58.525688
59624.0,-58.505333
59626.0,-58.484543
59628.0,-58.463451
59630.0,-58.442055
59632.0,-58.420353
59634.0,-58.39835
59636.0,-58.376041
59638.0,-58.353428
59640.0,-58.330509
59642.0,-58.307289
59644.0,-58.283768
59646.0,-58.259937
59648.0,-58.235806
59650.0,-58.210583
59652.0,-58.184742
59654.0,-58.158455
59656.0,-58.131725
59658.0,-58.104549
59660.0,-58.076931
59662.0,-58.048866
59664.0,-58.020359
59666.0,-57.991405
59668.0,-57.962006
59670.0,-57.932167
59672.0,-57.901878
59674.0,-57.871147
59676.0,-57.836624
59678.0,-57.800163
59680.0,-57.762859
59682.0,-57.724712
59684.0,-57.685726
59686.0,-57.645893
59688.0,-57.605217
59690.0,-57.563698
59692.0,-57.521336
59694.0,-57.478134
59696.0,-57.434086
59698.0,-57.389194
59700.0,-57.34346
59702.0,-57.296886
59704.0,-57.249466
59706.0,-57.201202
59708.0,-57.1521
59710.0,-57.10215
59712.0,-57.051357
59714.0,-56.999725
59716.0,-56.947247
59718.0,-56.893925
59720.0,-56.835526
59722.0,-56.775261
59724.0,-56.713364
59726.0,-56.649834
59728.0,-56.584667
59730.0,-56.517868
59732.0,-56.449432
59734.0,-56.379364
59736.0,-56.307659
59738.0,-56.234325
59740.0,-56.155476
59742.0,-56.070778
59744.0,-55.983143
59746.0,-55.892582
59748.0,-55.799091
59750.0,-55.702667
59752.0,-55.603313
59754.0,-55.50103
59756.0,-55.395817
59758.0,-55.287674
59760.0,-55.17403
59762.0,-55.040794
59764.0,-54.90134
59766.0,-54.755665
59768.0,-54.603771
59770.0,-54.44566
59772.0,-54.28133
59774.0,-54.110779
59776.0,-53.93401
59778.0,-53.751019
59780.0,-53.561813
59782.0,-53.35664
59784.0,-53.137356
59786.0,-52.906551
59788.0,-52.664227
59790.0,-52.40036
59792.0,-52.112583
59794.0,-51.806225
59796.0,-51.481285
59798.0,-51.124218
59800.0,-50.722111
59802.0,-50.288181
59804.0,-49.822426
59806.0,-49.307285
59808.0,-48.700375
59810.0,-48.034622
59812.0,-47.310024
59814.0,-46.520164
59816.0,-45.599636
59818.0,-44.530556
59820.0,-43.279026
59822.0,-41.771923
59824.0,-39.920631
59826.0,-37.651215
59828.0,-34.778606
59830.0,-31.038429
59832.0,-26.128904
59834.0,-20.003065
59836.0,-13.554448
59838.0,-8.7530508
59840.0,-6.8748088
59842.0,-7.7773323
59844.0,-10.657083
59846.0,-14.693543
59848.0,-19.22261
59850.0,-23.779291
59852.0,-28.0839
59854.0,-32.058411
59856.0,-35.692345
59858.0,-38.983162
59860.0,-41.941425
59862.0,-44.592518
59864.0,-46.947998
59866.0,-49.032711
59868.0,-50.876034
59870.0,-52.490498
59872.0,-53.910477
59874.0,-55.134262
59876.0,-56.187759
59878.0,-57.109276
59880.0,-57.904255
59882.0,-58.59737
59884.0,-59.21666
59886.0,-59.779663
59888.0,-60.289703
59890.0,-60.743565
59892.0,-61.163815
59894.0,-61.547737
59896.0,-61.889309
59898.0,-62.201187
59900.0,-62.479832
59902.0,-62.720863
59904.0,-62.929325
59906.0,-63.118195
59908.0,-63.30027
59910.0,-63.476738
59912.0,-63.631447
59914.0,-63.750957
59916.0,-63.840885
59918.0,-63.914639
59920.0,-63.982044
59922.0,-64.040794
59924.0,-64.097084
59926.0,-64.15625
59928.0,-64.221931
59930.0,-64.279312
59932.0,-64.326546
59934.0,-64.371353
59936.0,-64.41539
59938.0,-64.459396
59940.0,-64.495552
59942.0,-64.529449
59944.0,-64.561615
59946.0,-64.592552
59948.0,-64.621063
59950.0,-64.646317
59952.0,-64.669518
59954.0,-64.690781
59956.0,-64.710243
59958.0,-64.727448
59960.0,-64.742722
59962.0,-64.756149
59964.0,-64.767784
59966.0,-64.778343
59968.0,-64.788406
59970.0,-64.797005
59972.0,-64.804138
59974.0,-64.809807
59976.0,-64.814018
59978.0,-64.816757
59980.0,-64.818039
59982.0,-64.817848
59984.0,-64.8162
59986.0,-64.813225
59988.0,-64.811493
59990.0,-64.808792
59992.0,-64.805122
59994.0,-64.800491
59996.0,-64.794891
59998.0,-64.78833
60000.0,-64.780792
60002.0,-64.772293
60004.0,-64.762833
60006.0,-64.752396
60008.0,-64.742584
60010.0,-64.732765
60012.0,-64.722382
60014.0,-64.711426
60016.0,-64.699898
60018.0,-64.687805
60020.0,-64.675148
60022.0,-64.661919
60024.0,-64.648117
60026.0,-64.633759
60028.0,-64.619308
60030.0,-64.60524
60032.0,-64.590874
60034.0,-64.576225
60036.0,-64.56131
60038.0,-64.54612
60040.0,-64.530678
60042.0,-64.514984
60044.0,-64.499054
60046.0,-64.482895
60048.0,-64.466522
60050.0,-64.449928
60052.0,-64.433136
60054.0,-64.416153
60056.0,-64.398987
60058.0,-64.381645
60060.0,-64.364143
60062.0,-64.346481
60064.0,-64.328697
60066.0,-64.311073
60068.0,-64.293365
60070.0,-64.275597
60072.0,-64.257774
60074.0,-64.239906
60076.0,-64.222
60078.0,-64.204086
60080.0,-64.186157
60082.0,-64.168236
60084.0,-64.15033
60086.0,-64.132454
60088.0,-64.114609
60090.0,-64.096825
60092.0,-64.079102
60094.0,-64.061447
60096.0,-64.043884
60098.0,-64.026421
60100.0,-64.009064
60102.0,-63.990791
60104.0,-63.972248
60106.0,-63.953693
60108.0,-63.935135
60110.0,-63.91658
60112.0,-63.898045
60114.0,-63.879532
60116.0,-63.86105
60118.0,-63.842613
60120.0,-63.824226
60122.0,-63.805901
60124.0,-63.787643
60126.0,-63.769466
60128.0,-63.751373
60130.0,-63.733379
60132.0,-63.715492
60134.0,-63.697716
60136.0,-63.680065
60138.0,-63.662544
60140.0,-63.645168
60142.0,-63.627941
60144.0,-63.610878
60146.0,-63.593979
60148.0,-63.577259
60150.0,-63.560726
60152.0,-63.544388
60154.0,-63.528255
60156.0,-63.512337
60158.0,-63.496643
60160.0,-63.481178
60162.0,-63.465958
60164.0,-63.450985
60166.0,-63.436272
60168.0,-63.421829
60170.0,-63.406059
60172.0,-63.390148
60174.0,-63.374367
60176.0,-63.358715
60178.0,-63.343201
60180.0,-63.327827
60182.0,-63.312595
60184.0,-63.297512
60186.0,-63.282581
60188.0,-63.267811
60190.0,-63.253201
60192.0,-63.238754
60194.0,-63.22448
60196.0,-63.210381
60198.0,-63.196461
60200.0,-63.18272
60202.0,-63.16917
60204.0,-63.155811
60206.0,-63.142651
60208.0,-63.129688
60210.0,-63.116932
60212.0,-63.104385
60214.0,-63.092052
60216.0,-63.079937
60218.0,-63.068043
60220.0,-63.056374
60222.0,-63.044937
60224.0,-63.033737
60226.0,-63.022778
60228.0,-63.012058
60230.0,-63.001591
60232.0,-62.991375
60234.0,-62.981415
60236.0,-62.971718
60238.0,-62.960236
60240.0,-62.94865
60242.0,-62.937145
60244.0,-62.925716
60246.0,-62.914368
60248.0,-62.903095
60250.0,-62.891895
60252.0,-62.880775
60254.0,-62.869732
60256.0,-62.858761
60258.0,-62.847866
60260.0,-62.837044
60262.0,-62.826298
60264.0,-62.81562
60266.0,-62.805019
60268.0,-62.794495
60270.0,-62.784039
60272.0,-62.773655
60274.0,-62.763344
60276.0,-62.753101
60278.0,-62.742935
60280.0,-62.732838
60282.0,-62.722813
60284.0,-62.712856
60286.0,-62.702972
60288.0,-62.693161
60290.0,-62.683418
60292.0,-62.673748
60294.0,-62.664146
60296.0,-62.654617
60298.0,-62.645157
60300.0,-62.635769
60302.0,-62.62645
60304.0,-62.617203
60306.0,-62.608028
60308.0,-62.598923
60310.0,-62.58989
60312.0,-62.580929
60314.0,-62.572041
60316.0,-62.563225
60318.0,-62.554478
60320.0,-62.545807
60322.0,-62.537209
60324.0,-62.528683
60326.0,-62.520229
60328.0,-62.511852
60330.0,-62.503548
60332.0,-62.495319
60334.0,-62.487167
60336.0,-62.479092
60338.0,-62.471092
60340.0,-62.463165
60342.0,-62.455322
60344.0,-62.447144
60346.0,-62.439007
60348.0,-62.43092
60350.0,-62.422882
60352.0,-62.414894
60354.0,-62.406956
60356.0,-62.399063
60358.0,-62.391216
60360.0,-62.383423
60362.0,-62.375671
60364.0,-62.36797
60366.0,-62.360317
60368.0,-62.352711
60370.0,-62.34515
60372.0,-62.337639
60374.0,-62.33017
60376.0,-62.322754
60378.0,-62.31538
60380.0,-62.308052
60382.0,-62.300774
60384.0,-62.293541
60386.0,-62.286354
60388.0,-62.279217
60390.0,-62.272125
60392.0,-62.265076
60394.0,-62.25808
60396.0,-62.251125
60398.0,-62.244221
60400.0,-62.237358
60402.0,-62.230549
60404.0,-62.223782
60406.0,-62.217064
60408.0,-62.210396
60410.0,-62.203773
60412.0,-62.197197
60414.0,-62.19067
60416.0,-62.184189
60418.0,-62.177757
60420.0,-62.171375
60422.0,-62.165043
60424.0,-62.15876
60426.0,-62.152523
60428.0,-62.146336
60430.0,-62.140202
60432.0,-62.134113
60434.0,-62.128078
60436.0,-62.122093
60438.0,-62.116161
60440.0,-62.110279
60442.0,-62.104446
60444.0,-62.098667
60446.0,-62.092941
60448.0,-62.08725
60450.0,-62.081169
60452.0,-62.075115
60454.0,-62.069084
60456.0,-62.063072
60458.0,-62.057083
60460.0,-62.051109
60462.0,-62.045162
60464.0,-62.03923
60466.0,-62.033318
60468.0,-62.027424
60470.0,-62.021545
60472.0,-62.015686
60474.0,-62.009846
60476.0,-62.004021
60478.0,-61.998211
60480.0,-61.992416
60482.0,-61.986637
60484.0,-61.980869
60486.0,-61.975121
60488.0,-61.969383
60490.0,-61.963657
60492.0,-61.957943
60494.0,-61.952244
60496.0,-61.946556
60498.0,-61.940876
60500.0,-61.935211
60502.0,-61.929554
60504.0,-61.923904
60506.0,-61.918266
60508.0,-61.91264
60510.0,-61.907017
60512.0,-61.901405
60514.0,-61.895798
60516.0,-61.890198
60518.0,-61.884605
60520.0,-61.879021
60522.0,-61.87344
60524.0,-61.867863
60526.0,-61.862293
60528.0,-61.856724
60530.0,-61.851162
60532.0,-61.8456
60534.0,-61.840042
60536.0,-61.834488
60538.0,-61.828938
60540.0,-61.823383
60542.0,-61.817837
60544.0,-61.812286
60546.0,-61.806736
60548.0,-61.801189
60550.0,-61.795639
60552.0,-61.790089
60554.0,-61.784523
60556.0,-61.778873
60558.0,-61.773216
60560.0,-61.767551
60562.0,-61.761871
60564.0,-61.756184
60566.0,-61.750484
60568.0,-61.744774
60570.0,-61.739048
60572.0,-61.733311
60574.0,-61.727562
60576.0,-61.721798
60578.0,-61.716015
60580.0,-61.71022
60582.0,-61.704407
60584.0,-61.698578
60586.0,-61.692734
60588.0,-61.686867
60590.0,-61.680984
60592.0,-61.675083
60594.0,-61.669159
60596.0,-61.663216
60598.0,-61.657253
60600.0,-61.651264
60602.0,-61.645256
60604.0,-61.639225
60606.0,-61.633167
60608.0,-61.627087
60610.0,-61.620983
60612.0,-61.614849
60614.0,-61.608692
60616.0,-61.602509
60618.0,-61.596294
60620.0,-61.590054
60622.0,-61.583786
60624.0,-61.577488
60626.0,-61.571156
60628.0,-61.564796
60630.0,-61.558407
60632.0,-61.551983
60634.0,-61.545525
60636.0,-61.539036
60638.0,-61.532513
60640.0,-61.525955
60642.0,-61.51936
60644.0,-61.51273
60646.0,-61.506065
60648.0,-61.499359
60650.0,-61.492619
60652.0,-61.48584
60654.0,-61.479019
60656.0,-61.47216
60658.0,-61.46526
60660.0,-61.458359
60662.0,-61.451599
60664.0,-61.444809
60666.0,-61.437988
60668.0,-61.431133
60670.0,-61.424252
60672.0,-61.417336
60674.0,-61.410389
60676.0,-61.403412
60678.0,-61.3964
60680.0,-61.389355
60682.0,-61.382275
60684.0,-61.375164
60686.0,-61.368015
60688.0,-61.360832
60690.0,-61.353615
60692.0,-61.346359
60694.0,-61.339069
60696.0,-61.331745
60698.0,-61.324379
60700.0,-61.316978
60702.0,-61.30954
60704.0,-61.302063
60706.0,-61.294548
60708.0,-61.286991
60710.0,-61.279396
60712.0,-61.271759
60714.0,-61.264084
60716.0,-61.256371
60718.0,-61.248611
60720.0,-61.24081
60722.0,-61.232971
60724.0,-61.225086
60726.0,-61.217159
60728.0,-61.209187
60730.0,-61.201172
60732.0,-61.193115
60734.0,-61.185013
60736.0,-61.176861
60738.0,-61.168667
60740.0,-61.160427
60742.0,-61.152142
60744.0,-61.143806
60746.0,-61.135426
60748.0,-61.126999
60750.0,-61.118519
60752.0,-61.109993
60754.0,-61.101421
60756.0,-61.092796
60758.0,-61.084122
60760.0,-61.075397
60762.0,-61.066624
60764.0,-61.057796
60766.0,-61.048916
60768.0,-61.039986
60770.0,-61.031006
60772.0,-61.021969
60774.0,-61.012878
60776.0,-61.003738
60778.0,-60.994537
60780.0,-60.985287
60782.0,-60.975979
60784.0,-60.966618
60786.0,-60.957199
60788.0,-60.947723
60790.0,-60.93819
60792.0,-60.9286
60794.0,-60.918953
60796.0,-60.909248
60798.0,-60.899483
60800.0,-60.88966
60802.0,-60.879776
60804.0,-60.869831
60806.0,-60.859829
60808.0,-60.849762
60810.0,-60.839638
60812.0,-60.829449
60814.0,-60.819199
60816.0,-60.808884
60818.0,-60.798508
60820.0,-60.788067
60822.0,-60.777565
60824.0,-60.766994
60826.0,-60.756363
60828.0,-60.745663
60830.0,-60.735081
60832.0,-60.724495
60834.0,-60.713852
60836.0,-60.703156
60838.0,-60.692402
60840.0,-60.681591
60842.0,-60.670723
60844.0,-60.659794
60846.0,-60.648811
60848.0,-60.637772
60850.0,-60.626671
60852.0,-60.615513
60854.0,-60.604298
60856.0,-60.593021
60858.0,-60.581688
60860.0,-60.570293
60862.0,-60.558842
60864.0,-60.547329
60866.0,-60.535759
60868.0,-60.524124
60870.0,-60.512432
60872.0,-60.500679
60874.0,-60.488861
60876.0,-60.476986
60878.0,-60.46505
60880.0,-60.453053
60882.0,-60.44099
60884.0,-60.428867
60886.0,-60.416683
60888.0,-60.404434
60890.0,-60.392124
60892.0,-60.379753
60894.0,-60.367317
60896.0,-60.354816
60898.0,-60.342255
60900.0,-60.329628
60902.0,-60.316936
60904.0,-60.30418
60906.0,-60.291363
60908.0,-60.278477
60910.0,-60.26553
60912.0,-60.252514
60914.0,-60.239433
60916.0,-60.226292
60918.0,-60.213078
60920.0,-60.199802
60922.0,-60.186462
60924.0,-60.17305
60926.0,-60.159576
60928.0,-60.146034
60930.0,-60.132427
60932.0,-60.118752
60934.0,-60.105007
60936.0,-60.091194
60938.0,-60.077316
60940.0,-60.06337
60942.0,-60.049358
60944.0,-60.035275
60946.0,-60.021122
60948.0,-60.006905
60950.0,-59.992615
60952.0,-59.978256
60954.0,-59.963829
60956.0,-59.949333
60958.0,-59.934769
60960.0,-59.920132
60962.0,-59.905426
60964.0,-59.890648
60966.0,-59.875805
60968.0,-59.860886
60970.0,-59.845898
60972.0,-59.830841
60974.0,-59.815712
60976.0,-59.80051
60978.0,-59.785236
60980.0,-59.769894
60982.0,-59.754478
60984.0,-59.738991
60986.0,-59.723431
60988.0,-59.707798
60990.0,-59.692097
60992.0,-59.676319
60994.0,-59.660469
60996.0,-59.644547
60998.0,-59.628246
61000.0,-59.611275
61002.0,-59.594193
61004.0,-59.576996
61006.0,-59.559685
61008.0,-59.542259
61010.0,-59.524719
61012.0,-59.507061
61014.0,-59.489285
61016.0,-59.47139
61018.0,-59.453377
61020.0,-59.435242
61022.0,-59.416985
61024.0,-59.398605
61026.0,-59.380104
61028.0,-59.361477
61030.0,-59.342724
61032.0,-59.323845
61034.0,-59.30484
61036.0,-59.285706
61038.0,-59.266441
61040.0,-59.247047
61042.0,-59.227524
61044.0,-59.207867
61046.0,-59.188076
61048.0,-59.168152
61050.0,-59.14809
61052.0,-59.127895
61054.0,-59.107563
61056.0,-59.08709
61058.0,-59.066479
61060.0,-59.045727
61062.0,-59.024834
61064.0,-59.003799
61066.0,-58.982616
61068.0,-58.961292
61070.0,-58.939823
61072.0,-58.918205
61074.0,-58.896442
61076.0,-58.874527
61078.0,-58.852467
61080.0,-58.83025
61082.0,-58.807884
61084.0,-58.785362
61086.0,-58.762688
61088.0,-58.739857
61090.0,-58.716873
61092.0,-58.693726
61094.0,-58.670422
61096.0,-58.646961
61098.0,-58.623337
61100.0,-58.599548
61102.0,-58.5756
61104.0,-58.551483
61106.0,-58.527203
61108.0,-58.502754
61110.0,-58.478138
61112.0,-58.453354
61114.0,-58.428402
61116.0,-58.403275
61118.0,-58.377975
61120.0,-58.352501
61122.0,-58.326855
61124.0,-58.301029
61126.0,-58.275028
61128.0,-58.248848
61130.0,-58.222485
61132.0,-58.195946
61134.0,-58.16922
61136.0,-58.142315
61138.0,-58.115219
61140.0,-58.087944
61142.0,-58.060478
61144.0,-58.032825
61146.0,-58.004982
61148.0,-57.976944
61150.0,-57.948719
61152.0,-57.9203
61154.0,-57.891685
61156.0,-57.862873
61158.0,-57.833866
61160.0,-57.804657
61162.0,-57.775253
61164.0,-57.745644
61166.0,-57.715836
61168.0,-57.68375
61170.0,-57.650604
61172.0,-57.616505
61174.0,-57.581409
61176.0,-57.545288
61178.0,-57.508102
61180.0,-57.46981
61182.0,-57.430374
61184.0,-57.389763
61186.0,-57.347927
61188.0,-57.304832
61190.0,-57.260437
61192.0,-57.214703
61194.0,-57.167583
61196.0,-57.119041
61198.0,-57.069031
61200.0,-57.017509
61202.0,-56.964436
61204.0,-56.909763
61206.0,-56.853451
61208.0,-56.795448
61210.0,-56.733932
61212.0,-56.669884
61214.0,-56.603592
61216.0,-56.534977
61218.0,-56.463959
61220.0,-56.390457
61222.0,-56.314392
61224.0,-56.23568
61226.0,-56.154236
61228.0,-56.069977
61230.0,-55.982811
61232.0,-55.892658
61234.0,-55.799427
61236.0,-55.703022
61238.0,-55.603359
61240.0,-55.50034
61242.0,-55.393871
61244.0,-55.283859
61246.0,-55.170208
61248.0,-55.052818
61250.0,-54.931595
61252.0,-54.805027
61254.0,-54.672047
61256.0,-54.532452
61258.0,-54.385735
61260.0,-54.231358
61262.0,-54.068661
61264.0,-53.896919
61266.0,-53.715565
61268.0,-53.523914
61270.0,-53.321266
61272.0,-53.105618
61274.0,-52.868408
61276.0,-52.612911
61278.0,-52.337589
61280.0,-52.04089
61282.0,-51.721245
61284.0,-51.377075
61286.0,-51.006779
61288.0,-50.608746
61290.0,-50.181355
61292.0,-49.719864
61294.0,-49.211594
61296.0,-48.649685
61298.0,-48.022408
61300.0,-47.319225
61302.0,-46.513554
61304.0,-45.575466
61306.0,-44.486626
61308.0,-43.222511
61310.0,-41.722687
61312.0,-39.890007
61314.0,-37.642536
61316.0,-34.734219
61318.0,-30.990967
61320.0,-26.193228
61322.0,-20.190416
61324.0,-13.699356
61326.0,-8.5889959
61328.0,-6.601912
61330.0,-7.5805426
61332.0,-10.554482
61334.0,-14.652654
61336.0,-19.197191
61338.0,-23.715586
61340.0,-27.962589
61342.0,-31.850513
61344.0,-35.385578
61346.0,-38.595081
61348.0,-41.488514
61350.0,-44.080849
61352.0,-46.393147
61354.0,-48.442917
61356.0,-50.25021
61358.0,-51.839115
61360.0,-53.228138
61362.0,-54.43721
61364.0,-55.506042
61366.0,-56.451401
61368.0,-57.296776
61370.0,-58.045475
61372.0,-58.713909
61374.0,-59.324791
61376.0,-59.871532
61378.0,-60.33836
61380.0,-60.747528
61382.0,-61.103905
61384.0,-61.40683
61386.0,-61.664181
61388.0,-61.88121
61390.0,-62.100204
61392.0,-62.318645
61394.0,-62.548546
61396.0,-62.74789
61398.0,-62.914856
61400.0,-63.057278
61402.0,-63.182255
61404.0,-63.298328
61406.0,-63.401955
61408.0,-63.500191
61410.0,-63.613514
61412.0,-63.740246
61414.0,-63.883778
61416.0,-63.973434
61418.0,-64.030602
61420.0,-64.046471
61422.0,-64.084686
61424.0,-64.148132
61426.0,-64.235268
61428.0,-64.317184
61430.0,-64.366577
61432.0,-64.395889
61434.0,-64.414215
61436.0,-64.458282
61438.0,-64.515282
61440.0,-64.587059
61442.0,-64.628098
61444.0,-64.653595
61446.0,-64.6586
61448.0,-64.671387
61450.0,-64.689514
61452.0,-64.712051
61454.0,-64.736641
61456.0,-64.762016
61458.0,-64.791283
61460.0,-64.815514
61462.0,-64.811806
61464.0,-64.785042
61466.0,-64.736908
61468.0,-64.733429
61470.0,-64.75531
61472.0,-64.811905
61474.0,-64.83149
61476.0,-64.82373
61478.0,-64.786613
61480.0,-64.754036
61482.0,-64.744614
61484.0,-64.749252
61486.0,-64.756561
61488.0,-64.737793
61490.0,-64.703796
61492.0,-64.656082
61494.0,-64.632851
61496.0,-64.621689
61498.0,-64.627403
61500.0,-64.621788
61502.0,-64.61219
61504.0,-64.598183
61506.0,-64.578773
61508.0,-64.552429
61510.0,-64.517059
61512.0,-64.486023
61514.0,-64.483307
61516.0,-64.503448
61518.0,-64.54055
61520.0,-64.53273
61522.0,-64.498863
61524.0,-64.42997
61526.0,-64.403511
61528.0,-64.398071
61530.0,-64.419815
61532.0,-64.432182
61534.0,-64.425934
61536.0,-64.407127
61538.0,-64.388046
61540.0,-64.38839
61542.0,-64.400185
61544.0,-64.419548
61546.0,-64.41732
61548.0,-64.402794
61550.0,-64.371872
61552.0,-64.351326
61554.0,-64.330841
61556.0,-64.312096
61558.0,-64.300255
61560.0,-64.297974
61562.0,-64.307198
61564.0,-64.309334
61566.0,-64.281464
61568.0,-64.229111
61570.0,-64.162895
61572.0,-64.139153
61574.0,-64.140099
61576.0,-64.171867
61578.0,-64.16021
61580.0,-64.130096
61582.0,-64.074028
61584.0,-64.03006
61586.0,-63.999123
61588.0,-63.978031
61590.0,-63.955059
61592.0,-63.918407
61594.0,-63.873615
61596.0,-63.82584
61598.0,-63.795189
61600.0,-63.775597
61602.0,-63.769184
61604.0,-63.757187
61606.0,-63.747387
61608.0,-63.738792
61610.0,-63.720406
61612.0,-63.690273
61614.0,-63.646236
61616.0,-63.602161
61618.0,-63.568989
61620.0,-63.542397
61622.0,-63.521294
61624.0,-63.498436
61626.0,-63.478455
61628.0,-63.460922
61630.0,-63.440742
61632.0,-63.42173
61634.0,-63.403877
61636.0,-63.387192
61638.0,-63.371666
61640.0,-63.356129
61642.0,-63.34034
61644.0,-63.325039
61646.0,-63.310226
61648.0,-63.295906
61650.0,-63.282047
61652.0,-63.267395
61654.0,-63.252979
61656.0,-63.238796
61658.0,-63.224846
61660.0,-63.211132
61662.0,-63.197651
61664.0,-63.184402
61666.0,-63.171391
61668.0,-63.158611
61670.0,-63.145325
61672.0,-63.131989
61674.0,-63.118767
61676.0,-63.105663
61678.0,-63.092678
61680.0,-63.079807
61682.0,-63.067059
61684.0,-63.054428
61686.0,-63.041912
61688.0,-63.029518
61690.0,-63.017239
61692.0,-63.005077
61694.0,-62.993034
61696.0,-62.98111
61698.0,-62.969303
61700.0,-62.957157
61702.0,-62.944885
61704.0,-62.932678
61706.0,-62.920536
61708.0,-62.908455
61710.0,-62.896442
61712.0,-62.884491
61714.0,-62.872604
61716.0,-62.860783
61718.0,-62.849026
61720.0,-62.83733
61722.0,-62.825703
61724.0,-62.814137
61726.0,-62.802635
61728.0,-62.791199
61730.0,-62.779827
61732.0,-62.768517
61734.0,-62.757275
61736.0,-62.746094
61738.0,-62.734978
61740.0,-62.723927
61742.0,-62.712936
61744.0,-62.702015
61746.0,-62.691147
61748.0,-62.680084
61750.0,-62.669067
61752.0,-62.658089
61754.0,-62.647152
61756.0,-62.636261
61758.0,-62.625412
61760.0,-62.614605
61762.0,-62.60384
61764.0,-62.593117
61766.0,-62.582436
61768.0,-62.5718
61770.0,-62.561207
61772.0,-62.550652
61774.0,-62.540142
61776.0,-62.529675
61778.0,-62.519253
61780.0,-62.508869
61782.0,-62.498531
61784.0,-62.488235
61786.0,-62.477978
61788.0,-62.46777
61790.0,-62.4576
61792.0,-62.447472
61794.0,-62.437321
61796.0,-62.427082
61798.0,-62.416874
61800.0,-62.406704
61802.0,-62.396564
61804.0,-62.386463
61806.0,-62.376392
61808.0,-62.366356
61810.0,-62.356358
61812.0,-62.34639
61814.0,-62.336456
61816.0,-62.326557
61818.0,-62.316692
61820.0,-62.306862
61822.0,-62.297062
61824.0,-62.2873
61826.0,-62.277573
61828.0,-62.267879
61830.0,-62.258217
61832.0,-62.248592
61834.0,-62.238998
61836.0,-62.229439
61838.0,-62.219917
61840.0,-62.210426
61842.0,-62.20097
61844.0,-62.191547
61846.0,-62.182159
61848.0,-62.172806
61850.0,-62.163486
61852.0,-62.154202
61854.0,-62.144951
61856.0,-62.135731
61858.0,-62.126549
61860.0,-62.117401
61862.0,-62.108284
61864.0,-62.099205
61866.0,-62.090157
61868.0,-62.081142
61870.0,-62.072166
61872.0,-62.063221
61874.0,-62.05431
61876.0,-62.045433
61878.0,-62.036591
61880.0,-62.027782
61882.0,-62.019009
61884.0,-62.01025
61886.0,-62.001427
61888.0,-61.992634
61890.0,-61.983868
61892.0,-61.975132
61894.0,-61.966423
61896.0,-61.957745
61898.0,-61.949097
61900.0,-61.940475
61902.0,-61.931885
61904.0,-61.923325
61906.0,-61.914791
61908.0,-61.906288
61910.0,-61.897812
61912.0,-61.889366
61914.0,-61.880951
61916.0,-61.872562
61918.0,-61.864204
61920.0,-61.855873
61922.0,-61.847572
61924.0,-61.839302
61926.0,-61.831059
61928.0,-61.822845
61930.0,-61.814659
61932.0,-61.806503
61934.0,-61.798378
61936.0,-61.790279
61938.0,-61.782211
61940.0,-61.774174
61942.0,-61.766163
61944.0,-61.758183
61946.0,-61.750229
61948.0,-61.742306
61950.0,-61.734413
61952.0,-61.726547
61954.0,-61.718712
61956.0,-61.710903
61958.0,-61.703129
61960.0,-61.695377
61962.0,-61.687656
61964.0,-61.679966
61966.0,-61.672306
61968.0,-61.664673
61970.0,-61.65707
61972.0,-61.649494
61974.0,-61.641949
61976.0,-61.634212
61978.0,-61.626484
61980.0,-61.618774
61982.0,-61.611092
61984.0,-61.603432
61986.0,-61.595791
61988.0,-61.588177
61990.0,-61.580582
61992.0,-61.573013
61994.0,-61.565464
61996.0,-61.557938
61998.0,-61.550434
62000.0,-61.542953
62002.0,-61.535496
62004.0,-61.528061
62006.0,-61.520645
62008.0,-61.513256
62010.0,-61.505886
62012.0,-61.498543
62014.0,-61.491219
62016.0,-61.483917
62018.0,-61.476643
62020.0,-61.469387
62022.0,-61.462154
62024.0,-61.454945
62026.0,-61.447758
62028.0,-61.44059
62030.0,-61.433449
62032.0,-61.426331
62034.0,-61.419231
62036.0,-61.412155
62038.0,-61.405106
62040.0,-61.398075
62042.0,-61.391068
62044.0,-61.384083
62046.0,-61.377121
62048.0,-61.370182
62050.0,-61.363266
62052.0,-61.356373
62054.0,-61.349499
62056.0,-61.342651
62058.0,-61.335823
62060.0,-61.329021
62062.0,-61.322239
62064.0,-61.315479
62066.0,-61.308743
62068.0,-61.302029
62070.0,-61.295338
62072.0,-61.28867
62074.0,-61.282024
62076.0,-61.275402
62078.0,-61.268799
62080.0,-61.262222
62082.0,-61.255665
62084.0,-61.24913
62086.0,-61.242622
62088.0,-61.236134
62090.0,-61.229668
62092.0,-61.223225
62094.0,-61.216805
62096.0,-61.210407
62098.0,-61.204029
62100.0,-61.197678
62102.0,-61.191349
62104.0,-61.18504
62106.0,-61.178753
62108.0,-61.172493
62110.0,-61.166252
62112.0,-61.160034
62114.0,-61.153839
62116.0,-61.147667
62118.0,-61.141415
62120.0,-61.134987
62122.0,-61.128571
62124.0,-61.122169
62126.0,-61.115784
62128.0,-61.109409
62130.0,-61.10305
62132.0,-61.096706
62134.0,-61.090378
62136.0,-61.084064
62138.0,-61.077763
62140.0,-61.071476
62142.0,-61.065205
62144.0,-61.058945
62146.0,-61.0527
62148.0,-61.046471
62150.0,-61.040257
62152.0,-61.034058
62154.0,-61.02787
62156.0,-61.021698
62158.0,-61.015541
62160.0,-61.009396
62162.0,-61.003265
62164.0,-60.99715
62166.0,-60.991051
62168.0,-60.984966
62170.0,-60.978893
62172.0,-60.972836
62174.0,-60.966793
62176.0,-60.960762
62178.0,-60.954746
62180.0,-60.948746
62182.0,-60.94276
62184.0,-60.93679
62186.0,-60.930832
62188.0,-60.924889
62190.0,-60.918961
62192.0,-60.913044
62194.0,-60.907143
62196.0,-60.901257
62198.0,-60.895386
62200.0,-60.88953
62202.0,-60.883686
62204.0,-60.877857
62206.0,-60.872044
62208.0,-60.866241
62210.0,-60.860455
62212.0,-60.854683
62214.0,-60.848927
62216.0,-60.843182
62218.0,-60.837456
62220.0,-60.831741
62222.0,-60.826038
62224.0,-60.820354
62226.0,-60.814682
62228.0,-60.809025
62230.0,-60.803383
62232.0,-60.797752
62234.0,-60.792141
62236.0,-60.786541
62238.0,-60.780952
62240.0,-60.775383
62242.0,-60.769825
62244.0,-60.764282
62246.0,-60.758755
62248.0,-60.753239
62250.0,-60.747742
62252.0,-60.742256
62254.0,-60.736782
62256.0,-60.731327
62258.0,-60.725883
62260.0,-60.720455
62262.0,-60.714779
62264.0,-60.709015
62266.0,-60.703255
62268.0,-60.697502
62270.0,-60.691753
62272.0,-60.686008
62274.0,-60.680267
62276.0,-60.67453
62278.0,-60.6688
62280.0,-60.663071
62282.0,-60.657349
62284.0,-60.65163
62286.0,-60.64592
62288.0,-60.640209
62290.0,-60.634506
62292.0,-60.628803
62294.0,-60.623108
62296.0,-60.61742
62298.0,-60.611732
62300.0,-60.606049
62302.0,-60.600372
62304.0,-60.5947
62306.0,-60.589031
62308.0,-60.583366
62310.0,-60.577709
62312.0,-60.572052
62314.0,-60.566402
62316.0,-60.560757
62318.0,-60.555115
62320.0,-60.549477
62322.0,-60.543846
62324.0,-60.538216
62326.0,-60.532593
62328.0,-60.526974
62330.0,-60.521358
62332.0,-60.515751
62334.0,-60.510143
62336.0,-60.504543
62338.0,-60.498947
62340.0,-60.493355
62342.0,-60.487766
62344.0,-60.482185
62346.0,-60.476604
62348.0,-60.471031
62350.0,-60.465462
62352.0,-60.459896
62354.0,-60.454338
62356.0,-60.44878
62358.0,-60.44323
62360.0,-60.437683
62362.0,-60.43214
62364.0,-60.426601
62366.0,-60.42107
62368.0,-60.415539
62370.0,-60.410015
62372.0,-60.404495
62374.0,-60.398979
62376.0,-60.393467
62378.0,-60.387962
62380.0,-60.382462
62382.0,-60.376961
62384.0,-60.371471
62386.0,-60.365982
62388.0,-60.360497
62390.0,-60.355019
62392.0,-60.349541
62394.0,-60.34407
62396.0,-60.338608
62398.0,-60.333145
62400.0,-60.327686
62402.0,-60.322235
62404.0,-60.316746
62406.0,-60.311008
62408.0,-60.305267
62410.0,-60.299519
62412.0,-60.293766
62414.0,-60.28801
62416.0,-60.282246
62418.0,-60.276478
62420.0,-60.270702
62422.0,-60.264923
62424.0,-60.25914
62426.0,-60.253349
62428.0,-60.247551
62430.0,-60.241749
62432.0,-60.235943
62434.0,-60.230129
62436.0,-60.224308
62438.0,-60.218483
62440.0,-60.21265
62442.0,-60.206814
62444.0,-60.20097
62446.0,-60.195118
62448.0,-60.189262
62450.0,-60.183399
62452.0,-60.177528
62454.0,-60.17165
62456.0,-60.165768
62458.0,-60.159878
62460.0,-60.15398
62462.0,-60.148079
62464.0,-60.14217
62466.0,-60.136253
62468.0,-60.130329
62470.0,-60.124397
62472.0,-60.118458
62474.0,-60.112514
62476.0,-60.10656
62478.0,-60.100601
62480.0,-60.094635
62482.0,-60.088657
62484.0,-60.082676
62486.0,-60.076687
62488.0,-60.07069
62490.0,-60.064686
62492.0,-60.058674
62494.0,-60.052654
62496.0,-60.046623
62498.0,-60.040588
62500.0,-60.034542
62502.0,-60.028492
62504.0,-60.02243
62506.0,-60.016361
62508.0,-60.010284
62510.0,-60.0042
62512.0,-59.998108
62514.0,-59.992004
62516.0,-59.985897
62518.0,-59.979778
62520.0,-59.973648
62522.0,-59.967514
62524.0,-59.961369
62526.0,-59.955215
62528.0,-59.949051
62530.0,-59.942883
62532.0,-59.936699
62534.0,-59.930511
62536.0,-59.924313
62538.0,-59.918106
62540.0,-59.911888
62542.0,-59.905663
62544.0,-59.899426
62546.0,-59.893181
62548.0,-59.886925
62550.0,-59.880661
62552.0,-59.87439
62554.0,-59.868103
62556.0,-59.861813
62558.0,-59.855507
62560.0,-59.849197
62562.0,-59.842873
62564.0,-59.83654
62566.0,-59.830196
62568.0,-59.823845
62570.0,-59.817482
62572.0,-59.811108
62574.0,-59.804726
62576.0,-59.798328
62578.0,-59.791927
62580.0,-59.785511
62582.0,-59.779083
62584.0,-59.772648
62586.0,-59.766201
62588.0,-59.759743
62590.0,-59.753277
62592.0,-59.746796
62594.0,-59.740307
62596.0,-59.733807
62598.0,-59.727295
62600.0,-59.720768
62602.0,-59.714233
62604.0,-59.707691
62606.0,-59.701134
62608.0,-59.694565
62610.0,-59.687984
62612.0,-59.681393
62614.0,-59.674789
62616.0,-59.668175
62618.0,-59.661549
62620.0,-59.654911
62622.0,-59.648262
62624.0,-59.641598
62626.0,-59.634926
62628.0,-59.627613
62630.0,-59.620159
62632.0,-59.612598
62634.0,-59.604927
62636.0,-59.597149
62638.0,-59.589256
62640.0,-59.581249
62642.0,-59.573128
62644.0,-59.564888
62646.0,-59.556526
62648.0,-59.548042
62650.0,-59.539433
62652.0,-59.530697
62654.0,-59.521832
62656.0,-59.512833
62658.0,-59.5037
62660.0,-59.494434
62662.0,-59.485027
62664.0,-59.475483
62666.0,-59.465794
62668.0,-59.455963
62670.0,-59.445984
62672.0,-59.435856
62674.0,-59.425575
62676.0,-59.415142
62678.0,-59.404552
62680.0,-59.393806
62682.0,-59.382942
62684.0,-59.372215
62686.0,-59.361362
62688.0,-59.350376
62690.0,-59.339264
62692.0,-59.328018
62694.0,-59.316639
62696.0,-59.30513
62698.0,-59.293484
62700.0,-59.281704
62702.0,-59.269791
62704.0,-59.25774
62706.0,-59.245548
62708.0,-59.233223
62710.0,-59.220753
62712.0,-59.208145
62714.0,-59.195396
62716.0,-59.182507
62718.0,-59.169472
62720.0,-59.156292
62722.0,-59.142971
62724.0,-59.129501
62726.0,-59.115883
62728.0,-59.102119
62730.0,-59.088203
62732.0,-59.074142
62734.0,-59.059929
62736.0,-59.045563
62738.0,-59.030682
62740.0,-59.014832
62742.0,-58.99873
62744.0,-58.982376
62746.0,-58.965775
62748.0,-58.948914
62750.0,-58.931797
62752.0,-58.914417
62754.0,-58.896778
62756.0,-58.878876
62758.0,-58.860703
62760.0,-58.842266
62762.0,-58.823555
62764.0,-58.804569
62766.0,-58.785309
62768.0,-58.76577
62770.0,-58.745949
62772.0,-58.725849
62774.0,-58.70546
62776.0,-58.684788
62778.0,-58.663822
62780.0,-58.642563
62782.0,-58.621014
62784.0,-58.599167
62786.0,-58.577019
62788.0,-58.554573
62790.0,-58.531822
62792.0,-58.508762
62794.0,-58.485397
62796.0,-58.461723
62798.0,-58.437733
62800.0,-58.413429
62802.0,-58.388809
62804.0,-58.363869
62806.0,-58.338604
62808.0,-58.313019
62810.0,-58.287106
62812.0,-58.260864
62814.0,-58.234291
62816.0,-58.207382
62818.0,-58.180141
62820.0,-58.152561
62822.0,-58.124641
62824.0,-58.096375
62826.0,-58.067768
62828.0,-58.038811
62830.0,-58.00938
62832.0,-57.978916
62834.0,-57.947865
62836.0,-57.916203
62838.0,-57.883923
62840.0,-57.851002
62842.0,-57.817432
62844.0,-57.783199
62846.0,-57.748283
62848.0,-57.712669
62850.0,-57.67635
62852.0,-57.639297
62854.0,-57.601219
62856.0,-57.562141
62858.0,-57.522175
62860.0,-57.481289
62862.0,-57.439465
62864.0,-57.396679
62866.0,-57.352905
62868.0,-57.308117
62870.0,-57.262299
62872.0,-57.215416
62874.0,-57.167454
62876.0,-57.117954
62878.0,-57.063911
62880.0,-57.008034
62882.0,-56.950272
62884.0,-56.890591
62886.0,-56.828941
62888.0,-56.765285
62890.0,-56.699585
62892.0,-56.63179
62894.0,-56.561863
62896.0,-56.489761
62898.0,-56.415443
62900.0,-56.338863
62902.0,-56.259987
62904.0,-56.178764
62906.0,-56.095154
62908.0,-56.009121
62910.0,-55.920616
62912.0,-55.829601
62914.0,-55.736031
62916.0,-55.639866
62918.0,-55.541061
62920.0,-55.43869
62922.0,-55.331245
62924.0,-55.219418
62926.0,-55.102993
62928.0,-54.981766
62930.0,-54.855518
62932.0,-54.722435
62934.0,-54.58305
62936.0,-54.43705
62938.0,-54.2841
62940.0,-54.123856
62942.0,-53.951328
62944.0,-53.764374
62946.0,-53.56554
62948.0,-53.354252
62950.0,-53.129944
62952.0,-52.892048
62954.0,-52.639996
62956.0,-52.373215
62958.0,-52.091141
62960.0,-51.789757
62962.0,-51.456234
62964.0,-51.096127
62966.0,-50.70731
62968.0,-50.287647
62970.0,-49.827618
62972.0,-49.297985
62974.0,-48.70998
62976.0,-48.058098
62978.0,-47.336819
62980.0,-46.532845
62982.0,-45.599766
62984.0,-44.532455
62986.0,-43.266281
62988.0,-41.74118
62990.0,-39.92762
62992.0,-37.666813
62994.0,-34.803375
62996.0,-31.084951
62998.0,-26.240284
63000.0,-20.161036
63002.0,-13.701794
63004.0,-8.7034349
63006.0,-6.675034
63008.0,-7.5713615
63010.0,-10.514585
63012.0,-14.612677
63014.0,-19.169336
63016.0,-23.719101
63018.0,-28.00061
63020.0,-31.912472
63022.0,-35.455097
63024.0,-38.664078
63026.0,-41.562973
63028.0,-44.160595
63030.0,-46.473167
63032.0,-48.52322
63034.0,-50.329781
63036.0,-51.923058
63038.0,-53.320911
63040.0,-54.545048
63042.0,-55.621193
63044.0,-56.569817
63046.0,-57.407959
63048.0,-58.142365
63050.0,-58.796265
63052.0,-59.378357
63054.0,-59.89138
63056.0,-60.353214
63058.0,-60.76944
63060.0,-61.146145
63062.0,-61.495064
63064.0,-61.817562
63066.0,-62.11937
63068.0,-62.408661
63070.0,-62.671021
63072.0,-62.910713
63074.0,-63.130096
63076.0,-63.317142
63078.0,-63.474026
63080.0,-63.601532
63082.0,-63.723015
63084.0,-63.833771
63086.0,-63.941662
63088.0,-64.064651
63090.0,-64.205933
63092.0,-64.354164
63094.0,-64.477142
63096.0,-64.584793
63098.0,-64.66967
63100.0,-64.724022
63102.0,-64.742401
63104.0,-64.77108
63106.0,-64.835342
63108.0,-64.934715
63110.0,-64.996574
63112.0,-65.015305
63114.0,-64.98941
63116.0,-64.991989
63118.0,-65.006172
63120.0,-65.036209
63122.0,-65.057396
63124.0,-65.081543
63126.0,-65.104172
63128.0,-65.101768
63130.0,-65.076729
63132.0,-65.042473
63134.0,-65.043182
63136.0,-65.06971
63138.0,-65.100052
63140.0,-65.09816
63142.0,-65.073898
63144.0,-65.047455
63146.0,-65.032875
63148.0,-65.024582
63150.0,-65.0205
63152.0,-65.022293
63154.0,-65.032776
63156.0,-65.025276
63158.0,-65.000549
63160.0,-64.956131
63162.0,-64.929359
63164.0,-64.910095
63166.0,-64.90065
63168.0,-64.890091
63170.0,-64.884499
63172.0,-64.877563
63174.0,-64.847633
63176.0,-64.79689
63178.0,-64.742722
63180.0,-64.720932
63182.0,-64.724281
63184.0,-64.739014
63186.0,-64.751511
63188.0,-64.769325
63190.0,-64.773903
63192.0,-64.755333
63194.0,-64.709854
63196.0,-64.690605
63198.0,-64.698616
63200.0,-64.737457
63202.0,-64.738518
63204.0,-64.719711
63206.0,-64.677528
63208.0,-64.65271
63210.0,-64.631744
63212.0,-64.616951
63214.0,-64.606087
63216.0,-64.603416
63218.0,-64.60041
63220.0,-64.575645
63222.0,-64.532349
63224.0,-64.484833
63226.0,-64.452225
63228.0,-64.429291
63230.0,-64.410995
63232.0,-64.395645
63234.0,-64.38681
63236.0,-64.362625
63238.0,-64.318092
63240.0,-64.25029
63242.0,-64.212303
63244.0,-64.196449
63246.0,-64.20697
63248.0,-64.212181
63250.0,-64.2248
63252.0,-64.239182
63254.0,-64.230042
63256.0,-64.198349
63258.0,-64.156029
63260.0,-64.149399
63262.0,-64.167366
63264.0,-64.193825
63266.0,-64.199104
63268.0,-64.192657
63270.0,-64.180946
63272.0,-64.168556
63274.0,-64.150871
63276.0,-64.136513
63278.0,-64.122589
63280.0,-64.106834
63282.0,-64.089241
63284.0,-64.069817
63286.0,-64.048782
63288.0,-64.030167
63290.0,-64.011032
63292.0,-63.991371
63294.0,-63.971188
63296.0,-63.950481
63298.0,-63.92976
63300.0,-63.909763
63302.0,-63.889721
63304.0,-63.869625
63306.0,-63.849483
63308.0,-63.829292
63310.0,-63.81068
63312.0,-63.79295
63314.0,-63.775219
63316.0,-63.757488
63318.0,-63.739758
63320.0,-63.722027
63322.0,-63.704296
63324.0,-63.686565
63326.0,-63.668839
63328.0,-63.651108
63330.0,-63.633377
63332.0,-63.615646
63334.0,-63.597916
63336.0,-63.580185
63338.0,-63.562454
63340.0,-63.544724
63342.0,-63.526993
63344.0,-63.510796
63346.0,-63.494854
63348.0,-63.478916
63350.0,-63.462975
63352.0,-63.447037
63354.0,-63.431095
63356.0,-63.415154
63358.0,-63.399216
63360.0,-63.383274
63362.0,-63.367336
63364.0,-63.351395
63366.0,-63.335453
63368.0,-63.319515
63370.0,-63.303574
63372.0,-63.287636
63374.0,-63.271694
63376.0,-63.255802
63378.0,-63.240639
63380.0,-63.225529
63382.0,-63.210468
63384.0,-63.195457
63386.0,-63.1805
63388.0,-63.165592
63390.0,-63.150738
63392.0,-63.135933
63394.0,-63.121181
63396.0,-63.10648
63398.0,-63.091827
63400.0,-63.077229
63402.0,-63.062683
63404.0,-63.048187
63406.0,-63.033741
63408.0,-63.019348
63410.0,-63.005005
63412.0,-62.990715
63414.0,-62.976475
63416.0,-62.962284
63418.0,-62.948147
63420.0,-62.934063
63422.0,-62.920029
63424.0,-62.906044
63426.0,-62.892113
63428.0,-62.878231
63430.0,-62.864403
63432.0,-62.850624
63434.0,-62.836899
63436.0,-62.823437
63438.0,-62.810055
63440.0,-62.796741
63442.0,-62.783497
63444.0,-62.770313
63446.0,-62.757202
63448.0,-62.744152
63450.0,-62.731174
63452.0,-62.718258
63454.0,-62.70541
63456.0,-62.692631
63458.0,-62.679916
63460.0,-62.667267
63462.0,-62.654686
63464.0,-62.64217
63466.0,-62.629723
63468.0,-62.61734
63470.0,-62.605026
63472.0,-62.592777
63474.0,-62.580597
63476.0,-62.568481
63478.0,-62.556431
63480.0,-62.544449
63482.0,-62.532532
63484.0,-62.520683
63486.0,-62.5089
63488.0,-62.497185
63490.0,-62.485535
63492.0,-62.473953
63494.0,-62.462189
63496.0,-62.450413
63498.0,-62.43869
63500.0,-62.427029
63502.0,-62.415421
63504.0,-62.40387
63506.0,-62.392372
63508.0,-62.380936
63510.0,-62.369553
63512.0,-62.358227
63514.0,-62.346954
63516.0,-62.335743
63518.0,-62.324585
63520.0,-62.31348
63522.0,-62.302437
63524.0,-62.291447
63526.0,-62.280514
63528.0,-62.269634
63530.0,-62.258816
63532.0,-62.248051
63534.0,-62.237343
63536.0,-62.226688
63538.0,-62.216091
63540.0,-62.205551
63542.0,-62.195068
63544.0,-62.184643
63546.0,-62.174271
63548.0,-62.163956
63550.0,-62.153694
63552.0,-62.143494
63554.0,-62.133347
63556.0,-62.123253
63558.0,-62.11322
63560.0,-62.103241
63562.0,-62.093319
63564.0,-62.083454
63566.0,-62.073643
63568.0,-62.063889
63570.0,-62.054192
63572.0,-62.044552
63574.0,-62.034966
63576.0,-62.025436
63578.0,-62.015965
63580.0,-62.00655
63582.0,-61.997189
63584.0,-61.987885
63586.0,-61.978638
63588.0,-61.969444
63590.0,-61.960308
63592.0,-61.951229
63594.0,-61.942207
63596.0,-61.933239
63598.0,-61.924328
63600.0,-61.915474
63602.0,-61.906673
63604.0,-61.89793
63606.0,-61.889244
63608.0,-61.880615
63610.0,-61.87204
63612.0,-61.863525
63614.0,-61.854691
63616.0,-61.845596
63618.0,-61.836536
63620.0,-61.827507
63622.0,-61.818516
63624.0,-61.809559
63626.0,-61.800632
63628.0,-61.79174
63630.0,-61.782887
63632.0,-61.774063
63634.0,-61.765274
63636.0,-61.756519
63638.0,-61.747799
63640.0,-61.739113
63642.0,-61.730461
63644.0,-61.721844
63646.0,-61.713261
63648.0,-61.704712
63650.0,-61.696194
63652.0,-61.687714
63654.0,-61.679264
63656.0,-61.670853
63658.0,-61.662472
63660.0,-61.654125
63662.0,-61.645817
63664.0,-61.637539
63666.0,-61.629295
63668.0,-61.621086
63670.0,-61.612911
63672.0,-61.604771
63674.0,-61.596661
63676.0,-61.588589
63678.0,-61.580551
63680.0,-61.572544
63682.0,-61.564575
63684.0,-61.556637
63686.0,-61.548733
63688.0,-61.540867
63690.0,-61.533031
63692.0,-61.52523
63694.0,-61.517464
63696.0,-61.509731
63698.0,-61.502033
63700.0,-61.49437
63702.0,-61.48674
63704.0,-61.479141
63706.0,-61.471581
63708.0,-61.46405
63710.0,-61.456558
63712.0,-61.449097
63714.0,-61.441673
63716.0,-61.43428
63718.0,-61.426922
63720.0,-61.419598
63722.0,-61.412308
63724.0,-61.405052
63726.0,-61.397831
63728.0,-61.390644
63730.0,-61.383492
63732.0,-61.376369
63734.0,-61.369186
63736.0,-61.36182
63738.0,-61.354473
63740.0,-61.347153
63742.0,-61.339855
63744.0,-61.332584
63746.0,-61.325336
63748.0,-61.318108
63750.0,-61.310909
63752.0,-61.30373
63754.0,-61.296577
63756.0,-61.289448
63758.0,-61.282341
63760.0,-61.275257
63762.0,-61.2682
63764.0,-61.261166
63766.0,-61.254154
63768.0,-61.247166
63770.0,-61.240204
63772.0,-61.233261
63774.0,-61.226345
63776.0,-61.219456
63778.0,-61.212585
63780.0,-61.205742
63782.0,-61.198921
63784.0,-61.192123
63786.0,-61.185352
63788.0,-61.178604
63790.0,-61.171879
63792.0,-61.165176
63794.0,-61.158497
63796.0,-61.151844
63798.0,-61.145214
63800.0,-61.138607
63802.0,-61.132027
63804.0,-61.125465
63806.0,-61.118931
63808.0,-61.112423
63810.0,-61.105934
63812.0,-61.099472
63814.0,-61.093033
63816.0,-61.086617
63818.0,-61.080223
63820.0,-61.073856
63822.0,-61.067513
63824.0,-61.061192
63826.0,-61.054893
63828.0,-61.048622
63830.0,-61.042374
63832.0,-61.036148
63834.0,-61.029945
63836.0,-61.023769
63838.0,-61.017616
63840.0,-61.011486
63842.0,-61.005379
63844.0,-60.999294
63846.0,-60.993237
63848.0,-60.987202
63850.0,-60.981194
63852.0,-60.975204
63854.0,-60.969212
63856.0,-60.962929
63858.0,-60.956657
63860.0,-60.950401
63862.0,-60.944153
63864.0,-60.93792
63866.0,-60.931702
63868.0,-60.925491
63870.0,-60.919296
63872.0,-60.913113
63874.0,-60.906944
63876.0,-60.900787
63878.0,-60.894642
63880.0,-60.888508
63882.0,-60.882389
63884.0,-60.876282
63886.0,-60.87019
63888.0,-60.864105
63890.0,-60.858036
63892.0,-60.851978
63894.0,-60.845936
63896.0,-60.839905
63898.0,-60.833885
63900.0,-60.827881
63902.0,-60.821884
63904.0,-60.815903
63906.0,-60.809937
63908.0,-60.803982
63910.0,-60.798038
63912.0,-60.792107
63914.0,-60.786186
63916.0,-60.780281
63918.0,-60.774391
63920.0,-60.768509
63922.0,-60.762642
63924.0,-60.756786
63926.0,-60.750942
63928.0,-60.745113
63930.0,-60.739296
63932.0,-60.733494
63934.0,-60.727699
63936.0,-60.72192
63938.0,-60.716152
63940.0,-60.7104
63942.0,-60.704659
63944.0,-60.698929
63946.0,-60.693211
63948.0,-60.687508
63950.0,-60.681816
63952.0,-60.67614
63954.0,-60.670471
63956.0,-60.664818
63958.0,-60.65918
63960.0,-60.653549
63962.0,-60.647934
63964.0,-60.64233
63966.0,-60.636742
63968.0,-60.631165
63970.0,-60.625599
63972.0,-60.620045
63974.0,-60.614506
63976.0,-60.608677
63978.0,-60.602795
63980.0,-60.596916
63982.0,-60.591034
63984.0,-60.585155
63986.0,-60.579277
63988.0,-60.573402
63990.0,-60.567528
63992.0,-60.561653
63994.0,-60.555779
63996.0,-60.549904
63998.0,-60.544033
64000.0,-60.538162
64002.0,-60.532291
64004.0,-60.526424
64006.0,-60.520554
64008.0,-60.514687
64010.0,-60.50882
64012.0,-60.502956
64014.0,-60.497093
64016.0,-60.491226
64018.0,-60.485367
64020.0,-60.479504
64022.0,-60.473644
64024.0,-60.467785
64026.0,-60.461926
64028.0,-60.456066
64030.0,-60.450211
64032.0,-60.444355
64034.0,-60.438499
64036.0,-60.432648
64038.0,-60.426792
64040.0,-60.42094
64042.0,-60.415089
64044.0,-60.409241
64046.0,-60.403393
64048.0,-60.397545
64050.0,-60.391697
64052.0,-60.385849
64054.0,-60.380005
64056.0,-60.374161
64058.0,-60.368317
64060.0,-60.362473
64062.0,-60.356632
64064.0,-60.350792
64066.0,-60.344952
64068.0,-60.339115
64070.0,-60.333275
64072.0,-60.327438
64074.0,-60.321602
64076.0,-60.315769
64078.0,-60.309937
64080.0,-60.3041
64082.0,-60.298271
64084.0,-60.292439
64086.0,-60.28661
64088.0,-60.280781
64090.0,-60.274952
64092.0,-60.269123
64094.0,-60.263298
64096.0,-60.256207
64098.0,-60.248318
64100.0,-60.240433
64102.0,-60.232544
64104.0,-60.224659
64106.0,-60.21677
64108.0,-60.208881
64110.0,-60.200996
64112.0,-60.193108
64114.0,-60.185223
64116.0,-60.177334
64118.0,-60.169445
64120.0,-60.16156
64122.0,-60.153671
64124.0,-60.145786
64126.0,-60.137897
64128.0,-60.130009
64130.0,-60.122124
64132.0,-60.114235
64134.0,-60.10635
64136.0,-60.098461
64138.0,-60.090572
64140.0,-60.082687
64142.0,-60.074799
64144.0,-60.06691
64146.0,-60.059025
64148.0,-60.051136
64150.0,-60.043251
64152.0,-60.035362
64154.0,-60.027473
64156.0,-60.019588
64158.0,-60.0117
64160.0,-60.003815
64162.0,-59.995926
64164.0,-59.98645
64166.0,-59.976906
64168.0,-59.967358
64170.0,-59.957813
64172.0,-59.948269
64174.0,-59.938725
64176.0,-59.92918
64178.0,-59.919636
64180.0,-59.910091
64182.0,-59.900547
64184.0,-59.891003
64186.0,-59.881458
64188.0,-59.87191
64190.0,-59.862366
64192.0,-59.852821
64194.0,-59.843277
64196.0,-59.833733
64198.0,-59.824188
64200.0,-59.814644
64202.0,-59.805099
64204.0,-59.795555
64206.0,-59.786011
64208.0,-59.776463
64210.0,-59.766918
64212.0,-59.757374
64214.0,-59.747829
64216.0,-59.738285
64218.0,-59.728741
64220.0,-59.719196
64222.0,-59.709652
64224.0,-59.700108
64226.0,-59.690563
64228.0,-59.681019
64230.0,-59.670338
64232.0,-59.65707
64234.0,-59.643803
64236.0,-59.630539
64238.0,-59.617271
64240.0,-59.604004
64242.0,-59.590736
64244.0,-59.577469
64246.0,-59.564205
64248.0,-59.550938
64250.0,-59.53767
64252.0,-59.524403
64254.0,-59.511135
64256.0,-59.497868
64258.0,-59.484604
64260.0,-59.471336
64262.0,-59.458069
64264.0,-59.444801
64266.0,-59.431534
64268.0,-59.41827
64270.0,-59.405003
64272.0,-59.391735
64274.0,-59.378468
64276.0,-59.3652
64278.0,-59.351933
64280.0,-59.338669
64282.0,-59.325401
64284.0,-59.312134
64286.0,-59.298866
64288.0,-59.285599
64290.0,-59.272331
64292.0,-59.259068
64294.0,-59.2458
64296.0,-59.232533
64298.0,-59.213737
64300.0,-59.191971
64302.0,-59.170204
64304.0,-59.148438
64306.0,-59.126671
64308.0,-59.104904
64310.0,-59.083138
64312.0,-59.061367
64314.0,-59.0396
64316.0,-59.017834
64318.0,-58.996067
64320.0,-58.9743
64322.0,-58.952534
64324.0,-58.930763
64326.0,-58.908997
64328.0,-58.88723
64330.0,-58.865463
64332.0,-58.843697
64334.0,-58.82193
64336.0,-58.800163
64338.0,-58.778393
64340.0,-58.756626
64342.0,-58.734859
64344.0,-58.713093
64346.0,-58.691326
64348.0,-58.669559
64350.0,-58.647789
64352.0,-58.626022
64354.0,-58.604256
64356.0,-58.582489
64358.0,-58.560722
64360.0,-58.538956
64362.0,-58.517189
64364.0,-58.495419
64366.0,-58.469341
64368.0,-58.443245
64370.0,-58.417149
64372.0,-58.391052
64374.0,-58.364956
64376.0,-58.33886
64378.0,-58.312759
64380.0,-58.286663
64382.0,-58.257946
64384.0,-58.227341
64386.0,-58.196739
64388.0,-58.166134
64390.0,-58.135532
64392.0,-58.104927
64394.0,-58.074322
64396.0,-58.04372
64398.0,-58.012104
64400.0,-57.975494
64402.0,-57.938885
64404.0,-57.902275
64406.0,-57.865665
64408.0,-57.82906
64410.0,-57.79245
64412.0,-57.75584
64414.0,-57.719231
64416.0,-57.678997
64418.0,-57.637043
64420.0,-57.594475
64422.0,-57.551289
64424.0,-57.507488
64426.0,-57.463066
64428.0,-57.41803
64430.0,-57.372375
64432.0,-57.326103
64434.0,-57.279217
64436.0,-57.231712
64438.0,-57.18359
64440.0,-57.13485
64442.0,-57.085495
64444.0,-57.035519
64446.0,-56.978607
64448.0,-56.919903
64450.0,-56.859734
64452.0,-56.7981
64454.0,-56.735004
64456.0,-56.670444
64458.0,-56.60442
64460.0,-56.53693
64462.0,-56.467976
64464.0,-56.39756
64466.0,-56.32568
64468.0,-56.252335
64470.0,-56.177525
64472.0,-56.101254
64474.0,-56.020515
64476.0,-55.918358
64478.0,-55.811882
64480.0,-55.701092
64482.0,-55.585979
64484.0,-55.466553
64486.0,-55.342804
64488.0,-55.214741
64490.0,-55.082359
64492.0,-54.94566
64494.0,-54.804642
64496.0,-54.659306
64498.0,-54.509655
64500.0,-54.355682
64502.0,-54.197395
64504.0,-54.0317
64506.0,-53.852459
64508.0,-53.66431
64510.0,-53.467255
64512.0,-53.25621
64514.0,-53.030262
64516.0,-52.791691
64518.0,-52.540501
64520.0,-52.263195
64522.0,-51.966202
64524.0,-51.650326
64526.0,-51.31105
64528.0,-50.93148
64530.0,-50.522972
64532.0,-50.085529
64534.0,-49.592289
64536.0,-49.027538
64538.0,-48.409725
64540.0,-47.738846
64542.0,-46.97628
64544.0,-46.120293
64546.0,-45.118641
64548.0,-43.973469
64550.0,-42.574215
64552.0,-40.933346
64554.0,-38.923473
64556.0,-36.401508
64558.0,-33.135719
64560.0,-28.864897
64562.0,-23.361851
64564.0,-16.87804
64566.0,-10.990208
64568.0,-7.5263066
64570.0,-7.0659289
64572.0,-9.0553379
64574.0,-12.627854
64576.0,-17.000591
64578.0,-21.595484
64580.0,-26.05002
64582.0,-30.196217
64584.0,-33.992714
64586.0,-37.447449
64588.0,-40.566399
64590.0,-43.357666
64592.0,-45.838211
64594.0,-48.033443
64596.0,-49.966614
64598.0,-51.66898
64600.0,-53.161186
64602.0,-54.466434
64604.0,-55.607895
64606.0,-56.608818
64608.0,-57.483162
64610.0,-58.249401
64612.0,-58.928947
64614.0,-59.520157
64616.0,-60.044239
64618.0,-60.511921
64620.0,-60.923416
64622.0,-61.293625
64624.0,-61.625706
64626.0,-61.921459
64628.0,-62.190319
64630.0,-62.431541
64632.0,-62.649796
64634.0,-62.849518
64636.0,-63.029095
64638.0,-63.19302
64640.0,-63.342091
64642.0,-63.475342
64644.0,-63.596535
64646.0,-63.70768
64648.0,-63.810059
64650.0,-63.901157
64652.0,-63.984673
64654.0,-64.061958
64656.0,-64.134361
64658.0,-64.198563
64660.0,-64.257309
64662.0,-64.311508
64664.0,-64.361908
64666.0,-64.407402
64668.0,-64.448448
64670.0,-64.485886
64672.0,-64.520096
64674.0,-64.551445
64676.0,-64.580284
64678.0,-64.606697
64680.0,-64.629906
64682.0,-64.650772
64684.0,-64.669426
64686.0,-64.685974
64688.0,-64.7005
64690.0,-64.713074
64692.0,-64.724167
64694.0,-64.733849
64696.0,-64.742043
64698.0,-64.748817
64700.0,-64.754196
64702.0,-64.758209
64704.0,-64.760948
64706.0,-64.762817
64708.0,-64.763519
64710.0,-64.763046
64712.0,-64.761375
64714.0,-64.758453
64716.0,-64.754219
64718.0,-64.748596
64720.0,-64.741486
64722.0,-64.73278
64724.0,-64.722336
64726.0,-64.71003
64728.0,-64.698242
64730.0,-64.687668
64732.0,-64.67643
64734.0,-64.664528
64736.0,-64.651978
64738.0,-64.638763
64740.0,-64.624886
64742.0,-64.610329
64744.0,-64.595062
64746.0,-64.579063
64748.0,-64.562302
64750.0,-64.544731
64752.0,-64.527534
64754.0,-64.509987
64756.0,-64.491959
64758.0,-64.473442
64760.0,-64.45443
64762.0,-64.434906
64764.0,-64.414856
64766.0,-64.394264
64768.0,-64.373108
64770.0,-64.351357
64772.0,-64.328979
64774.0,-64.306793
64776.0,-64.287163
64778.0,-64.268021
64780.0,-64.249489
64782.0,-64.231682
64784.0,-64.214737
64786.0,-64.198769
64788.0,-64.183937
64790.0,-64.170364
64792.0,-64.158203
64794.0,-64.147614
64796.0,-64.138741
64798.0,-64.126114
64800.0,-64.109406
64802.0,-64.091591
64804.0,-64.072426
64806.0,-64.051636
64808.0,-64.028946
64810.0,-64.004066
64812.0,-63.976673
64814.0,-63.946438
64816.0,-63.913013
64818.0,-63.876034
64820.0,-63.835125
64822.0,-63.804966
64824.0,-63.775566
64826.0,-63.746532
64828.0,-63.718113
64830.0,-63.690563
64832.0,-63.664165
64834.0,-63.639206
64836.0,-63.616001
64838.0,-63.594883
64840.0,-63.576199
64842.0,-63.56031
64844.0,-63.544735
64846.0,-63.524384
64848.0,-63.504723
64850.0,-63.48576
64852.0,-63.467491
64854.0,-63.449921
64856.0,-63.433041
64858.0,-63.416836
64860.0,-63.401291
64862.0,-63.386387
64864.0,-63.372097
64866.0,-63.358391
64868.0,-63.345112
64870.0,-63.332233
64872.0,-63.319756
64874.0,-63.307621
64876.0,-63.295773
64878.0,-63.284145
64880.0,-63.272663
64882.0,-63.261253
64884.0,-63.249832
64886.0,-63.238316
64888.0,-63.226616
64890.0,-63.214664
64892.0,-63.204082
64894.0,-63.193562
64896.0,-63.183067
64898.0,-63.172562
64900.0,-63.162003
64902.0,-63.151348
64904.0,-63.14056
64906.0,-63.129597
64908.0,-63.118408
64910.0,-63.106956
64912.0,-63.095192
64914.0,-63.083462
64916.0,-63.072212
64918.0,-63.060883
64920.0,-63.049465
64922.0,-63.037968
64924.0,-63.026386
64926.0,-63.014721
64928.0,-63.002983
64930.0,-62.991173
64932.0,-62.979298
64934.0,-62.967365
64936.0,-62.955391
64938.0,-62.943607
64940.0,-62.9319
64942.0,-62.920197
64944.0,-62.908489
64946.0,-62.89679
64948.0,-62.88509
64950.0,-62.873402
64952.0,-62.861717
64954.0,-62.850044
64956.0,-62.838387
64958.0,-62.826736
64960.0,-62.815105
64962.0,-62.803493
64964.0,-62.791897
64966.0,-62.780323
64968.0,-62.768772
64970.0,-62.757244
64972.0,-62.745743
64974.0,-62.734272
64976.0,-62.72282
64978.0,-62.711361
64980.0,-62.699932
64982.0,-62.68853
64984.0,-62.677158
64986.0,-62.665817
64988.0,-62.65451
64990.0,-62.643234
64992.0,-62.631996
64994.0,-62.620796
64996.0,-62.609634
64998.0,-62.598511
65000.0,-62.587429
65002.0,-62.576393
65004.0,-62.565399
65006.0,-62.554451
65008.0,-62.543552
65010.0,-62.532703
65012.0,-62.521904
65014.0,-62.511158
65016.0,-62.500378
65018.0,-62.489605
65020.0,-62.478867
65022.0,-62.46817
65024.0,-62.457512
65026.0,-62.446892
65028.0,-62.43631
65030.0,-62.42577
65032.0,-62.415272
65034.0,-62.404816
65036.0,-62.394402
65038.0,-62.384029
65040.0,-62.373699
65042.0,-62.363415
65044.0,-62.353176
65046.0,-62.342983
65048.0,-62.332832
65050.0,-62.322731
65052.0,-62.312675
65054.0,-62.302643
65056.0,-62.292522
65058.0,-62.282436
65060.0,-62.272385
65062.0,-62.262363
65064.0,-62.252377
65066.0,-62.242424
65068.0,-62.232506
65070.0,-62.222622
65072.0,-62.212772
65074.0,-62.202957
65076.0,-62.19318
65078.0,-62.183437
65080.0,-62.173733
65082.0,-62.164062
65084.0,-62.15443
65086.0,-62.144836
65088.0,-62.135281
65090.0,-62.125763
65092.0,-62.116287
65094.0,-62.106846
65096.0,-62.097446
65098.0,-62.088089
65100.0,-62.07877
65102.0,-62.069492
65104.0,-62.060257
65106.0,-62.05106
65108.0,-62.041908
65110.0,-62.032799
65112.0,-62.023731
65114.0,-62.014706
65116.0,-62.005726
65118.0,-61.996788
65120.0,-61.987896
65122.0,-61.97905
65124.0,-61.970249
65126.0,-61.961491
65128.0,-61.952782
65130.0,-61.944118
65132.0,-61.935501
65134.0,-61.926929
65136.0,-61.918407
65138.0,-61.909771
65140.0,-61.901047
65142.0,-61.892353
65144.0,-61.883694
65146.0,-61.875065
65148.0,-61.866474
65150.0,-61.85791
65152.0,-61.849384
65154.0,-61.840889
65156.0,-61.832428
65158.0,-61.824005
65160.0,-61.815613
65162.0,-61.807255
65164.0,-61.798931
65166.0,-61.790646
65168.0,-61.782391
65170.0,-61.774174
65172.0,-61.765991
65174.0,-61.757847
65176.0,-61.749737
65178.0,-61.741665
65180.0,-61.733627
65182.0,-61.725624
65184.0,-61.717659
65186.0,-61.709732
65188.0,-61.701843
65190.0,-61.693993
65192.0,-61.686176
65194.0,-61.678402
65196.0,-61.670662
65198.0,-61.66296
65200.0,-61.6553
65202.0,-61.647675
65204.0,-61.640091
65206.0,-61.632545
65208.0,-61.625038
65210.0,-61.617573
65212.0,-61.610146
65214.0,-61.60276
65216.0,-61.595413
65218.0,-61.588108
65220.0,-61.580841
65222.0,-61.573616
65224.0,-61.566433
65226.0,-61.559292
65228.0,-61.552189
65230.0,-61.545132
65232.0,-61.538113
65234.0,-61.531136
65236.0,-61.524204
65238.0,-61.517311
65240.0,-61.510464
65242.0,-61.503658
65244.0,-61.496899
65246.0,-61.490177
65248.0,-61.483505
65250.0,-61.476871
65252.0,-61.470284
65254.0,-61.463741
65256.0,-61.457241
65258.0,-61.450787
65260.0,-61.444378
65262.0,-61.438015
65264.0,-61.431694
65266.0,-61.425282
65268.0,-61.418648
65270.0,-61.412041
65272.0,-61.40546
65274.0,-61.398907
65276.0,-61.39238
65278.0,-61.38588
65280.0,-61.379406
65282.0,-61.372959
65284.0,-61.366539
65286.0,-61.360149
65288.0,-61.353783
65290.0,-61.347443
65292.0,-61.341129
65294.0,-61.334843
65296.0,-61.328579
65298.0,-61.322346
65300.0,-61.316139
65302.0,-61.309956
65304.0,-61.303799
65306.0,-61.297668
65308.0,-61.291561
65310.0,-61.285484
65312.0,-61.27943
65314.0,-61.273403
65316.0,-61.267399
65318.0,-61.261421
65320.0,-61.25547
65322.0,-61.249546
65324.0,-61.243645
65326.0,-61.237766
65328.0,-61.231915
65330.0,-61.226089
65332.0,-61.220287
65334.0,-61.214512
65336.0,-61.208759
65338.0,-61.203033
65340.0,-61.19733
65342.0,-61.191654
65344.0,-61.186001
65346.0,-61.18037
65348.0,-61.174767
65350.0,-61.169186
65352.0,-61.163631
65354.0,-61.1581
65356.0,-61.152592
65358.0,-61.147106
65360.0,-61.141647
65362.0,-61.136208
65364.0,-61.130798
65366.0,-61.125408
65368.0,-61.120041
65370.0,-61.1147
65372.0,-61.109383
65374.0,-61.104088
65376.0,-61.098816
65378.0,-61.093567
65380.0,-61.088341
65382.0,-61.083138
65384.0,-61.077957
65386.0,-61.0728
65388.0,-61.067669
65390.0,-61.062557
65392.0,-61.057468
65394.0,-61.052364
65396.0,-61.04705
65398.0,-61.041744
65400.0,-61.036446
65402.0,-61.031158
65404.0,-61.025883
65406.0,-61.020611
65408.0,-61.01535
65410.0,-61.010098
65412.0,-61.004856
65414.0,-60.999619
65416.0,-60.994389
65418.0,-60.989166
65420.0,-60.983952
65422.0,-60.978745
65424.0,-60.973541
65426.0,-60.968346
65428.0,-60.963158
65430.0,-60.957973
65432.0,-60.952793
65434.0,-60.94762
65436.0,-60.942451
65438.0,-60.937286
65440.0,-60.932125
65442.0,-60.926968
65444.0,-60.921818
65446.0,-60.916668
65448.0,-60.911522
65450.0,-60.90638
65452.0,-60.901237
65454.0,-60.896103
65456.0,-60.890965
65458.0,-60.88583
65460.0,-60.880699
65462.0,-60.875568
65464.0,-60.870438
65466.0,-60.865311
65468.0,-60.860184
65470.0,-60.855053
65472.0,-60.849926
65474.0,-60.844799
65476.0,-60.839668
65478.0,-60.834538
65480.0,-60.829407
65482.0,-60.824276
65484.0,-60.819141
65486.0,-60.814007
65488.0,-60.808868
65490.0,-60.80373
65492.0,-60.798588
65494.0,-60.793442
65496.0,-60.788292
65498.0,-60.783142
65500.0,-60.777985
65502.0,-60.772827
65504.0,-60.767662
65506.0,-60.762493
65508.0,-60.75732
65510.0,-60.75214
65512.0,-60.746956
65514.0,-60.741768
65516.0,-60.736572
65518.0,-60.731373
65520.0,-60.726162
65522.0,-60.720947
65524.0,-60.715679
65526.0,-60.7104
65528.0,-60.705109
65530.0,-60.699806
65532.0,-60.694492
65534.0,-60.689171
65536.0,-60.683838
65538.0,-60.678493
65540.0,-60.673134
65542.0,-60.667767
65544.0,-60.662384
65546.0,-60.65699
65548.0,-60.651585
65550.0,-60.646164
65552.0,-60.640732
65554.0,-60.635284
65556.0,-60.629826
65558.0,-60.624348
65560.0,-60.618858
65562.0,-60.613354
65564.0,-60.607834
65566.0,-60.602299
65568.0,-60.596745
65570.0,-60.591179
65572.0,-60.585594
65574.0,-60.57999
65576.0,-60.574371
65578.0,-60.568737
65580.0,-60.563084
65582.0,-60.557411
65584.0,-60.55172
65586.0,-60.546013
65588.0,-60.540287
65590.0,-60.534538
65592.0,-60.52877
65594.0,-60.522987
65596.0,-60.517181
65598.0,-60.511353
65600.0,-60.505505
65602.0,-60.499638
65604.0,-60.493748
65606.0,-60.487835
65608.0,-60.481903
65610.0,-60.475945
65612.0,-60.469967
65614.0,-60.463966
65616.0,-60.457943
65618.0,-60.451893
65620.0,-60.445824
65622.0,-60.439728
65624.0,-60.433605
65626.0,-60.427464
65628.0,-60.421291
65630.0,-60.415096
65632.0,-60.408878
65634.0,-60.40263
65636.0,-60.396358
65638.0,-60.390057
65640.0,-60.383732
65642.0,-60.37738
65644.0,-60.370998
65646.0,-60.36459
65648.0,-60.358154
65650.0,-60.351688
65652.0,-60.345158
65654.0,-60.338581
65656.0,-60.33197
65658.0,-60.325329
65660.0,-60.318657
65662.0,-60.311954
65664.0,-60.305214
65666.0,-60.298447
65668.0,-60.291645
65670.0,-60.284805
65672.0,-60.277939
65674.0,-60.271034
65676.0,-60.264095
65678.0,-60.257122
65680.0,-60.250114
65682.0,-60.243073
65684.0,-60.235992
65686.0,-60.228878
65688.0,-60.221729
65690.0,-60.214542
65692.0,-60.207317
65694.0,-60.200058
65696.0,-60.19276
65698.0,-60.185421
65700.0,-60.178047
65702.0,-60.170635
65704.0,-60.163185
65706.0,-60.155693
65708.0,-60.148163
65710.0,-60.140594
65712.0,-60.132984
65714.0,-60.125336
65716.0,-60.117645
65718.0,-60.109917
65720.0,-60.102142
65722.0,-60.09433
65724.0,-60.086475
65726.0,-60.078575
65728.0,-60.070637
65730.0,-60.062653
65732.0,-60.054626
65734.0,-60.046558
65736.0,-60.038445
65738.0,-60.030285
65740.0,-60.022083
65742.0,-60.013836
65744.0,-60.005547
65746.0,-59.997208
65748.0,-59.988827
65750.0,-59.9804
65752.0,-59.971924
65754.0,-59.963402
65756.0,-59.954834
65758.0,-59.94622
65760.0,-59.937557
65762.0,-59.928848
65764.0,-59.92009
65766.0,-59.911282
65768.0,-59.902424
65770.0,-59.89352
65772.0,-59.884567
65774.0,-59.875561
65776.0,-59.866508
65778.0,-59.857403
65780.0,-59.848248
65782.0,-59.839043
65784.0,-59.829784
65786.0,-59.820477
65788.0,-59.811115
65790.0,-59.801704
65792.0,-59.792236
65794.0,-59.782719
65796.0,-59.773148
65798.0,-59.763523
65800.0,-59.753845
65802.0,-59.74411
65804.0,-59.734325
65806.0,-59.724483
65808.0,-59.714584
65810.0,-59.704632
65812.0,-59.694626
65814.0,-59.684559
65816.0,-59.674438
65818.0,-59.664261
65820.0,-59.65403
65822.0,-59.643738
65824.0,-59.633389
65826.0,-59.622982
65828.0,-59.612518
65830.0,-59.601994
65832.0,-59.591412
65834.0,-59.580769
65836.0,-59.570068
65838.0,-59.559307
65840.0,-59.548489
65842.0,-59.537605
65844.0,-59.526665
65846.0,-59.515663
65848.0,-59.504597
65850.0,-59.493473
65852.0,-59.482285
65854.0,-59.471035
65856.0,-59.459721
65858.0,-59.448345
65860.0,-59.436909
65862.0,-59.425407
65864.0,-59.413841
65866.0,-59.40221
65868.0,-59.390514
65870.0,-59.378754
65872.0,-59.366177
65874.0,-59.353313
65876.0,-59.340313
65878.0,-59.327175
65880.0,-59.313896
65882.0,-59.300476
65884.0,-59.286911
65886.0,-59.273201
65888.0,-59.259342
65890.0,-59.245335
65892.0,-59.231174
65894.0,-59.216862
65896.0,-59.202396
65898.0,-59.187771
65900.0,-59.172993
65902.0,-59.158051
65904.0,-59.142948
65906.0,-59.127682
65908.0,-59.112251
65910.0,-59.096653
65912.0,-59.080887
65914.0,-59.064949
65916.0,-59.048843
65918.0,-59.032558
65920.0,-59.016102
65922.0,-58.999466
65924.0,-58.982651
65926.0,-58.965652
65928.0,-58.948475
65930.0,-58.931114
65932.0,-58.913563
65934.0,-58.895828
65936.0,-58.877899
65938.0,-58.859783
65940.0,-58.841473
65942.0,-58.822968
65944.0,-58.804264
65946.0,-58.785362
65948.0,-58.766262
65950.0,-58.74696
65952.0,-58.727451
65954.0,-58.707741
65956.0,-58.685375
65958.0,-58.662212
65960.0,-58.63863
65962.0,-58.614628
65964.0,-58.590191
65966.0,-58.565323
65968.0,-58.540009
65970.0,-58.514244
65972.0,-58.488026
65974.0,-58.461346
65976.0,-58.434196
65978.0,-58.406574
65980.0,-58.378468
65982.0,-58.349876
65984.0,-58.320786
65986.0,-58.291199
65988.0,-58.261101
65990.0,-58.230492
65992.0,-58.19936
65994.0,-58.167706
65996.0,-58.135513
65998.0,-58.102783
66000.0,-58.069508
66002.0,-58.035679
66004.0,-58.001293
66006.0,-57.966339
66008.0,-57.930817
66010.0,-57.894711
66012.0,-57.858025
66014.0,-57.820744
66016.0,-57.782867
66018.0,-57.744385
66020.0,-57.705296
66022.0,-57.665585
66024.0,-57.625252
66026.0,-57.58429
66028.0,-57.54269
66030.0,-57.500446
66032.0,-57.457558
66034.0,-57.414009
66036.0,-57.369797
66038.0,-57.324921
66040.0,-57.278
66042.0,-57.229729
66044.0,-57.180214
66046.0,-57.129417
66048.0,-57.077301
66050.0,-57.02383
66052.0,-56.968964
66054.0,-56.91267
66056.0,-56.854904
66058.0,-56.795635
66060.0,-56.734402
66062.0,-56.670715
66064.0,-56.605083
66066.0,-56.537434
66068.0,-56.467709
66070.0,-56.395836
66072.0,-56.321754
66074.0,-56.245399
66076.0,-56.166702
66078.0,-56.085602
66080.0,-56.002029
66082.0,-55.908867
66084.0,-55.810707
66086.0,-55.70813
66088.0,-55.600994
66090.0,-55.489159
66092.0,-55.372494
66094.0,-55.250854
66096.0,-55.124104
66098.0,-54.9921
66100.0,-54.85471
66102.0,-54.711792
66104.0,-54.56321
66106.0,-54.408821
66108.0,-54.248489
66110.0,-54.082077
66112.0,-53.909443
66114.0,-53.727219
66116.0,-53.533627
66118.0,-53.328957
66120.0,-53.112503
66122.0,-52.881744
66124.0,-52.634979
66126.0,-52.371861
66128.0,-52.091248
66130.0,-51.783833
66132.0,-51.444073
66134.0,-51.074818
66136.0,-50.674099
66138.0,-50.239948
66140.0,-49.770401
66142.0,-49.259373
66144.0,-48.680004
66146.0,-48.037018
66148.0,-47.323635
66150.0,-46.50095
66152.0,-45.539265
66154.0,-44.43597
66156.0,-43.173569
66158.0,-41.651031
66160.0,-39.820141
66162.0,-37.505932
66164.0,-34.586823
66166.0,-30.739878
66168.0,-25.802879
66170.0,-19.673046
66172.0,-13.231862
66174.0,-8.4712162
66176.0,-6.647285
66178.0,-7.6654687
66180.0,-10.713463
66182.0,-14.918925
66184.0,-19.523756
66186.0,-24.030577
66188.0,-28.251383
66190.0,-32.148613
66192.0,-35.715347
66194.0,-38.955914
66196.0,-41.881878
66198.0,-44.501228
66200.0,-46.832832
66202.0,-48.893028
66204.0,-50.708183
66206.0,-52.300621
66208.0,-53.696556
66210.0,-54.916645
66212.0,-55.984097
66214.0,-56.924915
66216.0,-57.743992
66218.0,-58.463306
66220.0,-59.10413
66222.0,-59.662159
66224.0,-60.158207
66226.0,-60.605392
66228.0,-60.997093
66230.0,-61.349304
66232.0,-61.669117
66234.0,-61.952621
66236.0,-62.210041
66238.0,-62.445019
66240.0,-62.655487
66242.0,-62.847759
66244.0,-63.023643
66246.0,-63.182648
66248.0,-63.328506
66250.0,-63.461098
66252.0,-63.579967
66254.0,-63.688354
66256.0,-63.787945
66258.0,-63.880196
66260.0,-63.962238
66262.0,-64.03756
66264.0,-64.107315
66266.0,-64.172638
66268.0,-64.231956
66270.0,-64.285233
66272.0,-64.334229
66274.0,-64.379547
66276.0,-64.421471
66278.0,-64.458847
66280.0,-64.492943
66282.0,-64.524094
66284.0,-64.552612
66286.0,-64.578819
66288.0,-64.603012
66290.0,-64.624832
66292.0,-64.643768
66294.0,-64.660553
66296.0,-64.675247
66298.0,-64.687897
66300.0,-64.698524
66302.0,-64.707115
66304.0,-64.714737
66306.0,-64.721481
66308.0,-64.727081
66310.0,-64.731644
66312.0,-64.735283
66314.0,-64.738106
66316.0,-64.740196
66318.0,-64.739365
66320.0,-64.736794
66322.0,-64.732536
66324.0,-64.726532
66326.0,-64.718674
66328.0,-64.708862
66330.0,-64.696999
66332.0,-64.682961
66334.0,-64.666626
66336.0,-64.647858
66338.0,-64.629562
66340.0,-64.611557
66342.0,-64.592598
66344.0,-64.572777
66346.0,-64.552208
66348.0,-64.531006
66350.0,-64.509285
66352.0,-64.487175
66354.0,-64.464813
66356.0,-64.442322
66358.0,-64.419563
66360.0,-64.396294
66362.0,-64.373032
66364.0,-64.349884
66366.0,-64.326973
66368.0,-64.304413
66370.0,-64.282333
66372.0,-64.260849
66374.0,-64.240089
66376.0,-64.2202
66378.0,-64.201042
66380.0,-64.180008
66382.0,-64.159119
66384.0,-64.138351
66386.0,-64.117676
66388.0,-64.097061
66390.0,-64.076454
66392.0,-64.055801
66394.0,-64.035049
66396.0,-64.014137
66398.0,-63.992985
66400.0,-63.974815
66402.0,-63.958286
66404.0,-63.942902
66406.0,-63.928791
66408.0,-63.916084
66410.0,-63.904926
66412.0,-63.89547
66414.0,-63.887863
66416.0,-63.882267
66418.0,-63.878853
66420.0,-63.87236
66422.0,-63.860928
66424.0,-63.848087
66426.0,-63.833443
66428.0,-63.816559
66430.0,-63.796986
66432.0,-63.774235
66434.0,-63.747803
66436.0,-63.717144
66438.0,-63.681698
66440.0,-63.645741
66442.0,-63.622078
66444.0,-63.599514
66446.0,-63.578503
66448.0,-63.559547
66450.0,-63.543182
66452.0,-63.529984
66454.0,-63.520557
66456.0,-63.515564
66458.0,-63.51569
66460.0,-63.521664
66462.0,-63.511539
66464.0,-63.500343
66466.0,-63.488087
66468.0,-63.474361
66470.0,-63.458721
66472.0,-63.440697
66474.0,-63.419781
66476.0,-63.395424
66478.0,-63.367058
66480.0,-63.334068
66482.0,-63.309292
66484.0,-63.290131
66486.0,-63.272114
66488.0,-63.255608
66490.0,-63.240993
66492.0,-63.228691
66494.0,-63.219143
66496.0,-63.21283
66498.0,-63.210251
66500.0,-63.211937
66502.0,-63.21154
66504.0,-63.202911
66506.0,-63.193626
66508.0,-63.183365
66510.0,-63.17178
66512.0,-63.158501
66514.0,-63.143124
66516.0,-63.125221
66518.0,-63.10434
66520.0,-63.079998
66522.0,-63.053673
66524.0,-63.037457
66526.0,-63.021832
66528.0,-63.007053
66530.0,-62.993393
66532.0,-62.98114
66534.0,-62.970612
66536.0,-62.962151
66538.0,-62.956112
66540.0,-62.952881
66542.0,-62.952858
66544.0,-62.94944
66546.0,-62.946346
66548.0,-62.944527
66550.0,-62.944023
66552.0,-62.944866
66554.0,-62.947079
66556.0,-62.950695
66558.0,-62.95573
66560.0,-62.9622
66562.0,-62.970127
66564.0,-62.974911
66566.0,-62.975693
66568.0,-62.974751
66570.0,-62.971634
66572.0,-62.965855
66574.0,-62.956902
66576.0,-62.944225
66578.0,-62.92725
66580.0,-62.90538
66582.0,-62.877975
66584.0,-62.850292
66586.0,-62.833542
66588.0,-62.817055
66590.0,-62.801231
66592.0,-62.786503
66594.0,-62.773346
66596.0,-62.762264
66598.0,-62.753811
66600.0,-62.748566
66602.0,-62.747154
66604.0,-62.749744
66606.0,-62.73917
66608.0,-62.727955
66610.0,-62.715893
66612.0,-62.702751
66614.0,-62.688282
66616.0,-62.672207
66618.0,-62.654236
66620.0,-62.634052
66622.0,-62.611324
66624.0,-62.585697
66626.0,-62.56271
66628.0,-62.540447
66630.0,-62.517288
66632.0,-62.493237
66634.0,-62.468311
66636.0,-62.442535
66638.0,-62.415932
66640.0,-62.388531
66642.0,-62.360367
66644.0,-62.331478
66646.0,-62.3041
66648.0,-62.279751
66650.0,-62.256714
66652.0,-62.235321
66654.0,-62.215919
66656.0,-62.198883
66658.0,-62.184605
66660.0,-62.173492
66662.0,-62.165981
66664.0,-62.162521
66666.0,-62.161877
66668.0,-62.157246
66670.0,-62.154522
66672.0,-62.153709
66674.0,-62.154793
66676.0,-62.157753
66678.0,-62.162556
66680.0,-62.169155
66682.0,-62.177502
66684.0,-62.187527
66686.0,-62.199154
66688.0,-62.206139
66690.0,-62.211712
66692.0,-62.215881
66694.0,-62.218151
66696.0,-62.217995
66698.0,-62.214851
66700.0,-62.208126
66702.0,-62.197193
66704.0,-62.1814
66706.0,-62.160057
66708.0,-62.144745
66710.0,-62.135059
66712.0,-62.125416
66714.0,-62.116116
66716.0,-62.107487
66718.0,-62.099895
66720.0,-62.093735
66722.0,-62.089424
66724.0,-62.087433
66726.0,-62.088238
66728.0,-62.08836
66730.0,-62.082436
66732.0,-62.076389
66734.0,-62.070168
66736.0,-62.063713
66738.0,-62.056961
66740.0,-62.049839
66742.0,-62.042267
66744.0,-62.034164
66746.0,-62.025429
66748.0,-62.016125
66750.0,-62.008114
66752.0,-61.999947
66754.0,-61.991611
66756.0,-61.983112
66758.0,-61.974445
66760.0,-61.965599
66762.0,-61.956577
66764.0,-61.947372
66766.0,-61.937981
66768.0,-61.928398
66770.0,-61.919636
66772.0,-61.911137
66774.0,-61.902668
66776.0,-61.894234
66778.0,-61.885826
66780.0,-61.877445
66782.0,-61.869087
66784.0,-61.860756
66786.0,-61.85244
66788.0,-61.844143
66790.0,-61.835861
66792.0,-61.827591
66794.0,-61.819332
66796.0,-61.811081
66798.0,-61.802834
66800.0,-61.79459
66802.0,-61.78635
66804.0,-61.778107
66806.0,-61.769859
66808.0,-61.761604
66810.0,-61.753342
66812.0,-61.745071
66814.0,-61.736782
66816.0,-61.728481
66818.0,-61.720161
66820.0,-61.711823
66822.0,-61.703461
66824.0,-61.695076
66826.0,-61.686661
66828.0,-61.678219
66830.0,-61.669743
66832.0,-61.661232
66834.0,-61.652687
66836.0,-61.6441
66838.0,-61.635475
66840.0,-61.627327
66842.0,-61.619366
66844.0,-61.61142
66846.0,-61.603489
66848.0,-61.595566
66850.0,-61.587654
66852.0,-61.579754
66854.0,-61.571865
66856.0,-61.563984
66858.0,-61.55611
66860.0,-61.548244
66862.0,-61.540386
66864.0,-61.532536
66866.0,-61.524689
66868.0,-61.516846
66870.0,-61.50901
66872.0,-61.501179
66874.0,-61.493347
66876.0,-61.485519
66878.0,-61.477695
66880.0,-61.469868
66882.0,-61.462044
66884.0,-61.45422
66886.0,-61.446392
66888.0,-61.438564
66890.0,-61.430737
66892.0,-61.422901
66894.0,-61.415066
66896.0,-61.407223
66898.0,-61.399376
66900.0,-61.391525
66902.0,-61.383667
66904.0,-61.375801
66906.0,-61.367928
66908.0,-61.360046
66910.0,-61.352306
66912.0,-61.344643
66914.0,-61.33699
66916.0,-61.32935
66918.0,-61.321712
66920.0,-61.314087
66922.0,-61.306469
66924.0,-61.298859
66926.0,-61.29126
66928.0,-61.283665
66930.0,-61.276081
66932.0,-61.268505
66934.0,-61.260933
66936.0,-61.253372
66938.0,-61.245815
66940.0,-61.238266
66942.0,-61.230728
66944.0,-61.223194
66946.0,-61.215664
66948.0,-61.208145
66950.0,-61.20063
66952.0,-61.193123
66954.0,-61.185619
66956.0,-61.178123
66958.0,-61.170635
66960.0,-61.163151
66962.0,-61.155674
66964.0,-61.148201
66966.0,-61.140732
66968.0,-61.13327
66970.0,-61.125813
66972.0,-61.118359
66974.0,-61.110912
66976.0,-61.103466
66978.0,-61.096027
66980.0,-61.088619
66982.0,-61.081234
66984.0,-61.073856
66986.0,-61.066483
66988.0,-61.05912
66990.0,-61.051765
66992.0,-61.044415
66994.0,-61.037075
66996.0,-61.029743
66998.0,-61.022415
67000.0,-61.015099
67002.0,-61.007786
67004.0,-61.000481
67006.0,-60.993183
67008.0,-60.985893
67010.0,-60.978611
67012.0,-60.971336
67014.0,-60.964066
67016.0,-60.956802
67018.0,-60.949547
67020.0,-60.942299
67022.0,-60.935059
67024.0,-60.927822
67026.0,-60.920597
67028.0,-60.913372
67030.0,-60.906158
67032.0,-60.898952
67034.0,-60.89175
67036.0,-60.884556
67038.0,-60.877365
67040.0,-60.870182
67042.0,-60.863007
67044.0,-60.855839
67046.0,-60.848675
67048.0,-60.841518
67050.0,-60.834293
67052.0,-60.827003
67054.0,-60.81971
67056.0,-60.812416
67058.0,-60.805122
67060.0,-60.797821
67062.0,-60.790524
67064.0,-60.783218
67066.0,-60.775913
67068.0,-60.7686
67070.0,-60.761292
67072.0,-60.753975
67074.0,-60.746655
67076.0,-60.739334
67078.0,-60.73201
67080.0,-60.724682
67082.0,-60.71735
67084.0,-60.710014
67086.0,-60.702675
67088.0,-60.695332
67090.0,-60.687984
67092.0,-60.680634
67094.0,-60.673283
67096.0,-60.665924
67098.0,-60.658562
67100.0,-60.651192
67102.0,-60.643822
67104.0,-60.636444
67106.0,-60.629066
67108.0,-60.621681
67110.0,-60.614292
67112.0,-60.606895
67114.0,-60.599499
67116.0,-60.592094
67118.0,-60.584682
67120.0,-60.577271
67122.0,-60.569851
67124.0,-60.562424
67126.0,-60.554996
67128.0,-60.547558
67130.0,-60.540119
67132.0,-60.532669
67134.0,-60.525219
67136.0,-60.517757
67138.0,-60.510292
67140.0,-60.502823
67142.0,-60.495346
67144.0,-60.487862
67146.0,-60.480373
67148.0,-60.472878
67150.0,-60.465378
67152.0,-60.457867
67154.0,-60.450352
67156.0,-60.442829
67158.0,-60.435299
67160.0,-60.427765
67162.0,-60.420223
67164.0,-60.41267
67166.0,-60.405113
67168.0,-60.397549
67170.0,-60.38998
67172.0,-60.382401
67174.0,-60.374813
67176.0,-60.367218
67178.0,-60.359615
67180.0,-60.352005
67182.0,-60.344387
67184.0,-60.336761
67186.0,-60.329128
67188.0,-60.321487
67190.0,-60.313835
67192.0,-60.306179
67194.0,-60.298512
67196.0,-60.290836
67198.0,-60.28315
67200.0,-60.275459
67202.0,-60.267757
67204.0,-60.260048
67206.0,-60.252327
67208.0,-60.244598
67210.0,-60.236862
67212.0,-60.229046
67214.0,-60.220924
67216.0,-60.212784
67218.0,-60.20462
67220.0,-60.19643
67222.0,-60.188221
67224.0,-60.179985
67226.0,-60.171726
67228.0,-60.163445
67230.0,-60.15514
67232.0,-60.146809
67234.0,-60.138451
67236.0,-60.13007
67238.0,-60.121662
67240.0,-60.113232
67242.0,-60.104771
67244.0,-60.096287
67246.0,-60.087776
67248.0,-60.079239
67250.0,-60.070675
67252.0,-60.062084
67254.0,-60.053467
67256.0,-60.044819
67258.0,-60.036144
67260.0,-60.027443
67262.0,-60.018711
67264.0,-60.009953
67266.0,-60.001163
67268.0,-59.992348
67270.0,-59.983501
67272.0,-59.974625
67274.0,-59.965717
67276.0,-59.956783
67278.0,-59.947815
67280.0,-59.93882
67282.0,-59.92979
67284.0,-59.920734
67286.0,-59.911644
67288.0,-59.902519
67290.0,-59.893368
67292.0,-59.884182
67294.0,-59.874962
67296.0,-59.865711
67298.0,-59.85643
67300.0,-59.847111
67302.0,-59.837761
67304.0,-59.828381
67306.0,-59.818962
67308.0,-59.809509
67310.0,-59.800026
67312.0,-59.790504
67314.0,-59.780949
67316.0,-59.771358
67318.0,-59.761734
67320.0,-59.752071
67322.0,-59.742374
67324.0,-59.732643
67326.0,-59.722874
67328.0,-59.71307
67330.0,-59.703224
67332.0,-59.693348
67334.0,-59.68343
67336.0,-59.673473
67338.0,-59.663483
67340.0,-59.653454
67342.0,-59.643383
67344.0,-59.633278
67346.0,-59.623131
67348.0,-59.612946
67350.0,-59.602722
67352.0,-59.592457
67354.0,-59.582153
67356.0,-59.571808
67358.0,-59.561424
67360.0,-59.551003
67362.0,-59.540535
67364.0,-59.530029
67366.0,-59.519482
67368.0,-59.508892
67370.0,-59.49826
67372.0,-59.487587
67374.0,-59.476871
67376.0,-59.465088
67378.0,-59.453045
67380.0,-59.440914
67382.0,-59.428696
67384.0,-59.416386
67386.0,-59.403988
67388.0,-59.391499
67390.0,-59.378918
67392.0,-59.366241
67394.0,-59.353477
67396.0,-59.340614
67398.0,-59.32766
67400.0,-59.31461
67402.0,-59.301464
67404.0,-59.288219
67406.0,-59.274876
67408.0,-59.261436
67410.0,-59.247894
67412.0,-59.234257
67414.0,-59.220512
67416.0,-59.206669
67418.0,-59.192726
67420.0,-59.178677
67422.0,-59.16452
67424.0,-59.150265
67426.0,-59.135899
67428.0,-59.121429
67430.0,-59.10685
67432.0,-59.092167
67434.0,-59.07737
67436.0,-59.062466
67438.0,-59.047451
67440.0,-59.032326
67442.0,-59.017086
67444.0,-59.001736
67446.0,-58.986271
67448.0,-58.970695
67450.0,-58.954998
67452.0,-58.93919
67454.0,-58.923264
67456.0,-58.907219
67458.0,-58.891056
67460.0,-58.874775
67462.0,-58.858376
67464.0,-58.841854
67466.0,-58.825211
67468.0,-58.808445
67470.0,-58.791557
67472.0,-58.774544
67474.0,-58.757408
67476.0,-58.740143
67478.0,-58.722755
67480.0,-58.705242
67482.0,-58.687599
67484.0,-58.669827
67486.0,-58.651924
67488.0,-58.633896
67490.0,-58.615734
67492.0,-58.597439
67494.0,-58.579014
67496.0,-58.560455
67498.0,-58.541763
67500.0,-58.522934
67502.0,-58.503971
67504.0,-58.484871
67506.0,-58.465633
67508.0,-58.446259
67510.0,-58.426746
67512.0,-58.407093
67514.0,-58.387302
67516.0,-58.367367
67518.0,-58.34729
67520.0,-58.327072
67522.0,-58.306709
67524.0,-58.286205
67526.0,-58.265553
67528.0,-58.244755
67530.0,-58.223812
67532.0,-58.202721
67534.0,-58.181484
67536.0,-58.160095
67538.0,-58.137043
67540.0,-58.11195
67542.0,-58.086124
67544.0,-58.059555
67546.0,-58.032215
67548.0,-58.004089
67550.0,-57.975159
67552.0,-57.945408
67554.0,-57.91481
67556.0,-57.883358
67558.0,-57.851025
67560.0,-57.817791
67562.0,-57.783646
67564.0,-57.748566
67566.0,-57.712532
67568.0,-57.675526
67570.0,-57.637527
67572.0,-57.598526
67574.0,-57.558495
67576.0,-57.517414
67578.0,-57.475075
67580.0,-57.430607
67582.0,-57.384857
67584.0,-57.337807
67586.0,-57.289421
67588.0,-57.239677
67590.0,-57.188553
67592.0,-57.136013
67594.0,-57.082035
67596.0,-57.026592
67598.0,-56.969654
67600.0,-56.911201
67602.0,-56.8512
67604.0,-56.789627
67606.0,-56.726456
67608.0,-56.661659
67610.0,-56.595207
67612.0,-56.527077
67614.0,-56.457241
67616.0,-56.385674
67618.0,-56.312344
67620.0,-56.225979
67622.0,-56.133793
67624.0,-56.037727
67626.0,-55.937664
67628.0,-55.833485
67630.0,-55.725075
67632.0,-55.612309
67634.0,-55.495068
67636.0,-55.373241
67638.0,-55.2467
67640.0,-55.115334
67642.0,-54.979019
67644.0,-54.837639
67646.0,-54.691074
67648.0,-54.539207
67650.0,-54.38192
67652.0,-54.21909
67654.0,-54.050602
67656.0,-53.876331
67658.0,-53.696171
67660.0,-53.505547
67662.0,-53.299622
67664.0,-53.080547
67666.0,-52.847458
67668.0,-52.599491
67670.0,-52.333225
67672.0,-52.044205
67674.0,-51.733589
67676.0,-51.399883
67678.0,-51.041588
67680.0,-50.650433
67682.0,-50.209892
67684.0,-49.72641
67686.0,-49.196327
67688.0,-48.615986
67690.0,-47.974937
67692.0,-47.239323
67694.0,-46.410755
67696.0,-45.473972
67698.0,-44.341557
67700.0,-43.016109
67702.0,-41.470787
67704.0,-39.584763
67706.0,-37.248276
67708.0,-34.240589
67710.0,-30.346313
67712.0,-25.282875
67714.0,-19.106407
67716.0,-12.762953
67718.0,-8.2178574
67720.0,-6.714747
67722.0,-7.9958053
67724.0,-11.178197
67726.0,-15.400334
67728.0,-19.999077
67730.0,-24.454985
67732.0,-28.656485
67734.0,-32.542759
67736.0,-36.096947
67738.0,-39.32439
67740.0,-42.241047
67742.0,-44.848347
67744.0,-47.179142
67746.0,-49.230053
67748.0,-51.053898
67750.0,-52.642433
67752.0,-54.049484
67754.0,-55.269501
67756.0,-56.346657
67758.0,-57.279377
67760.0,-58.088818
67762.0,-58.799831
67764.0,-59.423752
67766.0,-59.970604
67768.0,-60.453384
67770.0,-60.887806
67772.0,-61.269974
67774.0,-61.612843
67776.0,-61.92564
67778.0,-62.202133
67780.0,-62.452953
67782.0,-62.681522
67784.0,-62.885803
67786.0,-63.07164
67788.0,-63.240505
67790.0,-63.392784
67792.0,-63.531685
67794.0,-63.656326
67796.0,-63.767761
67798.0,-63.86869
67800.0,-63.960842
67802.0,-64.045898
67804.0,-64.120697
67806.0,-64.189018
67808.0,-64.252083
67810.0,-64.311119
67812.0,-64.365601
67814.0,-64.413017
67816.0,-64.456322
67818.0,-64.496117
67820.0,-64.533005
67822.0,-64.566116
67824.0,-64.595695
67826.0,-64.622566
67828.0,-64.647049
67830.0,-64.669472
67832.0,-64.69014
67834.0,-64.709351
67836.0,-64.726189
67838.0,-64.740158
67840.0,-64.752098
67842.0,-64.762016
67844.0,-64.769875
67846.0,-64.775612
67848.0,-64.779152
67850.0,-64.781586
67852.0,-64.784599
67854.0,-64.786926
67856.0,-64.788765
67858.0,-64.790306
67860.0,-64.791763
67862.0,-64.793327
67864.0,-64.79422
67866.0,-64.791153
67868.0,-64.786255
67870.0,-64.779213
67872.0,-64.769684
67874.0,-64.757278
67876.0,-64.741577
67878.0,-64.722679
67880.0,-64.706398
67882.0,-64.68895
67884.0,-64.670494
67886.0,-64.65123
67888.0,-64.631386
67890.0,-64.611206
67892.0,-64.590942
67894.0,-64.570274
67896.0,-64.549774
67898.0,-64.529732
67900.0,-64.510429
67902.0,-64.492157
67904.0,-64.475243
67906.0,-64.460007
67908.0,-64.442642
67910.0,-64.424324
67912.0,-64.40564
67914.0,-64.386398
67916.0,-64.366348
67918.0,-64.345253
67920.0,-64.3228
67922.0,-64.302963
67924.0,-64.286064
67926.0,-64.270744
67928.0,-64.257362
67930.0,-64.246323
67932.0,-64.238052
67934.0,-64.233009
67936.0,-64.225922
67938.0,-64.213318
67940.0,-64.198631
67942.0,-64.181076
67944.0,-64.159798
67946.0,-64.133865
67948.0,-64.10228
67950.0,-64.06871
67952.0,-64.039879
67954.0,-64.009865
67956.0,-63.97897
67958.0,-63.947521
67960.0,-63.91592
67962.0,-63.884613
67964.0,-63.85376
67966.0,-63.822666
67968.0,-63.792603
67970.0,-63.76403
67972.0,-63.737461
67974.0,-63.713421
67976.0,-63.692493
67978.0,-63.674618
67980.0,-63.651573
67982.0,-63.628593
67984.0,-63.605354
67986.0,-63.581493
67988.0,-63.556595
67990.0,-63.530197
67992.0,-63.501789
67994.0,-63.481396
67996.0,-63.463993
67998.0,-63.449593
68000.0,-63.438778
68002.0,-63.432186
68004.0,-63.430515
68006.0,-63.434498
68008.0,-63.430172
68010.0,-63.42083
68012.0,-63.408321
68014.0,-63.391418
68016.0,-63.368755
68018.0,-63.338863
68020.0,-63.300152
68022.0,-63.264526
68024.0,-63.232819
68026.0,-63.199711
68028.0,-63.165657
68030.0,-63.131195
68032.0,-63.096939
68034.0,-63.06358
68036.0,-63.030205
68038.0,-62.996384
68040.0,-62.96394
68042.0,-62.933468
68044.0,-62.905617
68046.0,-62.881065
68048.0,-62.860554
68050.0,-62.841316
68052.0,-62.817848
68054.0,-62.794739
68056.0,-62.771671
68058.0,-62.748264
68060.0,-62.724094
68062.0,-62.698681
68064.0,-62.67347
68066.0,-62.656197
68068.0,-62.641747
68070.0,-62.630619
68072.0,-62.623363
68074.0,-62.620567
68076.0,-62.622871
68078.0,-62.629944
68080.0,-62.625961
68082.0,-62.620136
68084.0,-62.611378
68086.0,-62.598488
68088.0,-62.580151
68090.0,-62.554943
68092.0,-62.521328
68094.0,-62.496819
68096.0,-62.472073
68098.0,-62.446205
68100.0,-62.419624
68102.0,-62.392792
68104.0,-62.366253
68106.0,-62.340618
68108.0,-62.314602
68110.0,-62.289223
68112.0,-62.265453
68114.0,-62.243896
68116.0,-62.225189
68118.0,-62.210022
68120.0,-62.199127
68122.0,-62.187737
68124.0,-62.175339
68126.0,-62.164326
68128.0,-62.15456
68130.0,-62.145885
68132.0,-62.138103
68134.0,-62.130981
68136.0,-62.12476
68138.0,-62.119572
68140.0,-62.114788
68142.0,-62.110161
68144.0,-62.105431
68146.0,-62.100296
68148.0,-62.094452
68150.0,-62.088448
68152.0,-62.08366
68154.0,-62.078686
68156.0,-62.073441
68158.0,-62.067841
68160.0,-62.061802
68162.0,-62.055244
68164.0,-62.048252
68166.0,-62.041523
68168.0,-62.034565
68170.0,-62.027412
68172.0,-62.020103
68174.0,-62.012699
68176.0,-62.005257
68178.0,-61.997826
68180.0,-61.989979
68182.0,-61.982048
68184.0,-61.974056
68186.0,-61.966034
68188.0,-61.958008
68190.0,-61.949997
68192.0,-61.942036
68194.0,-61.934139
68196.0,-61.926342
68198.0,-61.918663
68200.0,-61.911133
68202.0,-61.903557
68204.0,-61.895523
68206.0,-61.887505
68208.0,-61.879517
68210.0,-61.871567
68212.0,-61.863667
68214.0,-61.85582
68216.0,-61.848045
68218.0,-61.840347
68220.0,-61.832737
68222.0,-61.825226
68224.0,-61.817822
68226.0,-61.810318
68228.0,-61.802666
68230.0,-61.795036
68232.0,-61.787437
68234.0,-61.779861
68236.0,-61.77232
68238.0,-61.764809
68240.0,-61.757332
68242.0,-61.749886
68244.0,-61.742477
68246.0,-61.735107
68248.0,-61.727776
68250.0,-61.720333
68252.0,-61.712852
68254.0,-61.705379
68256.0,-61.697914
68258.0,-61.690456
68260.0,-61.683006
68262.0,-61.675564
68264.0,-61.668137
68266.0,-61.660717
68268.0,-61.653305
68270.0,-61.645908
68272.0,-61.638523
68274.0,-61.631153
68276.0,-61.623795
68278.0,-61.616451
68280.0,-61.609123
68282.0,-61.601807
68284.0,-61.594509
68286.0,-61.587231
68288.0,-61.579967
68290.0,-61.57272
68292.0,-61.565495
68294.0,-61.558289
68296.0,-61.550987
68298.0,-61.543644
68300.0,-61.536312
68302.0,-61.528984
68304.0,-61.521664
68306.0,-61.514355
68308.0,-61.507053
68310.0,-61.49976
68312.0,-61.49247
68314.0,-61.485191
68316.0,-61.477924
68318.0,-61.470661
68320.0,-61.463406
68322.0,-61.456161
68324.0,-61.448921
68326.0,-61.441692
68328.0,-61.434471
68330.0,-61.427254
68332.0,-61.420048
68334.0,-61.412849
68336.0,-61.405663
68338.0,-61.398479
68340.0,-61.391304
68342.0,-61.38414
68344.0,-61.37698
68346.0,-61.369831
68348.0,-61.36269
68350.0,-61.355556
68352.0,-61.348431
68354.0,-61.341312
68356.0,-61.334202
68358.0,-61.327103
68360.0,-61.320007
68362.0,-61.312923
68364.0,-61.305843
68366.0,-61.298775
68368.0,-61.291714
68370.0,-61.28466
68372.0,-61.277615
68374.0,-61.270576
68376.0,-61.26355
68378.0,-61.256527
68380.0,-61.249516
68382.0,-61.242508
68384.0,-61.235493
68386.0,-61.22839
68388.0,-61.221291
68390.0,-61.214191
68392.0,-61.207096
68394.0,-61.200005
68396.0,-61.192917
68398.0,-61.185833
68400.0,-61.178749
68402.0,-61.171669
68404.0,-61.164593
68406.0,-61.15752
68408.0,-61.150452
68410.0,-61.143383
68412.0,-61.136318
68414.0,-61.129257
68416.0,-61.1222
68418.0,-61.115147
68420.0,-61.108093
68422.0,-61.101044
68424.0,-61.093998
68426.0,-61.086956
68428.0,-61.079914
68430.0,-61.07288
68432.0,-61.065845
68434.0,-61.058815
68436.0,-61.051788
68438.0,-61.044762
68440.0,-61.037743
68442.0,-61.030724
68444.0,-61.023708
68446.0,-61.016693
68448.0,-61.009686
68450.0,-61.002678
68452.0,-60.995674
68454.0,-60.988674
68456.0,-60.981678
68458.0,-60.974682
68460.0,-60.967693
68462.0,-60.960705
68464.0,-60.95372
68466.0,-60.946735
68468.0,-60.939758
68470.0,-60.932781
68472.0,-60.925808
68474.0,-60.918671
68476.0,-60.911438
68478.0,-60.904205
68480.0,-60.896965
68482.0,-60.889725
68484.0,-60.882481
68486.0,-60.875233
68488.0,-60.867981
68490.0,-60.860729
68492.0,-60.85347
68494.0,-60.84621
68496.0,-60.838947
68498.0,-60.83168
68500.0,-60.824409
68502.0,-60.817139
68504.0,-60.80986
68506.0,-60.802582
68508.0,-60.7953
68510.0,-60.788013
68512.0,-60.780724
68514.0,-60.773434
68516.0,-60.766136
68518.0,-60.758839
68520.0,-60.751537
68522.0,-60.744232
68524.0,-60.736927
68526.0,-60.729614
68528.0,-60.722301
68530.0,-60.714985
68532.0,-60.707664
68534.0,-60.70034
68536.0,-60.693012
68538.0,-60.685684
68540.0,-60.678349
68542.0,-60.671013
68544.0,-60.663673
68546.0,-60.656334
68548.0,-60.648987
68550.0,-60.641636
68552.0,-60.634285
68554.0,-60.62693
68556.0,-60.619572
68558.0,-60.612209
68560.0,-60.604847
68562.0,-60.597477
68564.0,-60.590107
68566.0,-60.582733
68568.0,-60.575356
68570.0,-60.567974
68572.0,-60.560593
68574.0,-60.553207
68576.0,-60.545815
68578.0,-60.538422
68580.0,-60.531025
68582.0,-60.523628
68584.0,-60.516224
68586.0,-60.50882
68588.0,-60.501411
68590.0,-60.493999
68592.0,-60.486584
68594.0,-60.479164
68596.0,-60.471745
68598.0,-60.464317
68600.0,-60.45689
68602.0,-60.449459
68604.0,-60.442024
68606.0,-60.434589
68608.0,-60.427147
68610.0,-60.419704
68612.0,-60.412258
68614.0,-60.404808
68616.0,-60.397354
68618.0,-60.3899
68620.0,-60.382439
68622.0,-60.374977
68624.0,-60.367512
68626.0,-60.360043
68628.0,-60.35257
68630.0,-60.345093
68632.0,-60.337616
68634.0,-60.330135
68636.0,-60.322651
68638.0,-60.315163
68640.0,-60.307171
68642.0,-60.298466
68644.0,-60.289726
68646.0,-60.280956
68648.0,-60.272156
68650.0,-60.263321
68652.0,-60.254459
68654.0,-60.24556
68656.0,-60.236633
68658.0,-60.227673
68660.0,-60.218681
68662.0,-60.20966
68664.0,-60.200603
68666.0,-60.191517
68668.0,-60.1824
68670.0,-60.173252
68672.0,-60.16407
68674.0,-60.154858
68676.0,-60.145611
68678.0,-60.136333
68680.0,-60.127026
68682.0,-60.117687
68684.0,-60.108315
68686.0,-60.098915
68688.0,-60.089478
68690.0,-60.080013
68692.0,-60.070515
68694.0,-60.060986
68696.0,-60.051422
68698.0,-60.041832
68700.0,-60.032207
68702.0,-60.022549
68704.0,-60.012863
68706.0,-60.003143
68708.0,-59.993393
68710.0,-59.983608
68712.0,-59.973793
68714.0,-59.963947
68716.0,-59.954071
68718.0,-59.94416
68720.0,-59.934219
68722.0,-59.924248
68724.0,-59.914242
68726.0,-59.904205
68728.0,-59.894138
68730.0,-59.884037
68732.0,-59.873905
68734.0,-59.863743
68736.0,-59.85355
68738.0,-59.843323
68740.0,-59.833065
68742.0,-59.822777
68744.0,-59.812454
68746.0,-59.802101
68748.0,-59.791718
68750.0,-59.781303
68752.0,-59.770855
68754.0,-59.760376
68756.0,-59.749863
68758.0,-59.739323
68760.0,-59.728748
68762.0,-59.71814
68764.0,-59.707504
68766.0,-59.696835
68768.0,-59.686131
68770.0,-59.6754
68772.0,-59.664635
68774.0,-59.653839
68776.0,-59.643013
68778.0,-59.632153
68780.0,-59.621262
68782.0,-59.61034
68784.0,-59.599384
68786.0,-59.588398
68788.0,-59.577381
68790.0,-59.56633
68792.0,-59.555248
68794.0,-59.544136
68796.0,-59.532993
68798.0,-59.521816
68800.0,-59.510609
68802.0,-59.499371
68804.0,-59.488098
68806.0,-59.476578
68808.0,-59.464043
68810.0,-59.451366
68812.0,-59.438549
68814.0,-59.425594
68816.0,-59.412498
68818.0,-59.399265
68820.0,-59.385891
68822.0,-59.372375
68824.0,-59.358719
68826.0,-59.344925
68828.0,-59.33099
68830.0,-59.316914
68832.0,-59.3027
68834.0,-59.288345
68836.0,-59.273849
68838.0,-59.259216
68840.0,-59.244442
68842.0,-59.229527
68844.0,-59.214474
68846.0,-59.199276
68848.0,-59.183769
68850.0,-59.16782
68852.0,-59.151688
68854.0,-59.135376
68856.0,-59.118877
68858.0,-59.1022
68860.0,-59.085342
68862.0,-59.068298
68864.0,-59.051075
68866.0,-59.033669
68868.0,-59.016079
68870.0,-58.99831
68872.0,-58.980354
68874.0,-58.962223
68876.0,-58.943905
68878.0,-58.925407
68880.0,-58.906727
68882.0,-58.887863
68884.0,-58.868816
68886.0,-58.84959
68888.0,-58.830181
68890.0,-58.808136
68892.0,-58.783951
68894.0,-58.759357
68896.0,-58.734356
68898.0,-58.70895
68900.0,-58.683136
68902.0,-58.656914
68904.0,-58.630287
68906.0,-58.603252
68908.0,-58.575809
68910.0,-58.547958
68912.0,-58.519703
68914.0,-58.491039
68916.0,-58.461967
68918.0,-58.432491
68920.0,-58.402603
68922.0,-58.372311
68924.0,-58.341614
68926.0,-58.310505
68928.0,-58.278992
68930.0,-58.24707
68932.0,-58.214745
68934.0,-58.182007
68936.0,-58.148865
68938.0,-58.115318
68940.0,-58.08136
68942.0,-58.046997
68944.0,-58.012226
68946.0,-57.977047
68948.0,-57.941463
68950.0,-57.905472
68952.0,-57.869072
68954.0,-57.832264
68956.0,-57.795052
68958.0,-57.757431
68960.0,-57.719402
68962.0,-57.680969
68964.0,-57.640858
68966.0,-57.598835
68968.0,-57.555916
68970.0,-57.5121
68972.0,-57.467384
68974.0,-57.421776
68976.0,-57.375267
68978.0,-57.327862
68980.0,-57.27956
68982.0,-57.22982
68984.0,-57.177429
68986.0,-57.123714
68988.0,-57.068676
68990.0,-57.012314
68992.0,-56.954632
68994.0,-56.895626
68996.0,-56.8353
68998.0,-56.773647
69000.0,-56.710663
69002.0,-56.642696
69004.0,-56.572693
69006.0,-56.500648
69008.0,-56.426567
69010.0,-56.350452
69012.0,-56.272297
69014.0,-56.192104
69016.0,-56.109871
69018.0,-56.025604
69020.0,-55.933651
69022.0,-55.836357
69024.0,-55.735504
69026.0,-55.631088
69028.0,-55.523109
69030.0,-55.411568
69032.0,-55.296467
69034.0,-55.177803
69036.0,-55.055576
69038.0,-54.921856
69040.0,-54.773388
69042.0,-54.617954
69044.0,-54.455547
69046.0,-54.286175
69048.0,-54.109829
69050.0,-53.926514
69052.0,-53.736229
69054.0,-53.538979
69056.0,-53.331852
69058.0,-53.103561
69060.0,-52.862331
69062.0,-52.608166
69064.0,-52.341064
69066.0,-52.044109
69068.0,-51.725842
69070.0,-51.387543
69072.0,-51.029213
69074.0,-50.623173
69076.0,-50.164864
69078.0,-49.668171
69080.0,-49.133091
69082.0,-48.549469
69084.0,-47.887291
69086.0,-47.151203
69088.0,-46.305553
69090.0,-45.351723
69092.0,-44.201126
69094.0,-42.882442
69096.0,-41.303059
69098.0,-39.376213
69100.0,-36.949684
69102.0,-33.812977
69104.0,-29.763357
69106.0,-24.47537
69108.0,-18.099407
69110.0,-11.852038
69112.0,-7.7886019
69114.0,-6.7689943
69116.0,-8.3283081
69118.0,-11.608285
69120.0,-15.80494
69122.0,-20.280985
69124.0,-24.642242
69126.0,-28.729549
69128.0,-32.497478
69130.0,-35.955166
69132.0,-39.109787
69134.0,-41.94952
69136.0,-44.493832
69138.0,-46.756344
69140.0,-48.754562
69142.0,-50.513939
69144.0,-52.062405
69146.0,-53.422134
69148.0,-54.61517
69150.0,-55.664673
69152.0,-56.586136
69154.0,-57.399242
69156.0,-58.117588
69158.0,-58.75309
69160.0,-59.319229
69162.0,-59.821716
69164.0,-60.272663
69166.0,-60.673149
69168.0,-61.032894
69170.0,-61.359024
69172.0,-61.653446
69174.0,-61.919048
69176.0,-62.160934
69178.0,-62.382084
69180.0,-62.583977
69182.0,-62.76857
69184.0,-62.936832
69186.0,-63.093208
69188.0,-63.240612
69190.0,-63.377571
69192.0,-63.503876
69194.0,-63.618683
69196.0,-63.720528
69198.0,-63.817345
69200.0,-63.912712
69202.0,-64.000526
69204.0,-64.079865
69206.0,-64.14946
69208.0,-64.207657
69210.0,-64.261742
69212.0,-64.315887
69214.0,-64.364311
69216.0,-64.406815
69218.0,-64.443085
69220.0,-64.472717
69222.0,-64.498787
69224.0,-64.523575
69226.0,-64.545029
69228.0,-64.563499
69230.0,-64.579338
69232.0,-64.592896
69234.0,-64.603668
69236.0,-64.611549
69238.0,-64.617538
69240.0,-64.621948
69242.0,-64.625076
69244.0,-64.627243
69246.0,-64.628746
69248.0,-64.629898
69250.0,-64.630997
69252.0,-64.63237
69254.0,-64.630989
69256.0,-64.626732
69258.0,-64.621819
69260.0,-64.616402
69262.0,-64.610619
69264.0,-64.60463
69266.0,-64.598572
69268.0,-64.59259
69270.0,-64.586845
69272.0,-64.581482
69274.0,-64.574432
69276.0,-64.566071
69278.0,-64.557449
69280.0,-64.54863
69282.0,-64.539658
69284.0,-64.530586
69286.0,-64.521477
69288.0,-64.512383
69290.0,-64.503357
69292.0,-64.494453
69294.0,-64.484398
69296.0,-64.47361
69298.0,-64.462532
69300.0,-64.451164
69302.0,-64.439507
69304.0,-64.427567
69306.0,-64.415344
69308.0,-64.402855
69310.0,-64.390099
69312.0,-64.377075
69314.0,-64.364326
69316.0,-64.351486
69318.0,-64.338425
69320.0,-64.325142
69322.0,-64.311638
69324.0,-64.29792
69326.0,-64.283974
69328.0,-64.269814
69330.0,-64.255432
69332.0,-64.240829
69334.0,-64.226006
69336.0,-64.21096
69338.0,-64.195702
69340.0,-64.180214
69342.0,-64.164513
69344.0,-64.14859
69346.0,-64.132439
69348.0,-64.116074
69350.0,-64.099495
69352.0,-64.082687
69354.0,-64.065659
69356.0,-64.048416
69358.0,-64.030945
69360.0,-64.01326
69362.0,-63.99654
69364.0,-63.98148
69366.0,-63.966354
69368.0,-63.951168
69370.0,-63.935917
69372.0,-63.920601
69374.0,-63.905224
69376.0,-63.889786
69378.0,-63.874283
69380.0,-63.858715
69382.0,-63.843086
69384.0,-63.827393
69386.0,-63.811634
69388.0,-63.795815
69390.0,-63.779934
69392.0,-63.763988
69394.0,-63.747978
69396.0,-63.731903
69398.0,-63.715771
69400.0,-63.69957
69402.0,-63.683308
69404.0,-63.666981
69406.0,-63.650593
69408.0,-63.63414
69410.0,-63.617626
69412.0,-63.601048
69414.0,-63.584404
69416.0,-63.567699
69418.0,-63.550934
69420.0,-63.5341
69422.0,-63.517208
69424.0,-63.500248
69426.0,-63.483227
69428.0,-63.466145
69430.0,-63.448994
69432.0,-63.431786
69434.0,-63.414509
69436.0,-63.397259
69438.0,-63.380444
69440.0,-63.36359
69442.0,-63.346706
69444.0,-63.329792
69446.0,-63.31284
69448.0,-63.295856
69450.0,-63.278843
69452.0,-63.261795
69454.0,-63.244713
69456.0,-63.227596
69458.0,-63.210449
69460.0,-63.193268
69462.0,-63.176056
69464.0,-63.15881
69466.0,-63.141529
69468.0,-63.124214
69470.0,-63.106869
69472.0,-63.089489
69474.0,-63.072079
69476.0,-63.054634
69478.0,-63.037155
69480.0,-63.019646
69482.0,-63.002102
69484.0,-62.984524
69486.0,-62.966915
69488.0,-62.949272
69490.0,-62.931595
69492.0,-62.913887
69494.0,-62.896145
69496.0,-62.878372
69498.0,-62.860561
69500.0,-62.84272
69502.0,-62.824848
69504.0,-62.806942
69506.0,-62.789001
69508.0,-62.771027
69510.0,-62.753021
69512.0,-62.736107
69514.0,-62.719341
69516.0,-62.702602
69518.0,-62.685898
69520.0,-62.669224
69522.0,-62.652584
69524.0,-62.635975
69526.0,-62.619396
69528.0,-62.602852
69530.0,-62.586342
69532.0,-62.569859
69534.0,-62.55341
69536.0,-62.536995
69538.0,-62.520611
69540.0,-62.504257
69542.0,-62.487938
69544.0,-62.471649
69546.0,-62.455391
69548.0,-62.439167
69550.0,-62.422974
69552.0,-62.406815
69554.0,-62.390686
69556.0,-62.374588
69558.0,-62.358524
69560.0,-62.342495
69562.0,-62.326492
69564.0,-62.310524
69566.0,-62.29459
69568.0,-62.278687
69570.0,-62.262814
69572.0,-62.246971
69574.0,-62.231163
69576.0,-62.215389
69578.0,-62.199646
69580.0,-62.183933
69582.0,-62.168255
69584.0,-62.152607
69586.0,-62.137424
69588.0,-62.122528
69590.0,-62.1077
69592.0,-62.092937
69594.0,-62.078243
69596.0,-62.063618
69598.0,-62.049053
69600.0,-62.034561
69602.0,-62.020134
69604.0,-62.005772
69606.0,-61.991478
69608.0,-61.977249
69610.0,-61.963089
69612.0,-61.948997
69614.0,-61.934971
69616.0,-61.921009
69618.0,-61.907116
69620.0,-61.893291
69622.0,-61.879532
69624.0,-61.865837
69626.0,-61.852215
69628.0,-61.838654
69630.0,-61.825161
69632.0,-61.811737
69634.0,-61.798378
69636.0,-61.785088
69638.0,-61.771862
69640.0,-61.758705
69642.0,-61.745613
69644.0,-61.73259
69646.0,-61.719631
69648.0,-61.706741
69650.0,-61.693916
69652.0,-61.68116
69654.0,-61.668468
69656.0,-61.655846
69658.0,-61.643291
69660.0,-61.630806
69662.0,-61.618404
69664.0,-61.606068
69666.0,-61.593803
69668.0,-61.581604
69670.0,-61.569469
69672.0,-61.557407
69674.0,-61.54541
69676.0,-61.533482
69678.0,-61.521622
69680.0,-61.50983
69682.0,-61.498104
69684.0,-61.48645
69686.0,-61.474861
69688.0,-61.463337
69690.0,-61.451885
69692.0,-61.440498
69694.0,-61.42918
69696.0,-61.417931
69698.0,-61.40675
69700.0,-61.395638
69702.0,-61.38459
69704.0,-61.373611
69706.0,-61.362701
69708.0,-61.351856
69710.0,-61.341084
69712.0,-61.330376
69714.0,-61.319736
69716.0,-61.309166
69718.0,-61.29866
69720.0,-61.288227
69722.0,-61.277859
69724.0,-61.267559
69726.0,-61.257324
69728.0,-61.247162
69730.0,-61.237064
69732.0,-61.227036
69734.0,-61.21693
69736.0,-61.20615
69738.0,-61.195408
69740.0,-61.184704
69742.0,-61.174042
69744.0,-61.163422
69746.0,-61.15284
69748.0,-61.1423
69750.0,-61.131798
69752.0,-61.121334
69754.0,-61.110916
69756.0,-61.100533
69758.0,-61.090195
69760.0,-61.079891
69762.0,-61.069633
69764.0,-61.05941
69766.0,-61.049232
69768.0,-61.039093
69770.0,-61.028992
69772.0,-61.018932
69774.0,-61.008915
69776.0,-60.998936
69778.0,-60.988995
69780.0,-60.979095
69782.0,-60.969238
69784.0,-60.959419
69786.0,-60.949638
69788.0,-60.939903
69790.0,-60.930202
69792.0,-60.920547
69794.0,-60.910927
69796.0,-60.901352
69798.0,-60.891811
69800.0,-60.882317
69802.0,-60.87286
69804.0,-60.863441
69806.0,-60.854065
69808.0,-60.844727
69810.0,-60.83543
69812.0,-60.826176
69814.0,-60.816959
69816.0,-60.807785
69818.0,-60.798649
69820.0,-60.789551
69822.0,-60.780495
69824.0,-60.771481
69826.0,-60.762505
69828.0,-60.753571
69830.0,-60.744675
69832.0,-60.735821
69834.0,-60.727005
69836.0,-60.718231
69838.0,-60.709499
69840.0,-60.700802
69842.0,-60.69215
69844.0,-60.683537
69846.0,-60.674961
69848.0,-60.666428
69850.0,-60.657936
69852.0,-60.649483
69854.0,-60.641071
69856.0,-60.632698
69858.0,-60.624363
69860.0,-60.615883
69862.0,-60.606762
69864.0,-60.597656
69866.0,-60.588566
69868.0,-60.579483
69870.0,-60.570419
69872.0,-60.561367
69874.0,-60.552326
69876.0,-60.543301
69878.0,-60.534286
69880.0,-60.525288
69882.0,-60.5163
69884.0,-60.507328
69886.0,-60.498367
69888.0,-60.489422
69890.0,-60.480488
69892.0,-60.471565
69894.0,-60.462658
69896.0,-60.453766
69898.0,-60.444885
69900.0,-60.436016
69902.0,-60.427162
69904.0,-60.418324
69906.0,-60.409492
69908.0,-60.400681
69910.0,-60.39188
69912.0,-60.383091
69914.0,-60.374317
69916.0,-60.365555
69918.0,-60.356808
69920.0,-60.348072
69922.0,-60.339348
69924.0,-60.330639
69926.0,-60.321945
69928.0,-60.313263
69930.0,-60.304596
69932.0,-60.29594
69934.0,-60.287296
69936.0,-60.278667
69938.0,-60.27005
69940.0,-60.261448
69942.0,-60.252861
69944.0,-60.244282
69946.0,-60.235722
69948.0,-60.227173
69950.0,-60.218636
69952.0,-60.21011
69954.0,-60.201603
69956.0,-60.193104
69958.0,-60.18462
69960.0,-60.176151
69962.0,-60.167694
69964.0,-60.159252
69966.0,-60.150822
69968.0,-60.142403
69970.0,-60.133999
69972.0,-60.125607
69974.0,-60.117229
69976.0,-60.108868
69978.0,-60.100513
69980.0,-60.092178
69982.0,-60.083851
69984.0,-60.075542
69986.0,-60.066998
69988.0,-60.057831
69990.0,-60.048649
69992.0,-60.039452
69994.0,-60.030243
69996.0,-60.021019
69998.0,-60.01178
70000.0,-60.002525
70002.0,-59.993259
70004.0,-59.983978
70006.0,-59.974682
70008.0,-59.965374
70010.0,-59.956051
70012.0,-59.946712
70014.0,-59.937363
70016.0,-59.927998
70018.0,-59.918617
70020.0,-59.909222
70022.0,-59.899815
70024.0,-59.890392
70026.0,-59.880955
70028.0,-59.871506
70030.0,-59.862041
70032.0,-59.852562
70034.0,-59.843067
70036.0,-59.833561
70038.0,-59.824039
70040.0,-59.814507
70042.0,-59.804955
70044.0,-59.795391
70046.0,-59.785812
70048.0,-59.776222
70050.0,-59.766617
70052.0,-59.756996
70054.0,-59.74736
70056.0,-59.737713
70058.0,-59.72805
70060.0,-59.718372
70062.0,-59.708683
70064.0,-59.698978
70066.0,-59.689259
70068.0,-59.679523
70070.0,-59.669777
70072.0,-59.660015
70074.0,-59.650242
70076.0,-59.64045
70078.0,-59.630646
70080.0,-59.620827
70082.0,-59.610996
70084.0,-59.601151
70086.0,-59.59129
70088.0,-59.581413
70090.0,-59.571526
70092.0,-59.561623
70094.0,-59.551704
70096.0,-59.541775
70098.0,-59.53183
70100.0,-59.52187
70102.0,-59.511898
70104.0,-59.501907
70106.0,-59.491905
70108.0,-59.481892
70110.0,-59.471859
70112.0,-59.461514
70114.0,-59.450542
70116.0,-59.439522
70118.0,-59.428459
70120.0,-59.417343
70122.0,-59.406181
70124.0,-59.39497
70126.0,-59.383709
70128.0,-59.372398
70130.0,-59.361042
70132.0,-59.349632
70134.0,-59.338173
70136.0,-59.326664
70138.0,-59.315105
70140.0,-59.303497
70142.0,-59.291836
70144.0,-59.280125
70146.0,-59.26836
70148.0,-59.256546
70150.0,-59.244682
70152.0,-59.232761
70154.0,-59.220791
70156.0,-59.208767
70158.0,-59.19669
70160.0,-59.184563
70162.0,-59.172379
70164.0,-59.160141
70166.0,-59.14785
70168.0,-59.135506
70170.0,-59.123108
70172.0,-59.110653
70174.0,-59.098145
70176.0,-59.085583
70178.0,-59.072964
70180.0,-59.060291
70182.0,-59.047558
70184.0,-59.034775
70186.0,-59.021931
70188.0,-59.009033
70190.0,-58.996078
70192.0,-58.983063
70194.0,-58.969994
70196.0,-58.956867
70198.0,-58.94368
70200.0,-58.930439
70202.0,-58.917137
70204.0,-58.903774
70206.0,-58.890358
70208.0,-58.876881
70210.0,-58.863342
70212.0,-58.849747
70214.0,-58.83609
70216.0,-58.822372
70218.0,-58.808598
70220.0,-58.794758
70222.0,-58.780861
70224.0,-58.766903
70226.0,-58.752884
70228.0,-58.7388
70230.0,-58.724659
70232.0,-58.710453
70234.0,-58.696186
70236.0,-58.681858
70238.0,-58.667465
70240.0,-58.653008
70242.0,-58.638493
70244.0,-58.623909
70246.0,-58.609264
70248.0,-58.594555
70250.0,-58.579781
70252.0,-58.564941
70254.0,-58.550041
70256.0,-58.535072
70258.0,-58.520039
70260.0,-58.50494
70262.0,-58.489777
70264.0,-58.474548
70266.0,-58.459251
70268.0,-58.44389
70270.0,-58.428463
70272.0,-58.412968
70274.0,-58.397404
70276.0,-58.381775
70278.0,-58.366077
70280.0,-58.350311
70282.0,-58.334476
70284.0,-58.318577
70286.0,-58.302605
70288.0,-58.286568
70290.0,-58.270458
70292.0,-58.25428
70294.0,-58.238033
70296.0,-58.221714
70298.0,-58.20533
70300.0,-58.188873
70302.0,-58.172344
70304.0,-58.155746
70306.0,-58.139076
70308.0,-58.122334
70310.0,-58.101555
70312.0,-58.079098
70314.0,-58.055794
70316.0,-58.031628
70318.0,-58.006577
70320.0,-57.980621
70322.0,-57.953743
70324.0,-57.925919
70326.0,-57.897133
70328.0,-57.867363
70330.0,-57.83659
70332.0,-57.804794
70334.0,-57.771954
70336.0,-57.738052
70338.0,-57.703068
70340.0,-57.666981
70342.0,-57.629772
70344.0,-57.591419
70346.0,-57.551907
70348.0,-57.511211
70350.0,-57.469315
70352.0,-57.426193
70354.0,-57.381836
70356.0,-57.336212
70358.0,-57.288757
70360.0,-57.237221
70362.0,-57.183971
70364.0,-57.128975
70366.0,-57.072193
70368.0,-57.013592
70370.0,-56.953136
70372.0,-56.890797
70374.0,-56.82653
70376.0,-56.760307
70378.0,-56.692089
70380.0,-56.621841
70382.0,-56.54953
70384.0,-56.475121
70386.0,-56.398579
70388.0,-56.319866
70390.0,-56.238949
70392.0,-56.155796
70394.0,-56.070366
70396.0,-55.982628
70398.0,-55.892544
70400.0,-55.800083
70402.0,-55.705208
70404.0,-55.607883
70406.0,-55.508072
70408.0,-55.403767
70410.0,-55.293613
70412.0,-55.178566
70414.0,-55.05838
70416.0,-54.932816
70418.0,-54.80162
70420.0,-54.663895
70422.0,-54.51844
70424.0,-54.365696
70426.0,-54.205299
70428.0,-54.03688
70430.0,-53.860073
70432.0,-53.671574
70434.0,-53.461029
70436.0,-53.235802
70438.0,-52.995163
70440.0,-52.73838
70442.0,-52.464718
70444.0,-52.173443
70446.0,-51.863827
70448.0,-51.535133
70450.0,-51.18663
70452.0,-50.81147
70454.0,-50.402622
70456.0,-49.956913
70458.0,-49.465832
70460.0,-48.925724
70462.0,-48.310287
70464.0,-47.615894
70466.0,-46.835987
70468.0,-45.958282
70470.0,-44.870293
70472.0,-43.596539
70474.0,-42.11348
70476.0,-40.38139
70478.0,-38.229755
70480.0,-35.508816
70482.0,-31.992027
70484.0,-27.406555
70486.0,-21.593773
70488.0,-15.093813
70490.0,-9.5931025
70492.0,-6.8621144
70494.0,-7.1431937
70496.0,-9.686923
70498.0,-13.573266
70500.0,-18.05884
70502.0,-22.601604
70504.0,-26.915899
70506.0,-30.896469
70508.0,-34.534294
70510.0,-37.841026
70512.0,-40.827518
70514.0,-43.507645
70516.0,-45.909573
70518.0,-48.039749
70520.0,-49.935627
70522.0,-51.607372
70524.0,-53.074379
70526.0,-54.358849
70528.0,-55.465508
70530.0,-56.405289
70532.0,-57.244865
70534.0,-57.986378
70536.0,-58.644894
70538.0,-59.221252
70540.0,-59.738739
70542.0,-60.201771
70544.0,-60.612854
70546.0,-60.986843
70548.0,-61.322048
70550.0,-61.62405
70552.0,-61.900707
70554.0,-62.148613
70556.0,-62.374527
70558.0,-62.581348
70560.0,-62.768242
70562.0,-62.939209
70564.0,-63.095051
70566.0,-63.235611
70568.0,-63.364227
70570.0,-63.482891
70572.0,-63.593124
70574.0,-63.691502
70576.0,-63.782093
70578.0,-63.866188
70580.0,-63.94508
70582.0,-64.016579
70584.0,-64.081825
70586.0,-64.142296
70588.0,-64.198708
70590.0,-64.250824
70592.0,-64.29792
70594.0,-64.341278
70596.0,-64.381271
70598.0,-64.418243
70600.0,-64.452568
70602.0,-64.484589
70604.0,-64.513336
70606.0,-64.539276
70608.0,-64.562775
70610.0,-64.583939
70612.0,-64.602814
70614.0,-64.619438
70616.0,-64.633911
70618.0,-64.646919
70620.0,-64.658073
70622.0,-64.667419
70624.0,-64.674957
70626.0,-64.680702
70628.0,-64.684631
70630.0,-64.687477
70632.0,-64.689812
70634.0,-64.690971
70636.0,-64.690971
70638.0,-64.689789
70640.0,-64.687408
70642.0,-64.683777
70644.0,-64.678841
70646.0,-64.672508
70648.0,-64.664688
70650.0,-64.655266
70652.0,-64.644112
70654.0,-64.635231
70656.0,-64.626389
70658.0,-64.61705
70660.0,-64.607216
70662.0,-64.596901
70664.0,-64.586098
70666.0,-64.574791
70668.0,-64.562965
70670.0,-64.550598
70672.0,-64.537651
70674.0,-64.524086
70676.0,-64.510048
70678.0,-64.496071
70680.0,-64.481583
70682.0,-64.46656
70684.0,-64.450966
70686.0,-64.434753
70688.0,-64.417854
70690.0,-64.40023
70692.0,-64.381805
70694.0,-64.362518
70696.0,-64.342293
70698.0,-64.321037
70700.0,-64.300819
70702.0,-64.281487
70704.0,-64.262039
70706.0,-64.242546
70708.0,-64.22303
70710.0,-64.20356
70712.0,-64.184189
70714.0,-64.16497
70716.0,-64.14595
70718.0,-64.127205
70720.0,-64.108788
70722.0,-64.090721
70724.0,-64.071213
70726.0,-64.051804
70728.0,-64.032516
70730.0,-64.01339
70732.0,-63.994461
70734.0,-63.975761
70736.0,-63.957329
70738.0,-63.93919
70740.0,-63.921387
70742.0,-63.903946
70744.0,-63.886909
70746.0,-63.870308
70748.0,-63.854176
70750.0,-63.838547
70752.0,-63.82346
70754.0,-63.808941
70756.0,-63.795029
70758.0,-63.78075
70760.0,-63.764217
70762.0,-63.747765
70764.0,-63.731392
70766.0,-63.715107
70768.0,-63.698902
70770.0,-63.682785
70772.0,-63.666752
70774.0,-63.65081
70776.0,-63.634956
70778.0,-63.619194
70780.0,-63.603523
70782.0,-63.587944
70784.0,-63.57246
70786.0,-63.557072
70788.0,-63.541779
70790.0,-63.526585
70792.0,-63.511486
70794.0,-63.496403
70796.0,-63.481323
70798.0,-63.46632
70800.0,-63.451385
70802.0,-63.436527
70804.0,-63.421745
70806.0,-63.407032
70808.0,-63.392391
70810.0,-63.377823
70812.0,-63.363327
70814.0,-63.348904
70816.0,-63.334553
70818.0,-63.320271
70820.0,-63.306057
70822.0,-63.29192
70824.0,-63.277847
70826.0,-63.263851
70828.0,-63.24992
70830.0,-63.235912
70832.0,-63.221912
70834.0,-63.207958
70836.0,-63.19405
70838.0,-63.180183
70840.0,-63.166359
70842.0,-63.152576
70844.0,-63.138832
70846.0,-63.12513
70848.0,-63.111465
70850.0,-63.097836
70852.0,-63.084248
70854.0,-63.07069
70856.0,-63.057171
70858.0,-63.043686
70860.0,-63.030235
70862.0,-63.016815
70864.0,-63.003429
70866.0,-62.99007
70868.0,-62.976746
70870.0,-62.963448
70872.0,-62.950176
70874.0,-62.936935
70876.0,-62.923721
70878.0,-62.91053
70880.0,-62.897366
70882.0,-62.884224
70884.0,-62.871109
70886.0,-62.858189
70888.0,-62.845512
70890.0,-62.832886
70892.0,-62.820309
70894.0,-62.807785
70896.0,-62.795311
70898.0,-62.782883
70900.0,-62.770508
70902.0,-62.758179
70904.0,-62.745899
70906.0,-62.733669
70908.0,-62.721485
70910.0,-62.709347
70912.0,-62.697258
70914.0,-62.685211
70916.0,-62.673214
70918.0,-62.661263
70920.0,-62.649353
70922.0,-62.637489
70924.0,-62.625671
70926.0,-62.613895
70928.0,-62.602165
70930.0,-62.590477
70932.0,-62.578831
70934.0,-62.567226
70936.0,-62.555664
70938.0,-62.544144
70940.0,-62.532661
70942.0,-62.521225
70944.0,-62.509823
70946.0,-62.498463
70948.0,-62.487144
70950.0,-62.475861
70952.0,-62.464619
70954.0,-62.453411
70956.0,-62.442245
70958.0,-62.431114
70960.0,-62.420017
70962.0,-62.408962
70964.0,-62.397938
70966.0,-62.386951
70968.0,-62.375999
70970.0,-62.365086
70972.0,-62.354202
70974.0,-62.343353
70976.0,-62.332539
70978.0,-62.321754
70980.0,-62.311356
70982.0,-62.301102
70984.0,-62.290905
70986.0,-62.280773
70988.0,-62.270699
70990.0,-62.260685
70992.0,-62.250732
70994.0,-62.240841
70996.0,-62.23101
70998.0,-62.221241
71000.0,-62.211533
71002.0,-62.201889
71004.0,-62.192303
71006.0,-62.182781
71008.0,-62.173321
71010.0,-62.163925
71012.0,-62.154591
71014.0,-62.145321
71016.0,-62.136112
71018.0,-62.126965
71020.0,-62.117882
71022.0,-62.108864
71024.0,-62.099907
71026.0,-62.091015
71028.0,-62.082188
71030.0,-62.073425
71032.0,-62.064728
71034.0,-62.056091
71036.0,-62.04752
71038.0,-62.039017
71040.0,-62.030575
71042.0,-62.022202
71044.0,-62.013893
71046.0,-62.005646
71048.0,-61.997467
71050.0,-61.989357
71052.0,-61.981308
71054.0,-61.973328
71056.0,-61.965416
71058.0,-61.957565
71060.0,-61.949787
71062.0,-61.942074
71064.0,-61.934425
71066.0,-61.926846
71068.0,-61.919334
71070.0,-61.911888
71072.0,-61.904488
71074.0,-61.896992
71076.0,-61.889549
71078.0,-61.882168
71080.0,-61.87484
71082.0,-61.867565
71084.0,-61.860352
71086.0,-61.853191
71088.0,-61.846085
71090.0,-61.839035
71092.0,-61.832043
71094.0,-61.825104
71096.0,-61.818222
71098.0,-61.811398
71100.0,-61.804626
71102.0,-61.797909
71104.0,-61.791248
71106.0,-61.784641
71108.0,-61.778091
71110.0,-61.771595
71112.0,-61.765152
71114.0,-61.758766
71116.0,-61.752434
71118.0,-61.746159
71120.0,-61.739933
71122.0,-61.733768
71124.0,-61.727654
71126.0,-61.721592
71128.0,-61.715588
71130.0,-61.709637
71132.0,-61.703739
71134.0,-61.697899
71136.0,-61.692108
71138.0,-61.686375
71140.0,-61.680691
71142.0,-61.675064
71144.0,-61.669491
71146.0,-61.663971
71148.0,-61.658504
71150.0,-61.653091
71152.0,-61.647728
71154.0,-61.642422
71156.0,-61.637169
71158.0,-61.631969
71160.0,-61.62682
71162.0,-61.621727
71164.0,-61.616684
71166.0,-61.611496
71168.0,-61.606106
71170.0,-61.600742
71172.0,-61.595402
71174.0,-61.590084
71176.0,-61.584789
71178.0,-61.579517
71180.0,-61.574268
71182.0,-61.569035
71184.0,-61.563824
71186.0,-61.558632
71188.0,-61.553459
71190.0,-61.548302
71192.0,-61.543163
71194.0,-61.53804
71196.0,-61.532936
71198.0,-61.527843
71200.0,-61.522766
71202.0,-61.517704
71204.0,-61.512653
71206.0,-61.507618
71208.0,-61.50259
71210.0,-61.497578
71212.0,-61.492573
71214.0,-61.487579
71216.0,-61.482594
71218.0,-61.477619
71220.0,-61.472652
71222.0,-61.46769
71224.0,-61.462734
71226.0,-61.457787
71228.0,-61.452843
71230.0,-61.447906
71232.0,-61.44297
71234.0,-61.438038
71236.0,-61.433109
71238.0,-61.428185
71240.0,-61.423256
71242.0,-61.418331
71244.0,-61.413406
71246.0,-61.408482
71248.0,-61.403553
71250.0,-61.398624
71252.0,-61.393692
71254.0,-61.388756
71256.0,-61.38382
71258.0,-61.378876
71260.0,-61.373848
71262.0,-61.36879
71264.0,-61.363716
71266.0,-61.358631
71268.0,-61.353531
71270.0,-61.348415
71272.0,-61.343281
71274.0,-61.338131
71276.0,-61.332966
71278.0,-61.327782
71280.0,-61.322575
71282.0,-61.317348
71284.0,-61.312103
71286.0,-61.306835
71288.0,-61.301544
71290.0,-61.29623
71292.0,-61.290894
71294.0,-61.28553
71296.0,-61.28014
71298.0,-61.274727
71300.0,-61.269283
71302.0,-61.263813
71304.0,-61.258312
71306.0,-61.252785
71308.0,-61.247223
71310.0,-61.241631
71312.0,-61.236008
71314.0,-61.230354
71316.0,-61.224663
71318.0,-61.218937
71320.0,-61.213177
71322.0,-61.207382
71324.0,-61.20155
71326.0,-61.195679
71328.0,-61.18977
71330.0,-61.183823
71332.0,-61.177834
71334.0,-61.171806
71336.0,-61.165737
71338.0,-61.159622
71340.0,-61.153469
71342.0,-61.147266
71344.0,-61.141022
71346.0,-61.134731
71348.0,-61.128395
71350.0,-61.122009
71352.0,-61.115658
71354.0,-61.109863
71356.0,-61.10405
71358.0,-61.098217
71360.0,-61.092369
71362.0,-61.086498
71364.0,-61.080612
71366.0,-61.074703
71368.0,-61.068775
71370.0,-61.062824
71372.0,-61.056854
71374.0,-61.050858
71376.0,-61.044842
71378.0,-61.038799
71380.0,-61.032738
71382.0,-61.026646
71384.0,-61.020535
71386.0,-61.014393
71388.0,-61.008228
71390.0,-61.002033
71392.0,-60.995811
71394.0,-60.989563
71396.0,-60.983288
71398.0,-60.976982
71400.0,-60.970646
71402.0,-60.964279
71404.0,-60.957882
71406.0,-60.951454
71408.0,-60.944992
71410.0,-60.938499
71412.0,-60.931973
71414.0,-60.925415
71416.0,-60.918819
71418.0,-60.912193
71420.0,-60.905529
71422.0,-60.898827
71424.0,-60.89209
71426.0,-60.885319
71428.0,-60.878506
71430.0,-60.871658
71432.0,-60.864769
71434.0,-60.857841
71436.0,-60.850876
71438.0,-60.843868
71440.0,-60.836819
71442.0,-60.829731
71444.0,-60.822598
71446.0,-60.815422
71448.0,-60.808205
71450.0,-60.800945
71452.0,-60.793636
71454.0,-60.786285
71456.0,-60.778889
71458.0,-60.771446
71460.0,-60.763958
71462.0,-60.75642
71464.0,-60.748837
71466.0,-60.741203
71468.0,-60.733524
71470.0,-60.725792
71472.0,-60.71801
71474.0,-60.710178
71476.0,-60.702297
71478.0,-60.694363
71480.0,-60.686375
71482.0,-60.678337
71484.0,-60.670242
71486.0,-60.662094
71488.0,-60.653893
71490.0,-60.645638
71492.0,-60.637325
71494.0,-60.628956
71496.0,-60.620529
71498.0,-60.612049
71500.0,-60.603508
71502.0,-60.59491
71504.0,-60.58625
71506.0,-60.577534
71508.0,-60.568756
71510.0,-60.559914
71512.0,-60.551014
71514.0,-60.542053
71516.0,-60.533028
71518.0,-60.523941
71520.0,-60.51479
71522.0,-60.505573
71524.0,-60.496559
71526.0,-60.487694
71528.0,-60.478783
71530.0,-60.469818
71532.0,-60.460808
71534.0,-60.451744
71536.0,-60.442631
71538.0,-60.433468
71540.0,-60.424252
71542.0,-60.414982
71544.0,-60.405663
71546.0,-60.39629
71548.0,-60.386864
71550.0,-60.377384
71552.0,-60.367851
71554.0,-60.358261
71556.0,-60.348621
71558.0,-60.338924
71560.0,-60.329174
71562.0,-60.319366
71564.0,-60.309502
71566.0,-60.29958
71568.0,-60.289604
71570.0,-60.279572
71572.0,-60.269478
71574.0,-60.259331
71576.0,-60.249123
71578.0,-60.238857
71580.0,-60.228531
71582.0,-60.218147
71584.0,-60.207703
71586.0,-60.197197
71588.0,-60.186634
71590.0,-60.176006
71592.0,-60.165321
71594.0,-60.154572
71596.0,-60.143761
71598.0,-60.132889
71600.0,-60.121952
71602.0,-60.110954
71604.0,-60.099892
71606.0,-60.088764
71608.0,-60.077572
71610.0,-60.066319
71612.0,-60.054996
71614.0,-60.043613
71616.0,-60.032162
71618.0,-60.020645
71620.0,-60.00906
71622.0,-59.99741
71624.0,-59.985691
71626.0,-59.973907
71628.0,-59.962051
71630.0,-59.95013
71632.0,-59.938141
71634.0,-59.926079
71636.0,-59.913948
71638.0,-59.901752
71640.0,-59.889481
71642.0,-59.87714
71644.0,-59.864731
71646.0,-59.852249
71648.0,-59.839695
71650.0,-59.827068
71652.0,-59.814369
71654.0,-59.801598
71656.0,-59.78875
71658.0,-59.775833
71660.0,-59.76284
71662.0,-59.749775
71664.0,-59.736633
71666.0,-59.723415
71668.0,-59.710121
71670.0,-59.696754
71672.0,-59.683311
71674.0,-59.669788
71676.0,-59.656193
71678.0,-59.642517
71680.0,-59.628761
71682.0,-59.614933
71684.0,-59.601021
71686.0,-59.587032
71688.0,-59.572968
71690.0,-59.558819
71692.0,-59.54459
71694.0,-59.530281
71696.0,-59.51519
71698.0,-59.499996
71700.0,-59.484695
71702.0,-59.469288
71704.0,-59.45377
71706.0,-59.438145
71708.0,-59.422413
71710.0,-59.40657
71712.0,-59.390617
71714.0,-59.374557
71716.0,-59.358379
71718.0,-59.342094
71720.0,-59.325695
71722.0,-59.309181
71724.0,-59.292553
71726.0,-59.275814
71728.0,-59.258957
71730.0,-59.241982
71732.0,-59.224892
71734.0,-59.207684
71736.0,-59.190361
71738.0,-59.172916
71740.0,-59.155354
71742.0,-59.137669
71744.0,-59.119865
71746.0,-59.10194
71748.0,-59.083893
71750.0,-59.065723
71752.0,-59.047428
71754.0,-59.029011
71756.0,-59.010468
71758.0,-58.991802
71760.0,-58.973007
71762.0,-58.95409
71764.0,-58.935043
71766.0,-58.915867
71768.0,-58.896564
71770.0,-58.877132
71772.0,-58.857571
71774.0,-58.837875
71776.0,-58.818054
71778.0,-58.798096
71780.0,-58.778008
71782.0,-58.757786
71784.0,-58.737431
71786.0,-58.716942
71788.0,-58.696316
71790.0,-58.675556
71792.0,-58.654659
71794.0,-58.633625
71796.0,-58.612453
71798.0,-58.591145
71800.0,-58.569695
71802.0,-58.548103
71804.0,-58.526375
71806.0,-58.504505
71808.0,-58.482494
71810.0,-58.460339
71812.0,-58.438042
71814.0,-58.4156
71816.0,-58.393013
71818.0,-58.370285
71820.0,-58.347408
71822.0,-58.324387
71824.0,-58.301216
71826.0,-58.277901
71828.0,-58.254436
71830.0,-58.23082
71832.0,-58.207058
71834.0,-58.183144
71836.0,-58.159077
71838.0,-58.134861
71840.0,-58.110493
71842.0,-58.085972
71844.0,-58.061298
71846.0,-58.036469
71848.0,-58.011486
71850.0,-57.986347
71852.0,-57.961052
71854.0,-57.9356
71856.0,-57.909988
71858.0,-57.88422
71860.0,-57.858295
71862.0,-57.832211
71864.0,-57.805962
71866.0,-57.777271
71868.0,-57.744923
71870.0,-57.711468
71872.0,-57.676868
71874.0,-57.641109
71876.0,-57.604149
71878.0,-57.565971
71880.0,-57.526539
71882.0,-57.485825
71884.0,-57.443802
71886.0,-57.400444
71888.0,-57.355721
71890.0,-57.309605
71892.0,-57.262062
71894.0,-57.21307
71896.0,-57.162598
71898.0,-57.110622
71900.0,-57.057106
71902.0,-57.002026
71904.0,-56.945351
71906.0,-56.887058
71908.0,-56.826832
71910.0,-56.759937
71912.0,-56.690617
71914.0,-56.618809
71916.0,-56.544456
71918.0,-56.467495
71920.0,-56.387867
71922.0,-56.305511
71924.0,-56.220364
71926.0,-56.13237
71928.0,-56.041466
71930.0,-55.947594
71932.0,-55.850689
71934.0,-55.750694
71936.0,-55.647549
71938.0,-55.541191
71940.0,-55.431561
71942.0,-55.318596
71944.0,-55.20224
71946.0,-55.082432
71948.0,-54.959106
71950.0,-54.832207
71952.0,-54.698227
71954.0,-54.556061
71956.0,-54.406475
71958.0,-54.249039
71960.0,-54.083313
71962.0,-53.908257
71964.0,-53.722031
71966.0,-53.52499
71968.0,-53.316521
71970.0,-53.096001
71972.0,-52.86282
71974.0,-52.598007
71976.0,-52.311432
71978.0,-52.002266
71980.0,-51.669277
71982.0,-51.311234
71984.0,-50.926907
71986.0,-50.51506
71988.0,-50.074467
71990.0,-49.594944
71992.0,-49.066185
71994.0,-48.479656
71996.0,-47.824799
71998.0,-47.078945
72000.0,-46.218979
72002.0,-45.237328
72004.0,-44.087177
72006.0,-42.666443
72008.0,-40.977028
72010.0,-38.974819
72012.0,-36.456326
72014.0,-33.229233
72016.0,-29.018841
72018.0,-23.609629
72020.0,-17.134079
72022.0,-11.127178
72024.0,-7.4696226
72026.0,-6.8814321
72028.0,-8.817235
72030.0,-12.360986
72032.0,-16.695833
72034.0,-21.204906
72036.0,-25.536976
72038.0,-29.533693
72040.0,-33.165817
72042.0,-36.486511
72044.0,-39.493881
72046.0,-42.206326
72048.0,-44.641853
72050.0,-46.815781
72052.0,-48.747356
72054.0,-50.455647
72056.0,-51.9622
72058.0,-53.289555
72060.0,-54.45874
72062.0,-55.490112
72064.0,-56.395115
72066.0,-57.192776
72068.0,-57.902409
72070.0,-58.524361
72072.0,-59.073723
72074.0,-59.565952
72076.0,-60.001789
72078.0,-60.39246
72080.0,-60.749329
72082.0,-61.066898
72084.0,-61.352657
72086.0,-61.614098
72088.0,-61.850788
72090.0,-62.067532
72092.0,-62.269081
72094.0,-62.451736
72096.0,-62.618473
72098.0,-62.772129
72100.0,-62.91288
72102.0,-63.042435
72104.0,-63.162453
72106.0,-63.274384
72108.0,-63.379341
72110.0,-63.474384
72112.0,-63.561996
72114.0,-63.642506
72116.0,-63.716122
72118.0,-63.78413
72120.0,-63.849567
72122.0,-63.911613
72124.0,-63.971012
72126.0,-64.028503
72128.0,-64.08123
72130.0,-64.127045
72132.0,-64.166916
72134.0,-64.199829
72136.0,-64.224579
72138.0,-64.247826
72140.0,-64.268463
72142.0,-64.285759
72144.0,-64.300301
72146.0,-64.312721
72148.0,-64.323357
72150.0,-64.33313
72152.0,-64.342812
72154.0,-64.353271
72156.0,-64.364471
72158.0,-64.374786
72160.0,-64.386429
72162.0,-64.400063
72164.0,-64.416428
72166.0,-64.436302
72168.0,-64.460526
72170.0,-64.488441
72172.0,-64.506638
72174.0,-64.523491
72176.0,-64.538307
72178.0,-64.550316
72180.0,-64.558655
72182.0,-64.562401
72184.0,-64.560547
72186.0,-64.562798
72188.0,-64.563583
72190.0,-64.562263
72192.0,-64.55883
72194.0,-64.553291
72196.0,-64.5457
72198.0,-64.536102
72200.0,-64.525452
72202.0,-64.513794
72204.0,-64.501144
72206.0,-64.487801
72208.0,-64.47406
72210.0,-64.460274
72212.0,-64.446823
72214.0,-64.43248
72216.0,-64.416862
72218.0,-64.401115
72220.0,-64.385391
72222.0,-64.369843
72224.0,-64.354645
72226.0,-64.339958
72228.0,-64.325378
72230.0,-64.310112
72232.0,-64.294922
72234.0,-64.279808
72236.0,-64.264748
72238.0,-64.249702
72240.0,-64.23465
72242.0,-64.219574
72244.0,-64.204666
72246.0,-64.189735
72248.0,-64.174713
72250.0,-64.159554
72252.0,-64.144188
72254.0,-64.128548
72256.0,-64.112556
72258.0,-64.097389
72260.0,-64.082176
72262.0,-64.066887
72264.0,-64.051491
72266.0,-64.035965
72268.0,-64.020287
72270.0,-64.004417
72272.0,-63.988346
72274.0,-63.972038
72276.0,-63.955467
72278.0,-63.938614
72280.0,-63.922405
72282.0,-63.906219
72284.0,-63.889961
72286.0,-63.873634
72288.0,-63.857235
72290.0,-63.840755
72292.0,-63.824192
72294.0,-63.807549
72296.0,-63.790817
72298.0,-63.773994
72300.0,-63.757076
72302.0,-63.740368
72304.0,-63.723713
72306.0,-63.707058
72308.0,-63.690411
72310.0,-63.673775
72312.0,-63.657154
72314.0,-63.640556
72316.0,-63.623981
72318.0,-63.607441
72320.0,-63.590931
72322.0,-63.574463
72324.0,-63.557961
72326.0,-63.541462
72328.0,-63.524994
72330.0,-63.50856
72332.0,-63.492172
72334.0,-63.47583
72336.0,-63.459534
72338.0,-63.443295
72340.0,-63.427116
72342.0,-63.410999
72344.0,-63.394947
72346.0,-63.378967
72348.0,-63.363064
72350.0,-63.347237
72352.0,-63.331497
72354.0,-63.315845
72356.0,-63.300285
72358.0,-63.284824
72360.0,-63.269459
72362.0,-63.254204
72364.0,-63.238708
72366.0,-63.222828
72368.0,-63.206982
72370.0,-63.19117
72372.0,-63.1754
72374.0,-63.159668
72376.0,-63.143978
72378.0,-63.128342
72380.0,-63.112751
72382.0,-63.097218
72384.0,-63.081738
72386.0,-63.066319
72388.0,-63.050964
72390.0,-63.035675
72392.0,-63.020451
72394.0,-63.005302
72396.0,-62.990227
72398.0,-62.975231
72400.0,-62.960316
72402.0,-62.945484
72404.0,-62.930737
72406.0,-62.916084
72408.0,-62.90152
72410.0,-62.887054
72412.0,-62.872688
72414.0,-62.858425
72416.0,-62.844265
72418.0,-62.830215
72420.0,-62.816273
72422.0,-62.802448
72424.0,-62.788738
72426.0,-62.77515
72428.0,-62.761688
72430.0,-62.748348
72432.0,-62.735142
72434.0,-62.722065
72436.0,-62.709122
72438.0,-62.69632
72440.0,-62.683659
72442.0,-62.670959
72444.0,-62.6577
72446.0,-62.644527
72448.0,-62.631439
72450.0,-62.618439
72452.0,-62.605526
72454.0,-62.592701
72456.0,-62.579971
72458.0,-62.567329
72460.0,-62.554787
72462.0,-62.542336
72464.0,-62.52998
72466.0,-62.517727
72468.0,-62.505569
72470.0,-62.493515
72472.0,-62.48156
72474.0,-62.469711
72476.0,-62.457966
72478.0,-62.446331
72480.0,-62.434799
72482.0,-62.423378
72484.0,-62.412067
72486.0,-62.400867
72488.0,-62.389782
72490.0,-62.378815
72492.0,-62.367958
72494.0,-62.357224
72496.0,-62.346603
72498.0,-62.336105
72500.0,-62.325729
72502.0,-62.315475
72504.0,-62.305347
72506.0,-62.295345
72508.0,-62.285469
72510.0,-62.275723
72512.0,-62.266106
72514.0,-62.256618
72516.0,-62.247269
72518.0,-62.238049
72520.0,-62.228966
72522.0,-62.219086
72524.0,-62.209259
72526.0,-62.199505
72528.0,-62.189812
72530.0,-62.180187
72532.0,-62.170628
72534.0,-62.161133
72536.0,-62.151703
72538.0,-62.142338
72540.0,-62.133034
72542.0,-62.123795
72544.0,-62.11462
72546.0,-62.105507
72548.0,-62.096455
72550.0,-62.087467
72552.0,-62.078541
72554.0,-62.069675
72556.0,-62.060871
72558.0,-62.052124
72560.0,-62.043438
72562.0,-62.034813
72564.0,-62.026249
72566.0,-62.017742
72568.0,-62.009293
72570.0,-62.0009
72572.0,-61.992569
72574.0,-61.984295
72576.0,-61.976074
72578.0,-61.967911
72580.0,-61.959805
72582.0,-61.951756
72584.0,-61.94376
72586.0,-61.935822
72588.0,-61.927937
72590.0,-61.920105
72592.0,-61.912327
72594.0,-61.904602
72596.0,-61.896931
72598.0,-61.889313
72600.0,-61.881439
72602.0,-61.873497
72604.0,-61.865574
72606.0,-61.85767
72608.0,-61.849785
72610.0,-61.841915
72612.0,-61.834061
72614.0,-61.826221
72616.0,-61.818398
72618.0,-61.810581
72620.0,-61.80278
72622.0,-61.794987
72624.0,-61.787205
72626.0,-61.779427
72628.0,-61.77166
72630.0,-61.763893
72632.0,-61.756134
72634.0,-61.748379
72636.0,-61.740623
72638.0,-61.732868
72640.0,-61.725113
72642.0,-61.717358
72644.0,-61.709599
72646.0,-61.701836
72648.0,-61.694069
72650.0,-61.686295
72652.0,-61.678513
72654.0,-61.670723
72656.0,-61.662922
72658.0,-61.655113
72660.0,-61.647289
72662.0,-61.639458
72664.0,-61.631607
72666.0,-61.623741
72668.0,-61.61586
72670.0,-61.607964
72672.0,-61.600044
72674.0,-61.59211
72676.0,-61.584148
72678.0,-61.576252
72680.0,-61.568413
72682.0,-61.560558
72684.0,-61.552696
72686.0,-61.544815
72688.0,-61.536919
72690.0,-61.529011
72692.0,-61.521084
72694.0,-61.513138
72696.0,-61.505177
72698.0,-61.497192
72700.0,-61.489189
72702.0,-61.481167
72704.0,-61.473122
72706.0,-61.465054
72708.0,-61.456963
72710.0,-61.448849
72712.0,-61.440704
72714.0,-61.432541
72716.0,-61.424347
72718.0,-61.416122
72720.0,-61.407871
72722.0,-61.399593
72724.0,-61.391285
72726.0,-61.382942
72728.0,-61.374569
72730.0,-61.366161
72732.0,-61.357723
72734.0,-61.349247
72736.0,-61.340736
72738.0,-61.332191
72740.0,-61.323608
72742.0,-61.314987
72744.0,-61.306328
72746.0,-61.297626
72748.0,-61.288887
72750.0,-61.280106
72752.0,-61.271282
72754.0,-61.262413
72756.0,-61.253635
72758.0,-61.245129
72760.0,-61.236599
72762.0,-61.22805
72764.0,-61.219479
72766.0,-61.210888
72768.0,-61.202271
72770.0,-61.19363
72772.0,-61.184967
72774.0,-61.176277
72776.0,-61.167561
72778.0,-61.158821
72780.0,-61.150055
72782.0,-61.141258
72784.0,-61.132435
72786.0,-61.123585
72788.0,-61.114704
72790.0,-61.105793
72792.0,-61.096851
72794.0,-61.087879
72796.0,-61.078876
72798.0,-61.069839
72800.0,-61.060772
72802.0,-61.05167
72804.0,-61.042534
72806.0,-61.033363
72808.0,-61.024155
72810.0,-61.014912
72812.0,-61.00563
72814.0,-60.996315
72816.0,-60.986961
72818.0,-60.977566
72820.0,-60.968136
72822.0,-60.958664
72824.0,-60.94915
72826.0,-60.939594
72828.0,-60.93
72830.0,-60.920364
72832.0,-60.910683
72834.0,-60.900959
72836.0,-60.89119
72838.0,-60.881378
72840.0,-60.871521
72842.0,-60.861614
72844.0,-60.851665
72846.0,-60.841667
72848.0,-60.831619
72850.0,-60.821526
72852.0,-60.811382
72854.0,-60.801189
72856.0,-60.790947
72858.0,-60.780651
72860.0,-60.770306
72862.0,-60.759907
72864.0,-60.749454
72866.0,-60.738949
72868.0,-60.72839
72870.0,-60.717777
72872.0,-60.707111
72874.0,-60.696384
72876.0,-60.685604
72878.0,-60.674767
72880.0,-60.663868
72882.0,-60.652916
72884.0,-60.641899
72886.0,-60.630829
72888.0,-60.619694
72890.0,-60.608501
72892.0,-60.597244
72894.0,-60.586018
72896.0,-60.575035
72898.0,-60.564003
72900.0,-60.552929
72902.0,-60.541805
72904.0,-60.530632
72906.0,-60.519417
72908.0,-60.508148
72910.0,-60.496834
72912.0,-60.485466
72914.0,-60.474052
72916.0,-60.462589
72918.0,-60.451077
72920.0,-60.43951
72922.0,-60.427895
72924.0,-60.416229
72926.0,-60.40451
72928.0,-60.392742
72930.0,-60.380917
72932.0,-60.369041
72934.0,-60.357113
72936.0,-60.345131
72938.0,-60.333096
72940.0,-60.321003
72942.0,-60.308861
72944.0,-60.296658
72946.0,-60.284405
72948.0,-60.272091
72950.0,-60.259724
72952.0,-60.247299
72954.0,-60.234818
72956.0,-60.222279
72958.0,-60.209682
72960.0,-60.197029
72962.0,-60.184315
72964.0,-60.171543
72966.0,-60.15871
72968.0,-60.145821
72970.0,-60.13287
72972.0,-60.119858
72974.0,-60.106789
72976.0,-60.093655
72978.0,-60.08046
72980.0,-60.067204
72982.0,-60.053883
72984.0,-60.040501
72986.0,-60.027058
72988.0,-60.01355
72990.0,-59.999977
72992.0,-59.986343
72994.0,-59.972641
72996.0,-59.958878
72998.0,-59.945045
73000.0,-59.931149
73002.0,-59.917187
73004.0,-59.90316
73006.0,-59.889061
73008.0,-59.874901
73010.0,-59.860668
73012.0,-59.846371
73014.0,-59.832005
73016.0,-59.81757
73018.0,-59.803062
73020.0,-59.78849
73022.0,-59.773846
73024.0,-59.759132
73026.0,-59.744347
73028.0,-59.729492
73030.0,-59.714565
73032.0,-59.69949
73034.0,-59.683952
73036.0,-59.66832
73038.0,-59.652596
73040.0,-59.636776
73042.0,-59.620865
73044.0,-59.604855
73046.0,-59.588753
73048.0,-59.572552
73050.0,-59.556255
73052.0,-59.53986
73054.0,-59.523365
73056.0,-59.506771
73058.0,-59.490078
73060.0,-59.473282
73062.0,-59.456387
73064.0,-59.439388
73066.0,-59.422291
73068.0,-59.405087
73070.0,-59.387779
73072.0,-59.370369
73074.0,-59.352852
73076.0,-59.335232
73078.0,-59.317501
73080.0,-59.299664
73082.0,-59.281719
73084.0,-59.263668
73086.0,-59.245506
73088.0,-59.227234
73090.0,-59.208851
73092.0,-59.190361
73094.0,-59.171753
73096.0,-59.153038
73098.0,-59.134205
73100.0,-59.115261
73102.0,-59.096203
73104.0,-59.077026
73106.0,-59.057735
73108.0,-59.03833
73110.0,-59.018806
73112.0,-58.999165
73114.0,-58.979404
73116.0,-58.959522
73118.0,-58.939526
73120.0,-58.919403
73122.0,-58.899162
73124.0,-58.878799
73126.0,-58.858315
73128.0,-58.837708
73130.0,-58.816975
73132.0,-58.796116
73134.0,-58.775135
73136.0,-58.754025
73138.0,-58.732792
73140.0,-58.71143
73142.0,-58.689941
73144.0,-58.668324
73146.0,-58.646576
73148.0,-58.624699
73150.0,-58.602692
73152.0,-58.580555
73154.0,-58.558285
73156.0,-58.535881
73158.0,-58.513344
73160.0,-58.490677
73162.0,-58.467873
73164.0,-58.444931
73166.0,-58.421856
73168.0,-58.398647
73170.0,-58.37513
73172.0,-58.349571
73174.0,-58.323437
73176.0,-58.296715
73178.0,-58.269386
73180.0,-58.241436
73182.0,-58.212845
73184.0,-58.183598
73186.0,-58.153679
73188.0,-58.123074
73190.0,-58.091763
73192.0,-58.059727
73194.0,-58.026955
73196.0,-57.993427
73198.0,-57.959129
73200.0,-57.924042
73202.0,-57.888153
73204.0,-57.85144
73206.0,-57.813622
73208.0,-57.774841
73210.0,-57.735134
73212.0,-57.694477
73214.0,-57.652851
73216.0,-57.610237
73218.0,-57.56662
73220.0,-57.521973
73222.0,-57.47628
73224.0,-57.42952
73226.0,-57.381676
73228.0,-57.332726
73230.0,-57.282654
73232.0,-57.231438
73234.0,-57.179054
73236.0,-57.125488
73238.0,-57.070721
73240.0,-57.013149
73242.0,-56.952644
73244.0,-56.890316
73246.0,-56.826118
73248.0,-56.759991
73250.0,-56.691883
73252.0,-56.621742
73254.0,-56.549511
73256.0,-56.475143
73258.0,-56.398582
73260.0,-56.319775
73262.0,-56.238667
73264.0,-56.155209
73266.0,-56.069344
73268.0,-55.981022
73270.0,-55.890186
73272.0,-55.786613
73274.0,-55.677029
73276.0,-55.562492
73278.0,-55.442825
73280.0,-55.317844
73282.0,-55.187363
73284.0,-55.051201
73286.0,-54.909176
73288.0,-54.761101
73290.0,-54.606796
73292.0,-54.446083
73294.0,-54.27877
73296.0,-54.104683
73298.0,-53.92363
73300.0,-53.735435
73302.0,-53.539032
73304.0,-53.329304
73306.0,-53.107273
73308.0,-52.872124
73310.0,-52.622032
73312.0,-52.352993
73314.0,-52.06522
73316.0,-51.757282
73318.0,-51.425377
73320.0,-51.063084
73322.0,-50.670593
73324.0,-50.245384
73326.0,-49.777309
73328.0,-49.25312
73330.0,-48.673733
73332.0,-48.033852
73334.0,-47.302341
73336.0,-46.449951
73338.0,-45.478897
73340.0,-44.376129
73342.0,-43.09008
73344.0,-41.551918
73346.0,-39.666199
73348.0,-37.314754
73350.0,-34.283604
73352.0,-30.349195
73354.0,-25.297886
73356.0,-19.044731
73358.0,-12.654254
73360.0,-8.1175785
73362.0,-6.6162868
73364.0,-7.9074974
73366.0,-11.105572
73368.0,-15.330904
73370.0,-19.885792
73372.0,-24.349195
73374.0,-28.536121
73376.0,-32.383133
73378.0,-35.889946
73380.0,-39.07024
73382.0,-41.937073
73384.0,-44.508583
73386.0,-46.803589
73388.0,-48.835392
73390.0,-50.626595
73392.0,-52.21896
73394.0,-53.618687
73396.0,-54.822762
73398.0,-55.889549
73400.0,-56.842342
73402.0,-57.650551
73404.0,-58.350468
73406.0,-59.015381
73408.0,-59.587505
73410.0,-60.045914
73412.0,-60.507122
73414.0,-60.98061
73416.0,-61.398525
73418.0,-61.776798
73420.0,-62.113316
73422.0,-62.407513
73424.0,-62.648933
73426.0,-62.846642
73428.0,-63.047215
73430.0,-63.240788
73432.0,-63.424892
73434.0,-63.59396
73436.0,-63.756489
73438.0,-63.890392
73440.0,-63.988518
73442.0,-64.049568
73444.0,-64.127121
73446.0,-64.210754
73448.0,-64.304749
73450.0,-64.393227
73452.0,-64.486542
73454.0,-64.580231
73456.0,-64.663666
73458.0,-64.738853
73460.0,-64.802223
73462.0,-64.850471
73464.0,-64.880928
73466.0,-64.91346
73468.0,-64.942062
73470.0,-64.964432
73472.0,-64.980164
73474.0,-64.991951
73476.0,-65.002258
73478.0,-65.009422
73480.0,-65.013824
73482.0,-65.016296
73484.0,-65.019547
73486.0,-65.021111
73488.0,-65.020996
73490.0,-65.019196
73492.0,-65.015717
73494.0,-65.010551
73496.0,-65.004662
73498.0,-64.998718
73500.0,-64.991684
73502.0,-64.983574
73504.0,-64.97438
73506.0,-64.964111
73508.0,-64.952759
73510.0,-64.941437
73512.0,-64.929733
73514.0,-64.917343
73516.0,-64.904259
73518.0,-64.890495
73520.0,-64.876038
73522.0,-64.861008
73524.0,-64.846893
73526.0,-64.832352
73528.0,-64.817398
73530.0,-64.802025
73532.0,-64.786224
73534.0,-64.770012
73536.0,-64.75338
73538.0,-64.736328
73540.0,-64.718857
73542.0,-64.700966
73544.0,-64.682655
73546.0,-64.664536
73548.0,-64.64682
73550.0,-64.628906
73552.0,-64.610779
73554.0,-64.592453
73556.0,-64.573914
73558.0,-64.555168
73560.0,-64.536217
73562.0,-64.517052
73564.0,-64.497688
73566.0,-64.478119
73568.0,-64.458336
73570.0,-64.438965
73572.0,-64.419594
73574.0,-64.400162
73576.0,-64.380661
73578.0,-64.361092
73580.0,-64.341476
73582.0,-64.3218
73584.0,-64.302086
73586.0,-64.282318
73588.0,-64.26252
73590.0,-64.242683
73592.0,-64.222816
73594.0,-64.202927
73596.0,-64.183014
73598.0,-64.163086
73600.0,-64.14315
73602.0,-64.123199
73604.0,-64.103256
73606.0,-64.083305
73608.0,-64.063416
73610.0,-64.043625
73612.0,-64.023872
73614.0,-64.004158
73616.0,-63.984489
73618.0,-63.96487
73620.0,-63.945312
73622.0,-63.925816
73624.0,-63.906387
73626.0,-63.887032
73628.0,-63.867756
73630.0,-63.848564
73632.0,-63.82946
73634.0,-63.810452
73636.0,-63.791546
73638.0,-63.772747
73640.0,-63.754059
73642.0,-63.735485
73644.0,-63.717037
73646.0,-63.698715
73648.0,-63.679588
73650.0,-63.660465
73652.0,-63.641384
73654.0,-63.622341
73656.0,-63.603348
73658.0,-63.584408
73660.0,-63.565525
73662.0,-63.546703
73664.0,-63.527943
73666.0,-63.509254
73668.0,-63.490639
73670.0,-63.472103
73672.0,-63.453648
73674.0,-63.43528
73676.0,-63.417
73678.0,-63.398815
73680.0,-63.380733
73682.0,-63.362751
73684.0,-63.344879
73686.0,-63.327118
73688.0,-63.309471
73690.0,-63.291946
73692.0,-63.274548
73694.0,-63.257278
73696.0,-63.240139
73698.0,-63.223141
73700.0,-63.206284
73702.0,-63.189571
73704.0,-63.173008
73706.0,-63.156601
73708.0,-63.140354
73710.0,-63.124268
73712.0,-63.108353
73714.0,-63.092606
73716.0,-63.077038
73718.0,-63.061646
73720.0,-63.04644
73722.0,-63.031425
73724.0,-63.016602
73726.0,-63.001976
73728.0,-62.987553
73730.0,-62.973331
73732.0,-62.958321
73734.0,-62.943077
73736.0,-62.927952
73738.0,-62.912952
73740.0,-62.898075
73742.0,-62.883324
73744.0,-62.868702
73746.0,-62.85421
73748.0,-62.839851
73750.0,-62.825626
73752.0,-62.811539
73754.0,-62.797588
73756.0,-62.783779
73758.0,-62.770115
73760.0,-62.756592
73762.0,-62.743214
73764.0,-62.729988
73766.0,-62.716911
73768.0,-62.703987
73770.0,-62.691219
73772.0,-62.678608
73774.0,-62.666153
73776.0,-62.653862
73778.0,-62.641731
73780.0,-62.629765
73782.0,-62.61797
73784.0,-62.606339
73786.0,-62.594879
73788.0,-62.583595
73790.0,-62.572483
73792.0,-62.56155
73794.0,-62.550797
73796.0,-62.540222
73798.0,-62.529835
73800.0,-62.51963
73802.0,-62.509613
73804.0,-62.499783
73806.0,-62.490147
73808.0,-62.480701
73810.0,-62.471451
73812.0,-62.462402
73814.0,-62.453548
73816.0,-62.444122
73818.0,-62.434074
73820.0,-62.424122
73822.0,-62.414261
73824.0,-62.404499
73826.0,-62.394829
73828.0,-62.38525
73830.0,-62.375767
73832.0,-62.366379
73834.0,-62.357079
73836.0,-62.347874
73838.0,-62.338757
73840.0,-62.329735
73842.0,-62.320797
73844.0,-62.311954
73846.0,-62.3032
73848.0,-62.294533
73850.0,-62.285954
73852.0,-62.277462
73854.0,-62.269058
73856.0,-62.260742
73858.0,-62.252514
73860.0,-62.24437
73862.0,-62.236309
73864.0,-62.228336
73866.0,-62.220448
73868.0,-62.212643
73870.0,-62.204918
73872.0,-62.197281
73874.0,-62.189724
73876.0,-62.182247
73878.0,-62.174854
73880.0,-62.167545
73882.0,-62.160313
73884.0,-62.15316
73886.0,-62.146088
73888.0,-62.139095
73890.0,-62.132183
73892.0,-62.125347
73894.0,-62.118587
73896.0,-62.111908
73898.0,-62.105301
73900.0,-62.098576
73902.0,-62.091389
73904.0,-62.084229
73906.0,-62.077091
73908.0,-62.069973
73910.0,-62.062874
73912.0,-62.055794
73914.0,-62.048729
73916.0,-62.041679
73918.0,-62.034645
73920.0,-62.027618
73922.0,-62.020603
73924.0,-62.013596
73926.0,-62.006592
73928.0,-61.999596
73930.0,-61.992599
73932.0,-61.985607
73934.0,-61.978615
73936.0,-61.971619
73938.0,-61.964619
73940.0,-61.957615
73942.0,-61.950603
73944.0,-61.943584
73946.0,-61.936554
73948.0,-61.929512
73950.0,-61.922455
73952.0,-61.915386
73954.0,-61.908298
73956.0,-61.901192
73958.0,-61.894066
73960.0,-61.886917
73962.0,-61.879745
73964.0,-61.872547
73966.0,-61.865326
73968.0,-61.85807
73970.0,-61.850788
73972.0,-61.843475
73974.0,-61.836128
73976.0,-61.828747
73978.0,-61.821327
73980.0,-61.813869
73982.0,-61.806374
73984.0,-61.798847
73986.0,-61.7915
73988.0,-61.784122
73990.0,-61.776718
73992.0,-61.769283
73994.0,-61.761814
73996.0,-61.754314
73998.0,-61.746777
74000.0,-61.739204
74002.0,-61.731594
74004.0,-61.723946
74006.0,-61.716259
74008.0,-61.70853
74010.0,-61.700756
74012.0,-61.692944
74014.0,-61.685081
74016.0,-61.677174
74018.0,-61.66922
74020.0,-61.661217
74022.0,-61.653164
74024.0,-61.645061
74026.0,-61.636906
74028.0,-61.628693
74030.0,-61.620426
74032.0,-61.612106
74034.0,-61.603725
74036.0,-61.595287
74038.0,-61.586788
74040.0,-61.578228
74042.0,-61.569603
74044.0,-61.560917
74046.0,-61.552166
74048.0,-61.543346
74050.0,-61.534458
74052.0,-61.525501
74054.0,-61.516476
74056.0,-61.507378
74058.0,-61.498207
74060.0,-61.488964
74062.0,-61.479641
74064.0,-61.470245
74066.0,-61.46077
74068.0,-61.451218
74070.0,-61.442513
74072.0,-61.433971
74074.0,-61.425411
74076.0,-61.416832
74078.0,-61.40823
74080.0,-61.399605
74082.0,-61.390957
74084.0,-61.38229
74086.0,-61.373596
74088.0,-61.364876
74090.0,-61.356133
74092.0,-61.347366
74094.0,-61.338573
74096.0,-61.32975
74098.0,-61.320904
74100.0,-61.312027
74102.0,-61.303123
74104.0,-61.294189
74106.0,-61.285229
74108.0,-61.276234
74110.0,-61.267212
74112.0,-61.258156
74114.0,-61.249069
74116.0,-61.239952
74118.0,-61.230801
74120.0,-61.221615
74122.0,-61.212395
74124.0,-61.20314
74126.0,-61.193851
74128.0,-61.184525
74130.0,-61.175163
74132.0,-61.165764
74134.0,-61.15633
74136.0,-61.146854
74138.0,-61.137341
74140.0,-61.127789
74142.0,-61.118195
74144.0,-61.108562
74146.0,-61.098888
74148.0,-61.089172
74150.0,-61.079411
74152.0,-61.069611
74154.0,-61.059765
74156.0,-61.049877
74158.0,-61.039944
74160.0,-61.029964
74162.0,-61.019939
74164.0,-61.009872
74166.0,-60.999752
74168.0,-60.98959
74170.0,-60.979374
74172.0,-60.969112
74174.0,-60.958801
74176.0,-60.948441
74178.0,-60.93803
74180.0,-60.92757
74182.0,-60.917057
74184.0,-60.90649
74186.0,-60.89587
74188.0,-60.885201
74190.0,-60.874474
74192.0,-60.863693
74194.0,-60.852859
74196.0,-60.841969
74198.0,-60.831024
74200.0,-60.820171
74202.0,-60.809582
74204.0,-60.798954
74206.0,-60.788288
74208.0,-60.777588
74210.0,-60.76685
74212.0,-60.756073
74214.0,-60.745262
74216.0,-60.734409
74218.0,-60.723518
74220.0,-60.712589
74222.0,-60.701618
74224.0,-60.690609
74226.0,-60.679562
74228.0,-60.668476
74230.0,-60.657349
74232.0,-60.646179
74234.0,-60.634972
74236.0,-60.623722
74238.0,-60.612431
74240.0,-60.601097
74242.0,-60.589722
74244.0,-60.578308
74246.0,-60.566849
74248.0,-60.555347
74250.0,-60.543804
74252.0,-60.532219
74254.0,-60.520588
74256.0,-60.508915
74258.0,-60.497196
74260.0,-60.485435
74262.0,-60.473629
74264.0,-60.461781
74266.0,-60.449886
74268.0,-60.437946
74270.0,-60.425961
74272.0,-60.413929
74274.0,-60.401852
74276.0,-60.389729
74278.0,-60.37756
74280.0,-60.365341
74282.0,-60.353081
74284.0,-60.340767
74286.0,-60.328411
74288.0,-60.316006
74290.0,-60.303551
74292.0,-60.29105
74294.0,-60.2785
74296.0,-60.2659
74298.0,-60.25325
74300.0,-60.240555
74302.0,-60.227806
74304.0,-60.215008
74306.0,-60.20216
74308.0,-60.189262
74310.0,-60.176315
74312.0,-60.163315
74314.0,-60.150265
74316.0,-60.137165
74318.0,-60.124012
74320.0,-60.110806
74322.0,-60.097549
74324.0,-60.08424
74326.0,-60.070877
74328.0,-60.057461
74330.0,-60.043991
74332.0,-60.030376
74334.0,-60.016682
74336.0,-60.00293
74338.0,-59.989117
74340.0,-59.975246
74342.0,-59.961315
74344.0,-59.947323
74346.0,-59.93327
74348.0,-59.919155
74350.0,-59.904976
74352.0,-59.890739
74354.0,-59.876438
74356.0,-59.862076
74358.0,-59.847649
74360.0,-59.83316
74362.0,-59.818607
74364.0,-59.803989
74366.0,-59.789307
74368.0,-59.774563
74370.0,-59.75975
74372.0,-59.744873
74374.0,-59.729931
74376.0,-59.714924
74378.0,-59.699848
74380.0,-59.684708
74382.0,-59.669498
74384.0,-59.654224
74386.0,-59.638882
74388.0,-59.62347
74390.0,-59.60799
74392.0,-59.592442
74394.0,-59.576824
74396.0,-59.561138
74398.0,-59.54538
74400.0,-59.529552
74402.0,-59.513657
74404.0,-59.497688
74406.0,-59.481651
74408.0,-59.465538
74410.0,-59.449356
74412.0,-59.433102
74414.0,-59.416775
74416.0,-59.400375
74418.0,-59.383904
74420.0,-59.367359
74422.0,-59.350739
74424.0,-59.334042
74426.0,-59.317276
74428.0,-59.30043
74430.0,-59.283512
74432.0,-59.266518
74434.0,-59.249447
74436.0,-59.2323
74438.0,-59.21508
74440.0,-59.197781
74442.0,-59.180401
74444.0,-59.162949
74446.0,-59.145416
74448.0,-59.127804
74450.0,-59.110115
74452.0,-59.092346
74454.0,-59.074501
74456.0,-59.056572
74458.0,-59.038567
74460.0,-59.020481
74462.0,-59.001858
74464.0,-58.982117
74466.0,-58.962128
74468.0,-58.941887
74470.0,-58.921383
74472.0,-58.900612
74474.0,-58.879566
74476.0,-58.858246
74478.0,-58.836639
74480.0,-58.814747
74482.0,-58.792557
74484.0,-58.770061
74486.0,-58.747265
74488.0,-58.724152
74490.0,-58.700722
74492.0,-58.676968
74494.0,-58.652882
74496.0,-58.62846
74498.0,-58.603695
74500.0,-58.578583
74502.0,-58.55312
74504.0,-58.527294
74506.0,-58.501106
74508.0,-58.474545
74510.0,-58.447609
74512.0,-58.420288
74514.0,-58.392582
74516.0,-58.36393
74518.0,-58.333988
74520.0,-58.30349
74522.0,-58.272423
74524.0,-58.240772
74526.0,-58.20853
74528.0,-58.175686
74530.0,-58.142223
74532.0,-58.108139
74534.0,-58.073414
74536.0,-58.038044
74538.0,-58.002014
74540.0,-57.965313
74542.0,-57.927929
74544.0,-57.889851
74546.0,-57.85107
74548.0,-57.811577
74550.0,-57.771355
74552.0,-57.730392
74554.0,-57.688686
74556.0,-57.646217
74558.0,-57.602974
74560.0,-57.558952
74562.0,-57.514137
74564.0,-57.468513
74566.0,-57.422077
74568.0,-57.374809
74570.0,-57.322433
74572.0,-57.264088
74574.0,-57.203884
74576.0,-57.141785
74578.0,-57.077736
74580.0,-57.011696
74582.0,-56.943619
74584.0,-56.873455
74586.0,-56.801163
74588.0,-56.726692
74590.0,-56.649998
74592.0,-56.571037
74594.0,-56.489758
74596.0,-56.40612
74598.0,-56.320072
74600.0,-56.231571
74602.0,-56.140572
74604.0,-56.047024
74606.0,-55.950886
74608.0,-55.852108
74610.0,-55.750648
74612.0,-55.646454
74614.0,-55.539486
74616.0,-55.429695
74618.0,-55.317032
74620.0,-55.201454
74622.0,-55.08292
74624.0,-54.957901
74626.0,-54.824703
74628.0,-54.684914
74630.0,-54.538181
74632.0,-54.384174
74634.0,-54.222549
74636.0,-54.052959
74638.0,-53.871101
74640.0,-53.678043
74642.0,-53.473766
74644.0,-53.257675
74646.0,-53.029167
74648.0,-52.787643
74650.0,-52.530827
74652.0,-52.243244
74654.0,-51.933498
74656.0,-51.600048
74658.0,-51.241367
74660.0,-50.855907
74662.0,-50.442139
74664.0,-49.990459
74666.0,-49.484039
74668.0,-48.926777
74670.0,-48.313694
74672.0,-47.623287
74674.0,-46.81493
74676.0,-45.895947
74678.0,-44.853954
74680.0,-43.658939
74682.0,-42.228699
74684.0,-40.507072
74686.0,-38.35569
74688.0,-35.645473
74690.0,-32.097679
74692.0,-27.549566
74694.0,-21.750488
74696.0,-15.189089
74698.0,-9.6629353
74700.0,-6.863359
74702.0,-7.0853958
74704.0,-9.5964174
74706.0,-13.499334
74708.0,-17.975746
74710.0,-22.513002
74712.0,-26.825798
74714.0,-30.81385
74716.0,-34.459385
74718.0,-37.772015
74720.0,-40.765987
74722.0,-43.45615
74724.0,-45.862865
74726.0,-48.001122
74728.0,-49.886036
74730.0,-51.557362
74732.0,-53.038528
74734.0,-54.320053
74736.0,-55.436901
74738.0,-56.440624
74740.0,-57.304619
74742.0,-58.038883
74744.0,-58.717438
74746.0,-59.335751
74748.0,-59.831837
74750.0,-60.290974
74752.0,-60.764503
74754.0,-61.130615
74756.0,-61.387302
74758.0,-61.625244
74760.0,-61.836124
74762.0,-62.031578
74764.0,-62.222443
74766.0,-62.413624
74768.0,-62.598873
74770.0,-62.788048
74772.0,-62.972328
74774.0,-63.146751
74776.0,-63.314873
74778.0,-63.456097
74780.0,-63.569302
74782.0,-63.653076
74784.0,-63.72435
74786.0,-63.775913
74788.0,-63.822861
74790.0,-63.8908
74792.0,-63.980732
74794.0,-64.056755
74796.0,-64.106361
74798.0,-64.132072
74800.0,-64.154213
74802.0,-64.163849
74804.0,-64.168037
74806.0,-64.195732
74808.0,-64.24556
74810.0,-64.297646
74812.0,-64.324455
74814.0,-64.332275
74816.0,-64.33374
74818.0,-64.327576
74820.0,-64.313438
74822.0,-64.323013
74824.0,-64.333328
74826.0,-64.344383
74828.0,-64.356178
74830.0,-64.368713
74832.0,-64.378647
74834.0,-64.38707
74836.0,-64.394806
74838.0,-64.401863
74840.0,-64.408241
74842.0,-64.413605
74844.0,-64.417709
74846.0,-64.420876
74848.0,-64.423111
74850.0,-64.424416
74852.0,-64.424919
74854.0,-64.425461
74856.0,-64.425217
74858.0,-64.424194
74860.0,-64.422394
74862.0,-64.419815
74864.0,-64.416458
74866.0,-64.412315
74868.0,-64.407394
74870.0,-64.401695
74872.0,-64.39521
74874.0,-64.387955
74876.0,-64.379913
74878.0,-64.371262
74880.0,-64.364952
74882.0,-64.358177
74884.0,-64.350937
74886.0,-64.343224
74888.0,-64.335045
74890.0,-64.326393
74892.0,-64.317268
74894.0,-64.307686
74896.0,-64.297623
74898.0,-64.287102
74900.0,-64.2761
74902.0,-64.264641
74904.0,-64.252708
74906.0,-64.240303
74908.0,-64.227432
74910.0,-64.214088
74912.0,-64.200279
74914.0,-64.186005
74916.0,-64.171257
74918.0,-64.156036
74920.0,-64.142792
74922.0,-64.129402
74924.0,-64.115791
74926.0,-64.101944
74928.0,-64.087875
74930.0,-64.07357
74932.0,-64.059044
74934.0,-64.044289
74936.0,-64.029305
74938.0,-64.014091
74940.0,-63.998646
74942.0,-63.982975
74944.0,-63.967075
74946.0,-63.950951
74948.0,-63.934593
74950.0,-63.918007
74952.0,-63.901196
74954.0,-63.884155
74956.0,-63.866886
74958.0,-63.849384
74960.0,-63.833183
74962.0,-63.817131
74964.0,-63.801014
74966.0,-63.78484
74968.0,-63.7686
74970.0,-63.7523
74972.0,-63.735935
74974.0,-63.719509
74976.0,-63.703026
74978.0,-63.686474
74980.0,-63.669865
74982.0,-63.653194
74984.0,-63.636459
74986.0,-63.619663
74988.0,-63.602806
74990.0,-63.585884
74992.0,-63.568905
74994.0,-63.551861
74996.0,-63.534752
74998.0,-63.517586
75000.0,-63.501034
75002.0,-63.484676
75004.0,-63.468342
75006.0,-63.452026
75008.0,-63.435734
75010.0,-63.41946
75012.0,-63.40321
75014.0,-63.386978
75016.0,-63.370766
75018.0,-63.354576
75020.0,-63.338406
75022.0,-63.322258
75024.0,-63.306129
75026.0,-63.290024
75028.0,-63.273937
75030.0,-63.25787
75032.0,-63.241825
75034.0,-63.2258
75036.0,-63.209797
75038.0,-63.193813
75040.0,-63.178078
75042.0,-63.162491
75044.0,-63.146957
75046.0,-63.131477
75048.0,-63.116047
75050.0,-63.100674
75052.0,-63.08535
75054.0,-63.070076
75056.0,-63.054859
75058.0,-63.039692
75060.0,-63.024574
75062.0,-63.009514
75064.0,-62.994503
75066.0,-62.979546
75068.0,-62.964642
75070.0,-62.949791
75072.0,-62.93499
75074.0,-62.920242
75076.0,-62.905544
75078.0,-62.890903
75080.0,-62.876232
75082.0,-62.861557
75084.0,-62.846928
75086.0,-62.832344
75088.0,-62.817806
75090.0,-62.803314
75092.0,-62.788868
75094.0,-62.774467
75096.0,-62.760113
75098.0,-62.745804
75100.0,-62.731541
75102.0,-62.717319
75104.0,-62.703148
75106.0,-62.689022
75108.0,-62.674942
75110.0,-62.660908
75112.0,-62.646915
75114.0,-62.632973
75116.0,-62.619076
75118.0,-62.605225
75120.0,-62.591415
75122.0,-62.577656
75124.0,-62.563942
75126.0,-62.55027
75128.0,-62.536648
75130.0,-62.523071
75132.0,-62.509537
75134.0,-62.496052
75136.0,-62.482613
75138.0,-62.469215
75140.0,-62.455868
75142.0,-62.442562
75144.0,-62.429306
75146.0,-62.416092
75148.0,-62.402927
75150.0,-62.389805
75152.0,-62.376732
75154.0,-62.363701
75156.0,-62.350719
75158.0,-62.337711
75160.0,-62.324726
75162.0,-62.311783
75164.0,-62.298882
75166.0,-62.286018
75168.0,-62.273201
75170.0,-62.260422
75172.0,-62.247684
75174.0,-62.234989
75176.0,-62.222332
75178.0,-62.209717
75180.0,-62.197147
75182.0,-62.184616
75184.0,-62.172123
75186.0,-62.159676
75188.0,-62.147266
75190.0,-62.134899
75192.0,-62.122574
75194.0,-62.110291
75196.0,-62.098049
75198.0,-62.085846
75200.0,-62.073689
75202.0,-62.061569
75204.0,-62.049488
75206.0,-62.037453
75208.0,-62.025459
75210.0,-62.013504
75212.0,-62.001591
75214.0,-61.989719
75216.0,-61.977886
75218.0,-61.966099
75220.0,-61.95435
75222.0,-61.942642
75224.0,-61.930977
75226.0,-61.919353
75228.0,-61.907772
75230.0,-61.896229
75232.0,-61.884727
75234.0,-61.873268
75236.0,-61.86166
75238.0,-61.850063
75240.0,-61.838497
75242.0,-61.826962
75244.0,-61.815453
75246.0,-61.803974
75248.0,-61.792526
75250.0,-61.781105
75252.0,-61.769714
75254.0,-61.758354
75256.0,-61.747021
75258.0,-61.735714
75260.0,-61.724442
75262.0,-61.713192
75264.0,-61.701973
75266.0,-61.690784
75268.0,-61.679623
75270.0,-61.668488
75272.0,-61.657383
75274.0,-61.646305
75276.0,-61.635254
75278.0,-61.624233
75280.0,-61.613239
75282.0,-61.602272
75284.0,-61.591335
75286.0,-61.580425
75288.0,-61.569542
75290.0,-61.558685
75292.0,-61.547855
75294.0,-61.537052
75296.0,-61.526279
75298.0,-61.515533
75300.0,-61.50481
75302.0,-61.494118
75304.0,-61.483452
75306.0,-61.472809
75308.0,-61.462196
75310.0,-61.451611
75312.0,-61.441048
75314.0,-61.430515
75316.0,-61.420006
75318.0,-61.409523
75320.0,-61.399071
75322.0,-61.388638
75324.0,-61.378235
75326.0,-61.367859
75328.0,-61.357506
75330.0,-61.347179
75332.0,-61.336876
75334.0,-61.326603
75336.0,-61.316353
75338.0,-61.306126
75340.0,-61.295929
75342.0,-61.285751
75344.0,-61.275604
75346.0,-61.26548
75348.0,-61.255379
75350.0,-61.245304
75352.0,-61.235256
75354.0,-61.225227
75356.0,-61.215229
75358.0,-61.205254
75360.0,-61.195301
75362.0,-61.185371
75364.0,-61.175468
75366.0,-61.165588
75368.0,-61.155735
75370.0,-61.145901
75372.0,-61.136093
75374.0,-61.126312
75376.0,-61.11655
75378.0,-61.106815
75380.0,-61.097099
75382.0,-61.08741
75384.0,-61.077744
75386.0,-61.068073
75388.0,-61.058266
75390.0,-61.048473
75392.0,-61.038696
75394.0,-61.028934
75396.0,-61.019188
75398.0,-61.009457
75400.0,-60.999741
75402.0,-60.990036
75404.0,-60.98035
75406.0,-60.970676
75408.0,-60.961018
75410.0,-60.95137
75412.0,-60.941738
75414.0,-60.932121
75416.0,-60.922516
75418.0,-60.912926
75420.0,-60.903347
75422.0,-60.89378
75424.0,-60.884228
75426.0,-60.874687
75428.0,-60.865158
75430.0,-60.85564
75432.0,-60.846138
75434.0,-60.836643
75436.0,-60.827164
75438.0,-60.817692
75440.0,-60.808235
75442.0,-60.798786
75444.0,-60.789349
75446.0,-60.779922
75448.0,-60.770508
75450.0,-60.761101
75452.0,-60.751705
75454.0,-60.742317
75456.0,-60.732944
75458.0,-60.723576
75460.0,-60.714218
75462.0,-60.704872
75464.0,-60.69553
75466.0,-60.686203
75468.0,-60.67688
75470.0,-60.667568
75472.0,-60.65826
75474.0,-60.648964
75476.0,-60.639675
75478.0,-60.630394
75480.0,-60.62112
75482.0,-60.611855
75484.0,-60.602596
75486.0,-60.593342
75488.0,-60.584095
75490.0,-60.574856
75492.0,-60.565624
75494.0,-60.5564
75496.0,-60.54718
75498.0,-60.537964
75500.0,-60.528755
75502.0,-60.519554
75504.0,-60.510353
75506.0,-60.501163
75508.0,-60.491974
75510.0,-60.482792
75512.0,-60.473614
75514.0,-60.464439
75516.0,-60.455269
75518.0,-60.446106
75520.0,-60.436943
75522.0,-60.427784
75524.0,-60.418633
75526.0,-60.409481
75528.0,-60.400333
75530.0,-60.39119
75532.0,-60.382046
75534.0,-60.372906
75536.0,-60.36377
75538.0,-60.35453
75540.0,-60.345131
75542.0,-60.335724
75544.0,-60.326309
75546.0,-60.316887
75548.0,-60.307453
75550.0,-60.298012
75552.0,-60.288555
75554.0,-60.279095
75556.0,-60.269619
75558.0,-60.260136
75560.0,-60.250637
75562.0,-60.241131
75564.0,-60.231609
75566.0,-60.222076
75568.0,-60.212532
75570.0,-60.202976
75572.0,-60.193405
75574.0,-60.183819
75576.0,-60.174221
75578.0,-60.164612
75580.0,-60.154984
75582.0,-60.145344
75584.0,-60.135685
75586.0,-60.126015
75588.0,-60.116329
75590.0,-60.106625
75592.0,-60.096905
75594.0,-60.08717
75596.0,-60.077415
75598.0,-60.067642
75600.0,-60.057858
75602.0,-60.04805
75604.0,-60.038227
75606.0,-60.028381
75608.0,-60.01852
75610.0,-60.00864
75612.0,-59.998741
75614.0,-59.988819
75616.0,-59.978878
75618.0,-59.968918
75620.0,-59.958939
75622.0,-59.948936
75624.0,-59.938911
75626.0,-59.928864
75628.0,-59.918797
75630.0,-59.908707
75632.0,-59.898594
75634.0,-59.888458
75636.0,-59.8783
75638.0,-59.868118
75640.0,-59.857914
75642.0,-59.847683
75644.0,-59.837425
75646.0,-59.827148
75648.0,-59.816841
75650.0,-59.806511
75652.0,-59.796154
75654.0,-59.785774
75656.0,-59.775364
75658.0,-59.764927
75660.0,-59.754467
75662.0,-59.743977
75664.0,-59.733459
75666.0,-59.722912
75668.0,-59.712337
75670.0,-59.701736
75672.0,-59.691105
75674.0,-59.680443
75676.0,-59.669754
75678.0,-59.659035
75680.0,-59.648281
75682.0,-59.637501
75684.0,-59.62669
75686.0,-59.615845
75688.0,-59.604973
75690.0,-59.593571
75692.0,-59.581844
75694.0,-59.570061
75696.0,-59.558212
75698.0,-59.546295
75700.0,-59.534317
75702.0,-59.522274
75704.0,-59.510162
75706.0,-59.497986
75708.0,-59.485741
75710.0,-59.473427
75712.0,-59.461044
75714.0,-59.448593
75716.0,-59.436069
75718.0,-59.423473
75720.0,-59.410809
75722.0,-59.398067
75724.0,-59.385258
75726.0,-59.372368
75728.0,-59.359409
75730.0,-59.346371
75732.0,-59.33326
75734.0,-59.320068
75736.0,-59.306801
75738.0,-59.293453
75740.0,-59.280029
75742.0,-59.266521
75744.0,-59.252937
75746.0,-59.239273
75748.0,-59.225521
75750.0,-59.211693
75752.0,-59.197777
75754.0,-59.183777
75756.0,-59.169697
75758.0,-59.155525
75760.0,-59.141273
75762.0,-59.12693
75764.0,-59.112503
75766.0,-59.097984
75768.0,-59.083378
75770.0,-59.06868
75772.0,-59.053894
75774.0,-59.039017
75776.0,-59.024048
75778.0,-59.008987
75780.0,-58.993832
75782.0,-58.978584
75784.0,-58.963238
75786.0,-58.9478
75788.0,-58.932266
75790.0,-58.916634
75792.0,-58.900906
75794.0,-58.885078
75796.0,-58.869152
75798.0,-58.853127
75800.0,-58.836998
75802.0,-58.82077
75804.0,-58.804443
75806.0,-58.78801
75808.0,-58.771477
75810.0,-58.754837
75812.0,-58.738094
75814.0,-58.721249
75816.0,-58.704292
75818.0,-58.687233
75820.0,-58.670067
75822.0,-58.65279
75824.0,-58.635406
75826.0,-58.617912
75828.0,-58.600307
75830.0,-58.582592
75832.0,-58.564762
75834.0,-58.546825
75836.0,-58.52877
75838.0,-58.510605
75840.0,-58.492325
75842.0,-58.471703
75844.0,-58.450253
75846.0,-58.428188
75848.0,-58.405483
75850.0,-58.382126
75852.0,-58.358101
75854.0,-58.333385
75856.0,-58.307968
75858.0,-58.281826
75860.0,-58.254948
75862.0,-58.227314
75864.0,-58.198906
75866.0,-58.169712
75868.0,-58.139709
75870.0,-58.108883
75872.0,-58.077213
75874.0,-58.044689
75876.0,-58.011292
75878.0,-57.977001
75880.0,-57.942066
75882.0,-57.906261
75884.0,-57.869556
75886.0,-57.831944
75888.0,-57.7934
75890.0,-57.75391
75892.0,-57.713467
75894.0,-57.672054
75896.0,-57.62965
75898.0,-57.586246
75900.0,-57.541824
75902.0,-57.496372
75904.0,-57.449871
75906.0,-57.402309
75908.0,-57.353672
75910.0,-57.303944
75912.0,-57.253113
75914.0,-57.201157
75916.0,-57.148052
75918.0,-57.093098
75920.0,-57.036701
75922.0,-56.978817
75924.0,-56.919403
75926.0,-56.85841
75928.0,-56.795795
75930.0,-56.731518
75932.0,-56.665184
75934.0,-56.596535
75936.0,-56.525776
75938.0,-56.452839
75940.0,-56.37764
75942.0,-56.300102
75944.0,-56.22015
75946.0,-56.137699
75948.0,-56.048603
75950.0,-55.955559
75952.0,-55.858597
75954.0,-55.757587
75956.0,-55.652412
75958.0,-55.542946
75960.0,-55.429062
75962.0,-55.310642
75964.0,-55.187557
75966.0,-55.059689
75968.0,-54.926907
75970.0,-54.789093
75972.0,-54.646118
75974.0,-54.497864
75976.0,-54.337837
75978.0,-54.167347
75980.0,-53.987816
75982.0,-53.798756
75984.0,-53.599689
75986.0,-53.390133
75988.0,-53.169601
75990.0,-52.937618
75992.0,-52.677818
75994.0,-52.392715
75996.0,-52.085957
75998.0,-51.756165
76000.0,-51.401955
76002.0,-51.021946
76004.0,-50.614761
76006.0,-50.179016
76008.0,-49.705925
76010.0,-49.185852
76012.0,-48.610104
76014.0,-47.968731
76016.0,-47.23819
76018.0,-46.400784
76020.0,-45.447968
76022.0,-44.325382
76024.0,-42.959366
76026.0,-41.345184
76028.0,-39.42902
76030.0,-37.032711
76032.0,-33.963028
76034.0,-29.974422
76036.0,-24.790798
76038.0,-18.45079
76040.0,-12.155889
76042.0,-7.8178353
76044.0,-6.6037159
76046.0,-8.1236353
76048.0,-11.442487
76050.0,-15.719952
76052.0,-20.31291
76054.0,-24.809534
76056.0,-28.996756
76058.0,-32.805195
76060.0,-36.249489
76062.0,-39.365208
76064.0,-42.173119
76066.0,-44.683975
76068.0,-46.915329
76070.0,-48.890541
76072.0,-50.630062
76074.0,-52.162674
76076.0,-53.506763
76078.0,-54.68449
76080.0,-55.719688
76082.0,-56.633354
76084.0,-57.440475
76086.0,-58.149624
76088.0,-58.783504
76090.0,-59.348721
76092.0,-59.848377
76094.0,-60.300098
76096.0,-60.707668
76098.0,-61.075687
76100.0,-61.415585
76102.0,-61.729549
76104.0,-62.022408
76106.0,-62.301895
76108.0,-62.559635
76110.0,-62.797112
76112.0,-63.018364
76114.0,-63.211372
76116.0,-63.376167
76118.0,-63.511909
76120.0,-63.634045
76122.0,-63.739571
76124.0,-63.830841
76126.0,-63.933739
76128.0,-64.047508
76130.0,-64.176323
76132.0,-64.292938
76134.0,-64.408882
76136.0,-64.515259
76138.0,-64.566811
76140.0,-64.567261
76142.0,-64.532486
76144.0,-64.549553
76146.0,-64.597046
76148.0,-64.661942
76150.0,-64.691811
76152.0,-64.707077
76154.0,-64.711143
76156.0,-64.713181
76158.0,-64.706947
76160.0,-64.70546
76162.0,-64.72345
76164.0,-64.760735
76166.0,-64.805222
76168.0,-64.849373
76170.0,-64.897911
76172.0,-64.926735
76174.0,-64.924156
76176.0,-64.886215
76178.0,-64.869949
76180.0,-64.881477
76182.0,-64.922363
76184.0,-64.935776
76186.0,-64.929352
76188.0,-64.900444
76190.0,-64.881424
76192.0,-64.860954
76194.0,-64.841446
76196.0,-64.833298
76198.0,-64.837563
76200.0,-64.852707
76202.0,-64.840454
76204.0,-64.809433
76206.0,-64.760902
76208.0,-64.72361
76210.0,-64.687492
76212.0,-64.656769
76214.0,-64.638153
76216.0,-64.634285
76218.0,-64.632126
76220.0,-64.601166
76222.0,-64.547424
76224.0,-64.491806
76226.0,-64.46653
76228.0,-64.463463
76230.0,-64.475647
76232.0,-64.496826
76234.0,-64.534172
76236.0,-64.557373
76238.0,-64.54821
76240.0,-64.504982
76242.0,-64.476593
76244.0,-64.473656
76246.0,-64.493881
76248.0,-64.498734
76250.0,-64.489876
76252.0,-64.467522
76254.0,-64.443733
76256.0,-64.41349
76258.0,-64.376228
76260.0,-64.356461
76262.0,-64.350677
76264.0,-64.360588
76266.0,-64.351082
76268.0,-64.33197
76270.0,-64.301918
76272.0,-64.275429
76274.0,-64.245987
76276.0,-64.218758
76278.0,-64.212097
76280.0,-64.224731
76282.0,-64.244514
76284.0,-64.232765
76286.0,-64.19809
76288.0,-64.148102
76290.0,-64.102005
76292.0,-64.050415
76294.0,-64.005821
76296.0,-63.982903
76298.0,-63.983093
76300.0,-63.975956
76302.0,-63.938496
76304.0,-63.875164
76306.0,-63.816936
76308.0,-63.775051
76310.0,-63.745556
76312.0,-63.717522
76314.0,-63.692009
76316.0,-63.671787
76318.0,-63.647068
76320.0,-63.623333
76322.0,-63.601559
76324.0,-63.581738
76326.0,-63.563873
76328.0,-63.547138
76330.0,-63.528656
76332.0,-63.510857
76334.0,-63.49374
76336.0,-63.477306
76338.0,-63.461559
76340.0,-63.445721
76342.0,-63.429573
76344.0,-63.413658
76346.0,-63.397968
76348.0,-63.382511
76350.0,-63.367283
76352.0,-63.352535
76354.0,-63.337845
76356.0,-63.323154
76358.0,-63.30846
76360.0,-63.29377
76362.0,-63.279076
76364.0,-63.264385
76366.0,-63.249691
76368.0,-63.235001
76370.0,-63.220306
76372.0,-63.205616
76374.0,-63.190922
76376.0,-63.176231
76378.0,-63.162498
76380.0,-63.148933
76382.0,-63.135368
76384.0,-63.121803
76386.0,-63.108238
76388.0,-63.094669
76390.0,-63.081104
76392.0,-63.067539
76394.0,-63.053974
76396.0,-63.040405
76398.0,-63.02684
76400.0,-63.013275
76402.0,-62.99971
76404.0,-62.986145
76406.0,-62.972576
76408.0,-62.959011
76410.0,-62.945446
76412.0,-62.931881
76414.0,-62.918312
76416.0,-62.904747
76418.0,-62.891182
76420.0,-62.877617
76422.0,-62.864048
76424.0,-62.850544
76426.0,-62.837502
76428.0,-62.824486
76430.0,-62.811493
76432.0,-62.798531
76434.0,-62.785591
76436.0,-62.772678
76438.0,-62.759792
76440.0,-62.746933
76442.0,-62.7341
76444.0,-62.721291
76446.0,-62.708508
76448.0,-62.695755
76450.0,-62.683025
76452.0,-62.670319
76454.0,-62.657642
76456.0,-62.644993
76458.0,-62.632366
76460.0,-62.619766
76462.0,-62.607193
76464.0,-62.594646
76466.0,-62.582127
76468.0,-62.56963
76470.0,-62.557163
76472.0,-62.54472
76474.0,-62.532303
76476.0,-62.519913
76478.0,-62.507549
76480.0,-62.495209
76482.0,-62.482899
76484.0,-62.470612
76486.0,-62.458351
76488.0,-62.446117
76490.0,-62.43391
76492.0,-62.421726
76494.0,-62.409573
76496.0,-62.397442
76498.0,-62.385338
76500.0,-62.37326
76502.0,-62.361237
76504.0,-62.349319
76506.0,-62.337429
76508.0,-62.325577
76510.0,-62.313751
76512.0,-62.301956
76514.0,-62.290195
76516.0,-62.278465
76518.0,-62.266766
76520.0,-62.2551
76522.0,-62.243465
76524.0,-62.231861
76526.0,-62.220287
76528.0,-62.208744
76530.0,-62.197235
76532.0,-62.185753
76534.0,-62.174305
76536.0,-62.162891
76538.0,-62.151505
76540.0,-62.140152
76542.0,-62.12883
76544.0,-62.117538
76546.0,-62.106277
76548.0,-62.095051
76550.0,-62.083855
76552.0,-62.072689
76554.0,-62.061554
76556.0,-62.050453
76558.0,-62.039383
76560.0,-62.028343
76562.0,-62.017334
76564.0,-62.006355
76566.0,-61.995411
76568.0,-61.984497
76570.0,-61.973614
76572.0,-61.962761
76574.0,-61.951942
76576.0,-61.941154
76578.0,-61.930397
76580.0,-61.91946
76582.0,-61.908222
76584.0,-61.897007
76586.0,-61.885811
76588.0,-61.874634
76590.0,-61.86348
76592.0,-61.852345
76594.0,-61.841228
76596.0,-61.830132
76598.0,-61.819054
76600.0,-61.807999
76602.0,-61.796963
76604.0,-61.785946
76606.0,-61.774952
76608.0,-61.763977
76610.0,-61.753021
76612.0,-61.742085
76614.0,-61.731171
76616.0,-61.720276
76618.0,-61.7094
76620.0,-61.698544
76622.0,-61.68771
76624.0,-61.676891
76626.0,-61.6661
76628.0,-61.655323
76630.0,-61.644569
76632.0,-61.633831
76634.0,-61.623119
76636.0,-61.612423
76638.0,-61.601749
76640.0,-61.591091
76642.0,-61.58046
76644.0,-61.569843
76646.0,-61.55925
76648.0,-61.548676
76650.0,-61.53812
76652.0,-61.527584
76654.0,-61.517071
76656.0,-61.506577
76658.0,-61.496101
76660.0,-61.485645
76662.0,-61.475212
76664.0,-61.464798
76666.0,-61.454403
76668.0,-61.444031
76670.0,-61.433678
76672.0,-61.42334
76674.0,-61.413029
76676.0,-61.402733
76678.0,-61.39246
76680.0,-61.382206
76682.0,-61.371971
76684.0,-61.361759
76686.0,-61.351566
76688.0,-61.341393
76690.0,-61.331238
76692.0,-61.321102
76694.0,-61.310989
76696.0,-61.300896
76698.0,-61.290825
76700.0,-61.280769
76702.0,-61.270737
76704.0,-61.260723
76706.0,-61.250729
76708.0,-61.240757
76710.0,-61.230804
76712.0,-61.220871
76714.0,-61.210957
76716.0,-61.201065
76718.0,-61.191193
76720.0,-61.181339
76722.0,-61.171505
76724.0,-61.161694
76726.0,-61.151901
76728.0,-61.142128
76730.0,-61.132374
76732.0,-61.122643
76734.0,-61.11293
76736.0,-61.103237
76738.0,-61.093563
76740.0,-61.083912
76742.0,-61.07428
76744.0,-61.064667
76746.0,-61.055077
76748.0,-61.045502
76750.0,-61.03595
76752.0,-61.026417
76754.0,-61.016907
76756.0,-61.007416
76758.0,-60.997944
76760.0,-60.988491
76762.0,-60.979057
76764.0,-60.969646
76766.0,-60.960255
76768.0,-60.950504
76770.0,-60.940483
76772.0,-60.930473
76774.0,-60.920464
76776.0,-60.910461
76778.0,-60.900467
76780.0,-60.89048
76782.0,-60.880497
76784.0,-60.870522
76786.0,-60.86055
76788.0,-60.850586
76790.0,-60.840626
76792.0,-60.830673
76794.0,-60.820728
76796.0,-60.810791
76798.0,-60.800858
76800.0,-60.790928
76802.0,-60.781006
76804.0,-60.771091
76806.0,-60.761181
76808.0,-60.751278
76810.0,-60.741383
76812.0,-60.731491
76814.0,-60.721607
76816.0,-60.711727
76818.0,-60.701855
76820.0,-60.69199
76822.0,-60.682129
76824.0,-60.672276
76826.0,-60.66243
76828.0,-60.652588
76830.0,-60.64275
76832.0,-60.632923
76834.0,-60.6231
76836.0,-60.613281
76838.0,-60.60347
76840.0,-60.593666
76842.0,-60.583866
76844.0,-60.574074
76846.0,-60.564289
76848.0,-60.554508
76850.0,-60.544731
76852.0,-60.534966
76854.0,-60.525204
76856.0,-60.515446
76858.0,-60.505699
76860.0,-60.495953
76862.0,-60.486217
76864.0,-60.476486
76866.0,-60.466759
76868.0,-60.457043
76870.0,-60.447327
76872.0,-60.437622
76874.0,-60.427921
76876.0,-60.418224
76878.0,-60.408539
76880.0,-60.398857
76882.0,-60.389179
76884.0,-60.379509
76886.0,-60.369846
76888.0,-60.360188
76890.0,-60.350536
76892.0,-60.340889
76894.0,-60.331253
76896.0,-60.321617
76898.0,-60.311993
76900.0,-60.302372
76902.0,-60.292755
76904.0,-60.283146
76906.0,-60.273544
76908.0,-60.263947
76910.0,-60.254356
76912.0,-60.244774
76914.0,-60.235195
76916.0,-60.225624
76918.0,-60.216057
76920.0,-60.206497
76922.0,-60.196945
76924.0,-60.187397
76926.0,-60.177856
76928.0,-60.16832
76930.0,-60.158791
76932.0,-60.149269
76934.0,-60.139751
76936.0,-60.130241
76938.0,-60.120739
76940.0,-60.11124
76942.0,-60.101746
76944.0,-60.092262
76946.0,-60.082783
76948.0,-60.073307
76950.0,-60.063839
76952.0,-60.054379
76954.0,-60.044922
76956.0,-60.034367
76958.0,-60.023361
76960.0,-60.012241
76962.0,-60.001011
76964.0,-59.989662
76966.0,-59.978203
76968.0,-59.966629
76970.0,-59.954941
76972.0,-59.943134
76974.0,-59.931221
76976.0,-59.919189
76978.0,-59.907043
76980.0,-59.894783
76982.0,-59.882412
76984.0,-59.869923
76986.0,-59.857323
76988.0,-59.844604
76990.0,-59.831776
76992.0,-59.818832
76994.0,-59.805775
76996.0,-59.792603
76998.0,-59.779316
77000.0,-59.765919
77002.0,-59.752403
77004.0,-59.738777
77006.0,-59.725037
77008.0,-59.711182
77010.0,-59.697216
77012.0,-59.683132
77014.0,-59.668938
77016.0,-59.654625
77018.0,-59.640202
77020.0,-59.625664
77022.0,-59.611012
77024.0,-59.596245
77026.0,-59.581367
77028.0,-59.566372
77030.0,-59.551266
77032.0,-59.536045
77034.0,-59.52071
77036.0,-59.50526
77038.0,-59.489697
77040.0,-59.474018
77042.0,-59.458229
77044.0,-59.442322
77046.0,-59.426304
77048.0,-59.410172
77050.0,-59.393055
77052.0,-59.375607
77054.0,-59.357975
77056.0,-59.340157
77058.0,-59.322155
77060.0,-59.303967
77062.0,-59.285591
77064.0,-59.267029
77066.0,-59.24828
77068.0,-59.229347
77070.0,-59.210232
77072.0,-59.190926
77074.0,-59.171436
77076.0,-59.15176
77078.0,-59.131897
77080.0,-59.111851
77082.0,-59.091618
77084.0,-59.071198
77086.0,-59.050594
77088.0,-59.0298
77090.0,-59.008827
77092.0,-58.987663
77094.0,-58.966316
77096.0,-58.944782
77098.0,-58.923061
77100.0,-58.901154
77102.0,-58.879063
77104.0,-58.855839
77106.0,-58.830612
77108.0,-58.805008
77110.0,-58.779034
77112.0,-58.752682
77114.0,-58.725956
77116.0,-58.698853
77118.0,-58.671375
77120.0,-58.643524
77122.0,-58.615299
77124.0,-58.586697
77126.0,-58.55772
77128.0,-58.528366
77130.0,-58.498642
77132.0,-58.46854
77134.0,-58.438061
77136.0,-58.407211
77138.0,-58.375984
77140.0,-58.344383
77142.0,-58.312405
77144.0,-58.280052
77146.0,-58.247326
77148.0,-58.214226
77150.0,-58.180748
77152.0,-58.146896
77154.0,-58.112667
77156.0,-58.078068
77158.0,-58.043091
77160.0,-57.998802
77162.0,-57.952095
77164.0,-57.904282
77166.0,-57.85537
77168.0,-57.805355
77170.0,-57.754238
77172.0,-57.702023
77174.0,-57.648701
77176.0,-57.59428
77178.0,-57.538757
77180.0,-57.482132
77182.0,-57.424404
77184.0,-57.365578
77186.0,-57.305649
77188.0,-57.244617
77190.0,-57.182484
77192.0,-57.119247
77194.0,-57.054913
77196.0,-56.989475
77198.0,-56.922935
77200.0,-56.855293
77202.0,-56.786549
77204.0,-56.716705
77206.0,-56.645756
77208.0,-56.573708
77210.0,-56.500561
77212.0,-56.426308
77214.0,-56.348888
77216.0,-56.265858
77218.0,-56.180202
77220.0,-56.091919
77222.0,-56.001007
77224.0,-55.907471
77226.0,-55.811306
77228.0,-55.709862
77230.0,-55.602077
77232.0,-55.490227
77234.0,-55.374313
77236.0,-55.254337
77238.0,-55.130302
77240.0,-55.002201
77242.0,-54.864357
77244.0,-54.717106
77246.0,-54.563374
77248.0,-54.403168
77250.0,-54.236481
77252.0,-54.063313
77254.0,-53.883671
77256.0,-53.680206
77258.0,-53.45932
77260.0,-53.225925
77262.0,-52.980019
77264.0,-52.721603
77266.0,-52.450684
77268.0,-52.167252
77270.0,-51.853374
77272.0,-51.515678
77274.0,-51.156029
77276.0,-50.764194
77278.0,-50.329319
77280.0,-49.860737
77282.0,-49.357616
77284.0,-48.757133
77286.0,-48.094059
77288.0,-47.368393
77290.0,-46.552971
77292.0,-45.622982
77294.0,-44.536457
77296.0,-43.275951
77298.0,-41.738819
77300.0,-39.852192
77302.0,-37.517212
77304.0,-34.592453
77306.0,-30.785345
77308.0,-25.787405
77310.0,-19.546625
77312.0,-13.079775
77314.0,-8.4079809
77316.0,-6.7125669
77318.0,-7.784029
77320.0,-10.770102
77322.0,-14.861917
77324.0,-19.375124
77326.0,-23.825171
77328.0,-28.008734
77330.0,-31.872202
77332.0,-35.406067
77334.0,-38.622589
77336.0,-41.528141
77338.0,-44.129723
77340.0,-46.443901
77342.0,-48.49221
77344.0,-50.299217
77346.0,-51.893959
77348.0,-53.297798
77350.0,-54.530861
77352.0,-55.615223
77354.0,-56.57003
77356.0,-57.412109
77358.0,-58.154213
77360.0,-58.809956
77362.0,-59.390984
77364.0,-59.905567
77366.0,-60.361992
77368.0,-60.770874
77370.0,-61.135605
77372.0,-61.460491
77374.0,-61.754936
77376.0,-62.0201
77378.0,-62.258385
77380.0,-62.475708
77382.0,-62.673351
77384.0,-62.852612
77386.0,-63.01638
77388.0,-63.166355
77390.0,-63.302944
77392.0,-63.428516
77394.0,-63.545578
77396.0,-63.6534
77398.0,-63.751968
77400.0,-63.84082
77402.0,-63.921295
77404.0,-63.99942
77406.0,-64.071205
77408.0,-64.136375
77410.0,-64.194397
77412.0,-64.244766
77414.0,-64.294304
77416.0,-64.339165
77418.0,-64.379333
77420.0,-64.414711
77422.0,-64.445099
77424.0,-64.473137
77426.0,-64.498405
77428.0,-64.520676
77430.0,-64.540161
77432.0,-64.557053
77434.0,-64.571396
77436.0,-64.58342
77438.0,-64.593422
77440.0,-64.601631
77442.0,-64.608261
77444.0,-64.613541
77446.0,-64.617676
77448.0,-64.620911
77450.0,-64.623444
77452.0,-64.622925
77454.0,-64.617538
77456.0,-64.610641
77458.0,-64.602417
77460.0,-64.59304
77462.0,-64.582687
77464.0,-64.571541
77466.0,-64.559761
77468.0,-64.547546
77470.0,-64.535057
77472.0,-64.522484
77474.0,-64.509995
77476.0,-64.497772
77478.0,-64.485992
77480.0,-64.474831
77482.0,-64.464462
77484.0,-64.45507
77486.0,-64.446823
77488.0,-64.436707
77490.0,-64.419044
77492.0,-64.401146
77494.0,-64.383095
77496.0,-64.364967
77498.0,-64.34684
77500.0,-64.328789
77502.0,-64.310905
77504.0,-64.293251
77506.0,-64.275917
77508.0,-64.25898
77510.0,-64.242516
77512.0,-64.226601
77514.0,-64.211311
77516.0,-64.196739
77518.0,-64.182953
77520.0,-64.170029
77522.0,-64.158051
77524.0,-64.146095
77526.0,-64.129417
77528.0,-64.112831
77530.0,-64.096367
77532.0,-64.080048
77534.0,-64.063889
77536.0,-64.047928
77538.0,-64.032173
77540.0,-64.016647
77542.0,-64.001381
77544.0,-63.986393
77546.0,-63.971703
77548.0,-63.957336
77550.0,-63.943317
77552.0,-63.929665
77554.0,-63.916405
77556.0,-63.903553
77558.0,-63.89114
77560.0,-63.879093
77562.0,-63.864548
77564.0,-63.850018
77566.0,-63.835491
77568.0,-63.820969
77570.0,-63.80645
77572.0,-63.791927
77574.0,-63.777397
77576.0,-63.762859
77578.0,-63.74831
77580.0,-63.733746
77582.0,-63.719162
77584.0,-63.704556
77586.0,-63.689922
77588.0,-63.675262
77590.0,-63.660572
77592.0,-63.645847
77594.0,-63.631084
77596.0,-63.61628
77598.0,-63.601479
77600.0,-63.586643
77602.0,-63.571762
77604.0,-63.556843
77606.0,-63.54187
77608.0,-63.526852
77610.0,-63.511776
77612.0,-63.496647
77614.0,-63.481461
77616.0,-63.466213
77618.0,-63.450897
77620.0,-63.435516
77622.0,-63.420067
77624.0,-63.404545
77626.0,-63.388947
77628.0,-63.373272
77630.0,-63.357517
77632.0,-63.341675
77634.0,-63.326462
77636.0,-63.311428
77638.0,-63.296379
77640.0,-63.281311
77642.0,-63.266228
77644.0,-63.251129
77646.0,-63.236012
77648.0,-63.220879
77650.0,-63.20573
77652.0,-63.190563
77654.0,-63.175381
77656.0,-63.160183
77658.0,-63.144966
77660.0,-63.129734
77662.0,-63.114487
77664.0,-63.09922
77666.0,-63.083939
77668.0,-63.068642
77670.0,-63.053329
77672.0,-63.037998
77674.0,-63.022648
77676.0,-63.007286
77678.0,-62.991905
77680.0,-62.976509
77682.0,-62.961094
77684.0,-62.945663
77686.0,-62.930218
77688.0,-62.914757
77690.0,-62.899277
77692.0,-62.883781
77694.0,-62.868267
77696.0,-62.852737
77698.0,-62.837193
77700.0,-62.822075
77702.0,-62.807213
77704.0,-62.792374
77706.0,-62.777561
77708.0,-62.762772
77710.0,-62.748005
77712.0,-62.733261
77714.0,-62.718544
77716.0,-62.703846
77718.0,-62.689178
77720.0,-62.67453
77722.0,-62.659908
77724.0,-62.645309
77726.0,-62.630733
77728.0,-62.616184
77730.0,-62.601658
77732.0,-62.587154
77734.0,-62.572674
77736.0,-62.55822
77738.0,-62.543789
77740.0,-62.529381
77742.0,-62.514996
77744.0,-62.500637
77746.0,-62.486301
77748.0,-62.471989
77750.0,-62.457703
77752.0,-62.443439
77754.0,-62.429199
77756.0,-62.414982
77758.0,-62.400791
77760.0,-62.386623
77762.0,-62.372478
77764.0,-62.35836
77766.0,-62.344433
77768.0,-62.330696
77770.0,-62.317001
77772.0,-62.303352
77774.0,-62.289745
77776.0,-62.27618
77778.0,-62.262661
77780.0,-62.249184
77782.0,-62.235748
77784.0,-62.222355
77786.0,-62.209007
77788.0,-62.195702
77790.0,-62.182442
77792.0,-62.16922
77794.0,-62.156044
77796.0,-62.14291
77798.0,-62.129822
77800.0,-62.116772
77802.0,-62.103767
77804.0,-62.090809
77806.0,-62.077888
77808.0,-62.065014
77810.0,-62.052181
77812.0,-62.039394
77814.0,-62.026646
77816.0,-62.013943
77818.0,-62.001286
77820.0,-61.988667
77822.0,-61.976093
77824.0,-61.963562
77826.0,-61.951077
77828.0,-61.938633
77830.0,-61.926231
77832.0,-61.913754
77834.0,-61.901131
77836.0,-61.888542
77838.0,-61.875984
77840.0,-61.863457
77842.0,-61.850964
77844.0,-61.838501
77846.0,-61.826069
77848.0,-61.813667
77850.0,-61.8013
77852.0,-61.788963
77854.0,-61.776661
77856.0,-61.764385
77858.0,-61.752144
77860.0,-61.739933
77862.0,-61.727757
77864.0,-61.715611
77866.0,-61.703495
77868.0,-61.691414
77870.0,-61.679359
77872.0,-61.667339
77874.0,-61.655354
77876.0,-61.643394
77878.0,-61.63147
77880.0,-61.619579
77882.0,-61.607716
77884.0,-61.595886
77886.0,-61.584087
77888.0,-61.572323
77890.0,-61.560585
77892.0,-61.548882
77894.0,-61.537212
77896.0,-61.52557
77898.0,-61.513962
77900.0,-61.502388
77902.0,-61.490841
77904.0,-61.479328
77906.0,-61.467846
77908.0,-61.456394
77910.0,-61.444977
77912.0,-61.43359
77914.0,-61.422237
77916.0,-61.410912
77918.0,-61.39962
77920.0,-61.388359
77922.0,-61.377132
77924.0,-61.365936
77926.0,-61.354771
77928.0,-61.343636
77930.0,-61.332535
77932.0,-61.321465
77934.0,-61.310425
77936.0,-61.299248
77938.0,-61.287918
77940.0,-61.276608
77942.0,-61.265316
77944.0,-61.25404
77946.0,-61.242786
77948.0,-61.231548
77950.0,-61.220333
77952.0,-61.209133
77954.0,-61.197952
77956.0,-61.18679
77958.0,-61.175644
77960.0,-61.16452
77962.0,-61.153416
77964.0,-61.142326
77966.0,-61.131256
77968.0,-61.120205
77970.0,-61.109173
77972.0,-61.09816
77974.0,-61.087162
77976.0,-61.076187
77978.0,-61.065228
77980.0,-61.054287
77982.0,-61.043365
77984.0,-61.032463
77986.0,-61.02158
77988.0,-61.010712
77990.0,-60.999866
77992.0,-60.989037
77994.0,-60.978226
77996.0,-60.967434
77998.0,-60.956661
78000.0,-60.945908
78002.0,-60.935169
78004.0,-60.924454
78006.0,-60.913754
78008.0,-60.903072
78010.0,-60.89241
78012.0,-60.881767
78014.0,-60.871143
78016.0,-60.860538
78018.0,-60.849949
78020.0,-60.839378
78022.0,-60.828827
78024.0,-60.818295
78026.0,-60.807781
78028.0,-60.797287
78030.0,-60.786812
78032.0,-60.776352
78034.0,-60.765911
78036.0,-60.755493
78038.0,-60.74509
78040.0,-60.734371
78042.0,-60.723434
78044.0,-60.712494
78046.0,-60.701546
78048.0,-60.690594
78050.0,-60.679634
78052.0,-60.668667
78054.0,-60.657692
78056.0,-60.646709
78058.0,-60.635723
78060.0,-60.624729
78062.0,-60.613724
78064.0,-60.602715
78066.0,-60.591694
78068.0,-60.580669
78070.0,-60.569633
78072.0,-60.55859
78074.0,-60.547535
78076.0,-60.536476
78078.0,-60.525406
78080.0,-60.514324
78082.0,-60.503235
78084.0,-60.492138
78086.0,-60.481026
78088.0,-60.46991
78090.0,-60.458778
78092.0,-60.447639
78094.0,-60.436489
78096.0,-60.425331
78098.0,-60.414158
78100.0,-60.402977
78102.0,-60.391781
78104.0,-60.380577
78106.0,-60.369358
78108.0,-60.358131
78110.0,-60.346889
78112.0,-60.335636
78114.0,-60.324371
78116.0,-60.313091
78118.0,-60.3018
78120.0,-60.290497
78122.0,-60.279179
78124.0,-60.267849
78126.0,-60.256504
78128.0,-60.245144
78130.0,-60.233772
78132.0,-60.222385
78134.0,-60.210987
78136.0,-60.19957
78138.0,-60.188141
78140.0,-60.176697
78142.0,-60.165237
78144.0,-60.153763
78146.0,-60.142273
78148.0,-60.130768
78150.0,-60.119247
78152.0,-60.107708
78154.0,-60.096153
78156.0,-60.084583
78158.0,-60.072998
78160.0,-60.061394
78162.0,-60.049774
78164.0,-60.038139
78166.0,-60.026485
78168.0,-60.014812
78170.0,-60.003124
78172.0,-59.991417
78174.0,-59.979691
78176.0,-59.967945
78178.0,-59.956184
78180.0,-59.944405
78182.0,-59.932606
78184.0,-59.920788
78186.0,-59.908947
78188.0,-59.897091
78190.0,-59.885216
78192.0,-59.873322
78194.0,-59.861404
78196.0,-59.849468
78198.0,-59.837513
78200.0,-59.825535
78202.0,-59.813538
78204.0,-59.801521
78206.0,-59.789482
78208.0,-59.77742
78210.0,-59.765339
78212.0,-59.753235
78214.0,-59.740971
78216.0,-59.728008
78218.0,-59.714996
78220.0,-59.701935
78222.0,-59.688824
78224.0,-59.675659
78226.0,-59.662445
78228.0,-59.649178
78230.0,-59.63586
78232.0,-59.622486
78234.0,-59.609058
78236.0,-59.595577
78238.0,-59.582043
78240.0,-59.568451
78242.0,-59.554802
78244.0,-59.5411
78246.0,-59.52734
78248.0,-59.513523
78250.0,-59.499649
78252.0,-59.485714
78254.0,-59.471722
78256.0,-59.457672
78258.0,-59.443558
78260.0,-59.429386
78262.0,-59.415157
78264.0,-59.400864
78266.0,-59.386509
78268.0,-59.372089
78270.0,-59.357609
78272.0,-59.343067
78274.0,-59.328461
78276.0,-59.313789
78278.0,-59.299053
78280.0,-59.284252
78282.0,-59.269382
78284.0,-59.254452
78286.0,-59.239452
78288.0,-59.224384
78290.0,-59.209248
78292.0,-59.194046
78294.0,-59.178776
78296.0,-59.163433
78298.0,-59.148022
78300.0,-59.132542
78302.0,-59.116989
78304.0,-59.101368
78306.0,-59.08567
78308.0,-59.069904
78310.0,-59.054066
78312.0,-59.038155
78314.0,-59.022167
78316.0,-59.006107
78318.0,-58.989971
78320.0,-58.973759
78322.0,-58.957474
78324.0,-58.941113
78326.0,-58.924671
78328.0,-58.908157
78330.0,-58.891563
78332.0,-58.874889
78334.0,-58.858139
78336.0,-58.841309
78338.0,-58.824398
78340.0,-58.807407
78342.0,-58.790337
78344.0,-58.773186
78346.0,-58.755951
78348.0,-58.738636
78350.0,-58.721237
78352.0,-58.703758
78354.0,-58.686192
78356.0,-58.668541
78358.0,-58.650806
78360.0,-58.632988
78362.0,-58.615086
78364.0,-58.597092
78366.0,-58.579014
78368.0,-58.560852
78370.0,-58.542599
78372.0,-58.524258
78374.0,-58.505829
78376.0,-58.487309
78378.0,-58.4687
78380.0,-58.450005
78382.0,-58.431213
78384.0,-58.412334
78386.0,-58.39336
78388.0,-58.374298
78390.0,-58.352512
78392.0,-58.329227
78394.0,-58.305225
78396.0,-58.280487
78398.0,-58.254993
78400.0,-58.228729
78402.0,-58.201675
78404.0,-58.173809
78406.0,-58.145115
78408.0,-58.115578
78410.0,-58.085175
78412.0,-58.05389
78414.0,-58.021706
78416.0,-57.988602
78418.0,-57.954559
78420.0,-57.919563
78422.0,-57.883591
78424.0,-57.84663
78426.0,-57.808655
78428.0,-57.769657
78430.0,-57.729607
78432.0,-57.688496
78434.0,-57.645435
78436.0,-57.601051
78438.0,-57.555408
78440.0,-57.508492
78442.0,-57.460266
78444.0,-57.410717
78446.0,-57.359814
78448.0,-57.307537
78450.0,-57.253864
78452.0,-57.198765
78454.0,-57.142216
78456.0,-57.084202
78458.0,-57.024689
78460.0,-56.963657
78462.0,-56.901081
78464.0,-56.836941
78466.0,-56.77121
78468.0,-56.703861
78470.0,-56.634876
78472.0,-56.564228
78474.0,-56.491894
78476.0,-56.417679
78478.0,-56.336815
78480.0,-56.253109
78482.0,-56.166447
78484.0,-56.076733
78486.0,-55.983852
78488.0,-55.887707
78490.0,-55.788189
78492.0,-55.685196
78494.0,-55.578617
78496.0,-55.468357
78498.0,-55.354301
78500.0,-55.236351
78502.0,-55.114399
78504.0,-54.973488
78506.0,-54.824947
78508.0,-54.668533
78510.0,-54.50391
78512.0,-54.330734
78514.0,-54.148666
78516.0,-53.957367
78518.0,-53.756489
78520.0,-53.545696
78522.0,-53.324646
78524.0,-53.092995
78526.0,-52.850403
78528.0,-52.596531
78530.0,-52.32378
78532.0,-52.031952
78534.0,-51.719795
78536.0,-51.38237
78538.0,-51.016441
78540.0,-50.620461
78542.0,-50.18848
78544.0,-49.711578
78546.0,-49.188194
78548.0,-48.611023
78550.0,-47.95385
78552.0,-47.216507
78554.0,-46.389954
78556.0,-45.408749
78558.0,-44.265713
78560.0,-42.943695
78562.0,-41.374184
78564.0,-39.465332
78566.0,-37.054958
78568.0,-33.997391
78570.0,-29.969357
78572.0,-24.793877
78574.0,-18.552546
78576.0,-12.252561
78578.0,-7.9278536
78580.0,-6.6746287
78582.0,-8.1489439
78584.0,-11.448332
78586.0,-15.714818
78588.0,-20.27898
78590.0,-24.708588
78592.0,-28.86454
78594.0,-32.710987
78596.0,-36.230923
78598.0,-39.421417
78600.0,-42.293621
78602.0,-44.856976
78604.0,-47.131157
78606.0,-49.141312
78608.0,-50.910694
78610.0,-52.465225
78612.0,-53.830162
78614.0,-55.028946
78616.0,-56.080429
78618.0,-56.995304
78620.0,-57.801163
78622.0,-58.51635
78624.0,-59.131054
78626.0,-59.673943
78628.0,-60.16058
78630.0,-60.585297
78632.0,-60.962444
78634.0,-61.305153
78636.0,-61.612354
78638.0,-61.882858
78640.0,-62.128754
78642.0,-62.353775
78644.0,-62.55434
78646.0,-62.738464
78648.0,-62.910027
78650.0,-63.063057
78652.0,-63.202969
78654.0,-63.331978
78656.0,-63.449669
78658.0,-63.556633
78660.0,-63.654778
78662.0,-63.745213
78664.0,-63.829037
78666.0,-63.905983
78668.0,-63.97628
78670.0,-64.041054
78672.0,-64.100746
78674.0,-64.155754
78676.0,-64.206528
78678.0,-64.253418
78680.0,-64.296539
78682.0,-64.336037
78684.0,-64.371971
78686.0,-64.405624
78688.0,-64.438026
78690.0,-64.468277
78692.0,-64.496384
78694.0,-64.522278
78696.0,-64.545792
78698.0,-64.566696
78700.0,-64.584686
78702.0,-64.599373
78704.0,-64.610283
78706.0,-64.622269
78708.0,-64.636269
78710.0,-64.648773
78712.0,-64.659592
78714.0,-64.668503
78716.0,-64.675247
78718.0,-64.679504
78720.0,-64.680908
78722.0,-64.679054
78724.0,-64.673492
78726.0,-64.669991
78728.0,-64.668297
78730.0,-64.665398
78732.0,-64.66127
78734.0,-64.655876
78736.0,-64.649162
78738.0,-64.641052
78740.0,-64.63147
78742.0,-64.620338
78744.0,-64.607559
78746.0,-64.594818
78748.0,-64.581749
78750.0,-64.567741
78752.0,-64.552811
78754.0,-64.536972
78756.0,-64.520233
78758.0,-64.502609
78760.0,-64.4841
78762.0,-64.464722
78764.0,-64.444466
78766.0,-64.425697
78768.0,-64.407364
78770.0,-64.388916
78772.0,-64.370399
78774.0,-64.351852
78776.0,-64.333328
78778.0,-64.314865
78780.0,-64.296501
78782.0,-64.278282
78784.0,-64.260254
78786.0,-64.242455
78788.0,-64.22493
78790.0,-64.207726
78792.0,-64.190887
78794.0,-64.174446
78796.0,-64.158463
78798.0,-64.140724
78800.0,-64.122589
78802.0,-64.1045
78804.0,-64.086479
78806.0,-64.068535
78808.0,-64.050682
78810.0,-64.032936
78812.0,-64.015297
78814.0,-63.997799
78816.0,-63.980442
78818.0,-63.963242
78820.0,-63.946213
78822.0,-63.929367
78824.0,-63.91272
78826.0,-63.896286
78828.0,-63.880077
78830.0,-63.863075
78832.0,-63.84597
78834.0,-63.828903
78836.0,-63.811871
78838.0,-63.794876
78840.0,-63.77792
78842.0,-63.761002
78844.0,-63.744122
78846.0,-63.727283
78848.0,-63.710484
78850.0,-63.693726
78852.0,-63.67701
78854.0,-63.660336
78856.0,-63.643703
78858.0,-63.627117
78860.0,-63.610573
78862.0,-63.59399
78864.0,-63.577431
78866.0,-63.560902
78868.0,-63.544399
78870.0,-63.527927
78872.0,-63.511482
78874.0,-63.495064
78876.0,-63.478672
78878.0,-63.462307
78880.0,-63.445969
78882.0,-63.429653
78884.0,-63.413364
78886.0,-63.397102
78888.0,-63.380867
78890.0,-63.364651
78892.0,-63.348461
78894.0,-63.332504
78896.0,-63.316601
78898.0,-63.300755
78900.0,-63.284954
78902.0,-63.269207
78904.0,-63.253513
78906.0,-63.237869
78908.0,-63.222275
78910.0,-63.206734
78912.0,-63.191242
78914.0,-63.175804
78916.0,-63.160419
78918.0,-63.145084
78920.0,-63.129799
78922.0,-63.114567
78924.0,-63.099388
78926.0,-63.084259
78928.0,-63.069183
78930.0,-63.054161
78932.0,-63.039188
78934.0,-63.024269
78936.0,-63.009399
78938.0,-62.994587
78940.0,-62.97982
78942.0,-62.965111
78944.0,-62.950451
78946.0,-62.935844
78948.0,-62.921291
78950.0,-62.906788
78952.0,-62.892342
78954.0,-62.877945
78956.0,-62.863602
78958.0,-62.849308
78960.0,-62.835079
78962.0,-62.820988
78964.0,-62.806961
78966.0,-62.792995
78968.0,-62.779091
78970.0,-62.765247
78972.0,-62.751469
78974.0,-62.737751
78976.0,-62.724098
78978.0,-62.710506
78980.0,-62.69698
78982.0,-62.683514
78984.0,-62.670116
78986.0,-62.65678
78988.0,-62.643509
78990.0,-62.630302
78992.0,-62.617165
78994.0,-62.604088
78996.0,-62.59108
78998.0,-62.578136
79000.0,-62.565262
79002.0,-62.552452
79004.0,-62.539711
79006.0,-62.527035
79008.0,-62.514427
79010.0,-62.501888
79012.0,-62.489418
79014.0,-62.477016
79016.0,-62.46468
79018.0,-62.452415
79020.0,-62.44022
79022.0,-62.428093
79024.0,-62.416039
79026.0,-62.404053
79028.0,-62.39209
79030.0,-62.380005
79032.0,-62.367966
79034.0,-62.35598
79036.0,-62.344044
79038.0,-62.332153
79040.0,-62.320316
79042.0,-62.308525
79044.0,-62.296783
79046.0,-62.285091
79048.0,-62.273445
79050.0,-62.261845
79052.0,-62.250294
79054.0,-62.238789
79056.0,-62.227329
79058.0,-62.215919
79060.0,-62.204552
79062.0,-62.193233
79064.0,-62.181957
79066.0,-62.170727
79068.0,-62.159542
79070.0,-62.148399
79072.0,-62.137302
79074.0,-62.126251
79076.0,-62.115238
79078.0,-62.104275
79080.0,-62.093349
79082.0,-62.082466
79084.0,-62.071629
79086.0,-62.060833
79088.0,-62.050076
79090.0,-62.039364
79092.0,-62.02869
79094.0,-62.018055
79096.0,-62.007431
79098.0,-61.996765
79100.0,-61.98613
79102.0,-61.975529
79104.0,-61.964954
79106.0,-61.954414
79108.0,-61.943905
79110.0,-61.933426
79112.0,-61.922974
79114.0,-61.912552
79116.0,-61.902161
79118.0,-61.891796
79120.0,-61.881462
79122.0,-61.871151
79124.0,-61.86087
79126.0,-61.850616
79128.0,-61.840385
79130.0,-61.830185
79132.0,-61.820007
79134.0,-61.809853
79136.0,-61.799725
79138.0,-61.789619
79140.0,-61.779541
79142.0,-61.769485
79144.0,-61.759449
79146.0,-61.749439
79148.0,-61.739449
79150.0,-61.729481
79152.0,-61.719536
79154.0,-61.70961
79156.0,-61.699707
79158.0,-61.689823
79160.0,-61.679955
79162.0,-61.670109
79164.0,-61.660282
79166.0,-61.650475
79168.0,-61.640682
79170.0,-61.630909
79172.0,-61.621155
79174.0,-61.611412
79176.0,-61.601692
79178.0,-61.591984
79180.0,-61.582291
79182.0,-61.572617
79184.0,-61.562954
79186.0,-61.553303
79188.0,-61.543671
79190.0,-61.53405
79192.0,-61.524441
79194.0,-61.514847
79196.0,-61.505264
79198.0,-61.495693
79200.0,-61.486134
79202.0,-61.476593
79204.0,-61.46706
79206.0,-61.457539
79208.0,-61.448025
79210.0,-61.438522
79212.0,-61.429028
79214.0,-61.419544
79216.0,-61.410069
79218.0,-61.4006
79220.0,-61.39114
79222.0,-61.381683
79224.0,-61.372238
79226.0,-61.362797
79228.0,-61.353363
79230.0,-61.343933
79232.0,-61.334511
79234.0,-61.325089
79236.0,-61.315674
79238.0,-61.306263
79240.0,-61.296856
79242.0,-61.287453
79244.0,-61.278049
79246.0,-61.26865
79248.0,-61.259251
79250.0,-61.249855
79252.0,-61.240459
79254.0,-61.231064
79256.0,-61.221668
79258.0,-61.212273
79260.0,-61.202877
79262.0,-61.193481
79264.0,-61.184082
79266.0,-61.174683
79268.0,-61.165279
79270.0,-61.155876
79272.0,-61.146469
79274.0,-61.137054
79276.0,-61.12764
79278.0,-61.118221
79280.0,-61.108795
79282.0,-61.099369
79284.0,-61.089931
79286.0,-61.08049
79288.0,-61.071045
79290.0,-61.061588
79292.0,-61.052128
79294.0,-61.04266
79296.0,-61.033184
79298.0,-61.023697
79300.0,-61.014202
79302.0,-61.0047
79304.0,-60.995232
79306.0,-60.985802
79308.0,-60.976364
79310.0,-60.966919
79312.0,-60.957466
79314.0,-60.948006
79316.0,-60.938538
79318.0,-60.929066
79320.0,-60.919579
79322.0,-60.910088
79324.0,-60.900585
79326.0,-60.891071
79328.0,-60.88155
79330.0,-60.872017
79332.0,-60.862473
79334.0,-60.852921
79336.0,-60.843353
79338.0,-60.833775
79340.0,-60.824184
79342.0,-60.814583
79344.0,-60.804966
79346.0,-60.795338
79348.0,-60.785694
79350.0,-60.776035
79352.0,-60.766365
79354.0,-60.756676
79356.0,-60.746975
79358.0,-60.737259
79360.0,-60.727524
79362.0,-60.717773
79364.0,-60.708008
79366.0,-60.698223
79368.0,-60.688423
79370.0,-60.678604
79372.0,-60.668766
79374.0,-60.658909
79376.0,-60.649036
79378.0,-60.639141
79380.0,-60.629227
79382.0,-60.619293
79384.0,-60.609337
79386.0,-60.599365
79388.0,-60.589367
79390.0,-60.57935
79392.0,-60.569309
79394.0,-60.559246
79396.0,-60.549164
79398.0,-60.539055
79400.0,-60.528923
79402.0,-60.518768
79404.0,-60.508587
79406.0,-60.498386
79408.0,-60.488155
79410.0,-60.477901
79412.0,-60.467625
79414.0,-60.457317
79416.0,-60.446987
79418.0,-60.436626
79420.0,-60.426243
79422.0,-60.415829
79424.0,-60.405388
79426.0,-60.394917
79428.0,-60.384418
79430.0,-60.373894
79432.0,-60.363338
79434.0,-60.352753
79436.0,-60.342136
79438.0,-60.33149
79440.0,-60.320812
79442.0,-60.310104
79444.0,-60.299366
79446.0,-60.288593
79448.0,-60.27779
79450.0,-60.266953
79452.0,-60.256081
79454.0,-60.245178
79456.0,-60.234241
79458.0,-60.22327
79460.0,-60.212265
79462.0,-60.201046
79464.0,-60.189701
79466.0,-60.178307
79468.0,-60.16687
79470.0,-60.155384
79472.0,-60.143852
79474.0,-60.132271
79476.0,-60.120644
79478.0,-60.108967
79480.0,-60.09724
79482.0,-60.085464
79484.0,-60.073635
79486.0,-60.06176
79488.0,-60.049831
79490.0,-60.037853
79492.0,-60.025822
79494.0,-60.013737
79496.0,-60.001598
79498.0,-59.989407
79500.0,-59.977161
79502.0,-59.964863
79504.0,-59.952507
79506.0,-59.940094
79508.0,-59.927628
79510.0,-59.915104
79512.0,-59.902523
79514.0,-59.889885
79516.0,-59.87719
79518.0,-59.864433
79520.0,-59.85162
79522.0,-59.838745
79524.0,-59.825813
79526.0,-59.812817
79528.0,-59.799763
79530.0,-59.786648
79532.0,-59.773468
79534.0,-59.760227
79536.0,-59.746922
79538.0,-59.733551
79540.0,-59.720119
79542.0,-59.706623
79544.0,-59.693062
79546.0,-59.679436
79548.0,-59.665741
79550.0,-59.651981
79552.0,-59.638153
79554.0,-59.62426
79556.0,-59.610298
79558.0,-59.596268
79560.0,-59.582169
79562.0,-59.567997
79564.0,-59.553757
79566.0,-59.539448
79568.0,-59.525066
79570.0,-59.510616
79572.0,-59.49609
79574.0,-59.481495
79576.0,-59.466824
79578.0,-59.45208
79580.0,-59.437263
79582.0,-59.422371
79584.0,-59.407406
79586.0,-59.392365
79588.0,-59.377247
79590.0,-59.362049
79592.0,-59.346779
79594.0,-59.331429
79596.0,-59.316002
79598.0,-59.300499
79600.0,-59.284916
79602.0,-59.269253
79604.0,-59.253506
79606.0,-59.237682
79608.0,-59.221779
79610.0,-59.205791
79612.0,-59.189724
79614.0,-59.173576
79616.0,-59.157341
79618.0,-59.141026
79620.0,-59.123848
79622.0,-59.106262
79624.0,-59.088409
79626.0,-59.070278
79628.0,-59.051868
79630.0,-59.033169
79632.0,-59.014179
79634.0,-58.994884
79636.0,-58.975285
79638.0,-58.955372
79640.0,-58.935143
79642.0,-58.914585
79644.0,-58.8937
79646.0,-58.872471
79648.0,-58.850903
79650.0,-58.828983
79652.0,-58.806705
79654.0,-58.784065
79656.0,-58.761055
79658.0,-58.737671
79660.0,-58.713905
79662.0,-58.689747
79664.0,-58.665195
79666.0,-58.640247
79668.0,-58.614887
79670.0,-58.589115
79672.0,-58.562923
79674.0,-58.536304
79676.0,-58.509254
79678.0,-58.48177
79680.0,-58.453835
79682.0,-58.425449
79684.0,-58.39661
79686.0,-58.367306
79688.0,-58.337532
79690.0,-58.307281
79692.0,-58.276546
79694.0,-58.245323
79696.0,-58.213608
79698.0,-58.181274
79700.0,-58.148201
79702.0,-58.114517
79704.0,-58.080215
79706.0,-58.045273
79708.0,-58.009678
79710.0,-57.973415
79712.0,-57.93647
79714.0,-57.89883
79716.0,-57.860481
79718.0,-57.821213
79720.0,-57.780998
79722.0,-57.739925
79724.0,-57.697968
79726.0,-57.655102
79728.0,-57.611309
79730.0,-57.566559
79732.0,-57.520832
79734.0,-57.474102
79736.0,-57.426346
79738.0,-57.375484
79740.0,-57.322563
79742.0,-57.268002
79744.0,-57.211769
79746.0,-57.153824
79748.0,-57.094131
79750.0,-57.032658
79752.0,-56.969364
79754.0,-56.904217
79756.0,-56.837181
79758.0,-56.768215
79760.0,-56.697292
79762.0,-56.624367
79764.0,-56.549412
79766.0,-56.472382
79768.0,-56.39325
79770.0,-56.311977
79772.0,-56.228523
79774.0,-56.14286
79776.0,-56.054943
79778.0,-55.964745
79780.0,-55.871059
79782.0,-55.773563
79784.0,-55.672459
79786.0,-55.567593
79788.0,-55.458801
79790.0,-55.345528
79792.0,-55.227043
79794.0,-55.103527
79796.0,-54.974728
79798.0,-54.840385
79800.0,-54.69952
79802.0,-54.546432
79804.0,-54.384605
79806.0,-54.21365
79808.0,-54.033188
79810.0,-53.842831
79812.0,-53.642189
79814.0,-53.430885
79816.0,-53.208523
79818.0,-52.974728
79820.0,-52.728523
79822.0,-52.455666
79824.0,-52.163475
79826.0,-51.850563
79828.0,-51.515545
79830.0,-51.157036
79832.0,-50.771244
79834.0,-50.324013
79836.0,-49.8321
79838.0,-49.291702
79840.0,-48.699017
79842.0,-48.050243
79844.0,-47.338387
79846.0,-46.517944
79848.0,-45.585434
79850.0,-44.499496
79852.0,-43.208473
79854.0,-41.692955
79856.0,-39.754414
79858.0,-37.358616
79860.0,-34.376297
79862.0,-30.505157
79864.0,-25.496162
79866.0,-19.296814
79868.0,-12.917077
79870.0,-8.310606
79872.0,-6.6831121
79874.0,-7.8588023
79876.0,-10.964879
79878.0,-15.136175
79880.0,-19.696169
79882.0,-24.190899
79884.0,-28.426968
79886.0,-32.337673
79888.0,-35.905731
79890.0,-39.133652
79892.0,-42.034351
79894.0,-44.626011
79896.0,-46.93626
79898.0,-48.979961
79900.0,-50.785629
79902.0,-52.379108
79904.0,-53.768021
79906.0,-54.988605
79908.0,-56.039963
79910.0,-56.954453
79912.0,-57.780972
79914.0,-58.52829
79916.0,-59.191414
79918.0,-59.776871
79920.0,-60.304218
79922.0,-60.753971
79924.0,-61.137741
79926.0,-61.465546
79928.0,-61.779289
79930.0,-62.080254
79932.0,-62.368584
79934.0,-62.624268
79936.0,-62.862339
79938.0,-63.073215
79940.0,-63.248245
79942.0,-63.388962
79944.0,-63.529072
79946.0,-63.673405
79948.0,-63.824425
79950.0,-63.955505
79952.0,-64.07766
79954.0,-64.188171
79956.0,-64.278709
79958.0,-64.349091
79960.0,-64.410271
79962.0,-64.478119
79964.0,-64.550453
79966.0,-64.604118
79968.0,-64.631783
79970.0,-64.633659
79972.0,-64.637131
79974.0,-64.634964
79976.0,-64.630943
79978.0,-64.633751
79980.0,-64.645973
79982.0,-64.661079
79984.0,-64.666496
79986.0,-64.672302
79988.0,-64.679771
79990.0,-64.688255
79992.0,-64.692978
79994.0,-64.697464
79996.0,-64.70192
79998.0,-64.70623
80000.0,-64.707726
