Time (min),Dephosphorylated NFAT,Phosphorylated NFAT,Transported NFAT,Stimulus
0.0,0.0,1.0,0.0,1.0
0.08,0.028079609477973378,0.971852553685144,6.783683688261696e-05,1.0
0.16,0.054912330751803184,0.9448206024941745,0.00026706675402227154,1.0
0.24,0.08054976201098452,0.9188587675132746,0.0005914704757409295,1.0
0.32,0.10504139143799796,0.8939235206366527,0.0010350879253493428,1.0
0.4,0.1284346782973901,0.8699731134675711,0.0015922082350387778,1.0
0.48,0.15077513792961647,0.8469675027955378,0.002257359274845744,1.0
0.56,0.1721064210606708,0.8248682810572243,0.0030252978821048715,1.0
0.64,0.19247039020967577,0.8036386093417166,0.003891000448607629,1.0
0.72,0.21190718979500292,0.783243155920565,0.004849654284432042,1.0
0.8,0.23045531517541865,0.7636480357115468,0.00589664911303453,1.0
0.88,0.2481516943872486,0.7448207386112314,0.007027567001519963,1.0
0.96,0.26503168046188824,0.7267301381811209,0.008238181356990892,1.0
1.04,0.27092357181569937,0.7195642683545538,0.009512159829746847,0.0
1.12,0.266474021491343,0.7227524996526565,0.01077347885600044,0.0
1.2,0.2620975488429636,0.7258923322473005,0.012010118909735856,0.0
1.28,0.257792953795003,0.7289845498568841,0.0132224963481129,0.0
1.36,0.2535590558912737,0.7320299234180708,0.014411020690655474,0.0
1.44,0.24939469399386485,0.7350292112818643,0.015576094724270878,0.0
1.52,0.24529872605197584,0.7379831593641185,0.016718114583905652,0.0
1.6,0.2412700281019326,0.7408925017967607,0.017837470101306707,0.0
1.68,0.23730749357815045,0.7437579613765081,0.018934545045341478,0.0
1.76,0.23341003573108896,0.7465802479902378,0.020009716278673234,0.0
1.84,0.2295765860673769,0.7493600596308123,0.021063354301810777,0.0
1.92,0.22580609396577597,0.7520980826471717,0.02209582338705232,0.0
2.0,0.22209752634774377,0.7547949919588692,0.023107481693387,0.0
2.08,0.218449867347997,0.7574514512706069,0.02409868138139612,0.0
2.16,0.21486211798507449,0.7600681132867708,0.025069768728154695,0.0
2.24,0.21133329583190005,0.7626456199259671,0.026021084242132814,0.0
2.32,0.20786243441459534,0.765184602712531,0.026952962872873687,0.0
2.4,0.20444858009367836,0.7676856848075957,0.027865735098725947,0.0
2.48,0.20109079251554873,0.7701494807150651,0.028759726769386207,0.0
2.56,0.1977881492696425,0.7725765932487452,0.02963525748161233,0.0
2.64,0.19453974696127602,0.7749676128336824,0.030492640205041555,0.0
2.72,0.1913446968507438,0.7773231203461002,0.03133218280315603,0.0
2.8,0.1882021214499457,0.7796436893297545,0.032154189220299834,0.0
2.88,0.18511115820457066,0.7819298835980064,0.03295895819742292,0.0
2.96,0.18207095976567578,0.7841822570569793,0.03374678317734492,0.0
3.04,0.19023953106575422,0.775229083825476,0.034531385108769824,1.0
3.12,0.20891608731613684,0.7556920780940045,0.035391834589858645,1.0
3.2,0.22674044011853364,0.7369222174338637,0.0363373424476027,1.0
3.28,0.24374798924566138,0.7188883392901277,0.03736367146421088,1.0
3.36,0.25997268368576626,0.7015605538600178,0.03846676245421593,1.0
3.44,0.2754470790310946,0.6849101937733908,0.03964272719551459,1.0
3.52,0.29020239609952425,0.6689097626920605,0.040887841208415265,1.0
3.6,0.3042685798412372,0.6535328836592047,0.042198536499558126,1.0
3.68,0.31767435304515096,0.6387542520080776,0.04357139494677148,1.0
3.76,0.33044725590675533,0.624549600666741,0.04500314342650363,1.0
3.84,0.34261369398756153,0.6108956581054337,0.0464906479070048,1.0
3.92,0.3541989927243645,0.5977701005413775,0.04803090673425803,1.0
4.0,0.3652262400581912,0.5851527085219701,0.04962105141983869,0.0
4.08,0.3592279036208725,0.5895535779034172,0.051218518475710295,0.0
4.16,0.35332807513171904,0.5938889209505739,0.05278300391770707,0.0
4.24,0.34752514294052217,0.5981597886032267,0.054315068456251114,0.0
4.32,0.34181751589577253,0.6023672208188929,0.05581526328533454,0.0
4.4,0.3362036290284253,0.6065122404952444,0.05728413047633024,0.0
4.48,0.33068194263255984,0.610595854068971,0.05872220329846917,0.0
4.56,0.3252509424081576,0.6146190514225827,0.06013000616925973,0.0
4.64,0.31990913891449324,0.6185828062404441,0.06150805484506261,0.0
4.72,0.31465506690408124,0.6224880764425349,0.06285685665338386,0.0
4.8,0.3094872825066474,0.6263358060183629,0.06417691147498966,0.0
4.88,0.3044043678585381,0.6301269220121027,0.06546871012935918,0.0
4.96,0.2994049294773512,0.633862335581099,0.06673273494154985,0.0
5.04,0.294487597296542,0.6375429426245692,0.06796946007888877,0.0
5.12,0.28965102422686073,0.6411696240692106,0.06917935170392864,0.0
5.2,0.2848938857177899,0.6447432461548077,0.07036286812740239,0.0
5.28,0.2802148793189812,0.6482646607198401,0.07152045996117867,0.0
5.36,0.27561272424169353,0.6517347054870893,0.07265257027121713,0.0
5.44,0.2710861605440916,0.6551542045942081,0.07375963486170023,0.0
5.52,0.26663394417676584,0.6585239718203334,0.07484208400290077,0.0
5.6,0.262254847477921,0.6618448102635867,0.07590034225849235,0.0
5.68,0.2579476673037064,0.6651175070462394,0.07693482565005422,0.0
5.76,0.25371122627665704,0.6683428325016809,0.07794594122166204,0.0
5.84,0.24954436546133163,0.6715215449443579,0.07893408959431047,0.0
5.92,0.24544594005425938,0.674654393476652,0.07989966646908861,0.0
6.000000000000073,0.24141485400052584,0.6777420923006827,0.08084305369879144,1.0
6.08,0.2565230559524371,0.6616662554988911,0.0818106885486718,1.0
6.16,0.27093503675444325,0.6462186067541489,0.08284635649140787,1.0
6.24,0.284678982505969,0.6313744212356257,0.08394659625840528,1.0
6.32,0.2977827019851277,0.6171092056788933,0.08510809233597905,1.0
6.4,0.31027286371775775,0.6033994672287276,0.08632766905351463,1.0
6.48,0.32217504286821236,0.5902226723237974,0.0876022848079902,1.0
6.56,0.3335137655128263,0.5775572078761086,0.08892902661106505,1.0
6.64,0.3443125477878046,0.5653823469443082,0.09030510526788715,1.0
6.72,0.3545939442575437,0.5536782063229593,0.09172784941949702,1.0
6.8,0.364379589789538,0.5424257098249239,0.09319470038553812,1.0
6.88,0.3736902390121134,0.531606553683004,0.09470320730488258,1.0
6.96,0.38254578584420923,0.5212031894234269,0.09625102473236385,1.0
7.04,0.38361799810175434,0.5185549148147136,0.09782708708353205,0.0
7.12,0.37731759555214367,0.5233052078039176,0.09937719664393868,0.0
7.2,0.3711206685198212,0.5279863103483481,0.10089302113183074,0.0
7.28,0.3650255170162504,0.5325993344813694,0.10237514850238016,0.0
7.36,0.3590304701133846,0.5371453732985259,0.10382415658808952,0.0
7.44,0.3531338838842824,0.5416255022993194,0.10524061381639821,0.0
7.52,0.3473341411038893,0.5460407795820931,0.1066250793140176,0.0
7.6,0.34162965112297267,0.5503922459258674,0.1079781029511599,0.0
7.68,0.3360188496910548,0.5546809249057504,0.10930022540319484,0.0
7.76,0.33050019796625524,0.5589078235377802,0.11059197849596453,0.0
7.84,0.3250721803020806,0.5630739337203073,0.11185388597761203,0.0
7.92,0.31973330579365333,0.5671802312269939,0.11308646297935276,0.0
8.0,0.31448211059240766,0.5712276741993423,0.11429021520825006,0.0
8.08,0.3093171555160466,0.575217204703232,0.11546563978072139,0.0
8.16,0.30423702558485893,0.5791497490308941,0.11661322538424695,0.0
8.24,0.2992403295580362,0.5830262180028868,0.11773345243907701,0.0
8.32,0.2943256994699892,0.5868475072700708,0.11882679325993994,0.0
8.4,0.28949179016666565,0.5906144976155839,0.11989371221775041,0.0
8.48,0.2847372788226768,0.5943280552693141,0.12093466590800911,0.0
8.56,0.2800608608911629,0.5979890345456382,0.12195010456319888,0.0
8.64,0.27546124738107514,0.6015982796166486,0.12294047300227628,0.0
8.72,0.2709371707956298,0.6051566206446323,0.12390620855973794,0.0
8.8,0.2664873941996878,0.6086648678768236,0.12484773792348858,0.0
8.88,0.26211070187589813,0.6121238177307224,0.12576548039337943,0.0
8.96,0.25780589072839893,0.6155342583925025,0.12665985087909853,0.0
9.04,0.2623478462167647,0.6101103363047765,0.12754181747845877,1.0
9.12,0.27521926653684015,0.5963069191877608,0.12847381427539906,1.0
9.2,0.28749386376652786,0.583042675858239,0.12946346037523315,1.0
9.28,0.2991964854562378,0.5702957209904482,0.130507793553314,1.0
9.36,0.310350974862572,0.5580450503926787,0.13160397474474927,1.0
9.44,0.32098017542936036,0.5462705370782713,0.1327492874923683,1.0
9.52,0.3311059739781011,0.5349528933950023,0.1339411326268966,1.0
9.6,0.3407493635391514,0.5240736159318363,0.13517702052901226,1.0
9.68,0.34993050234229267,0.5136149337933411,0.13645456386436622,1.0
9.76,0.3586687365266322,0.5035597886886839,0.13777147478468388,1.0
9.84,0.3669826495652661,0.49389179159419716,0.13912555884053673,1.0
9.92,0.37488998695029485,0.48459528878674274,0.1405147242629624,1.0
10.0,0.3824071708520872,0.4756558268548202,0.14193700229309258,0.0
10.08,0.37612665433354353,0.4805153247993036,0.14335802086715288,0.0
10.16,0.36994928668115745,0.4853055034493415,0.14474520986950112,0.0
10.24,0.36387337388195423,0.4900274719019151,0.14609915421613068,0.0
10.32,0.35789724968010395,0.4946823211628157,0.1474204291570803,0.0
10.4,0.35201927517287873,0.4992711244097369,0.1487096004173843,0.0
10.48,0.346237837360669,0.5037949379366028,0.14996722470272822,0.0
10.56,0.3405513491084682,0.5082548011786566,0.1511938497128752,0.0
10.64,0.33495825095486764,0.512651735534299,0.15239001351083337,0.0
10.72,0.3294570094504959,0.5169867454472205,0.15355624510228366,0.0
10.8,0.3240461166840904,0.5212608187150559,0.1546930646008537,0.0
10.88,0.3187240898183292,0.5254749267916816,0.15580098338998916,0.0
10.96,0.3134894706256635,0.5296300250895126,0.15688050428482386,0.0
11.04,0.3083408250241493,0.5337270532817997,0.15793212169405102,0.0
11.12,0.3032767426132791,0.5377669356049278,0.1589563217817931,0.0
11.2,0.29829583583983915,0.5417505814017245,0.15995358275843635,0.0
11.28,0.29339673812201883,0.5456788863433915,0.16092437553458971,0.0
11.36,0.28857810608462237,0.549552730973353,0.16186916294202464,0.0
11.44,0.28383861821147327,0.5533729815850426,0.16278840020348417,0.0
11.52,0.2791769741681789,0.5571404906629968,0.16368253516882436,0.0
11.6,0.2745918943271807,0.5608560971921774,0.1645520084806419,0.0
11.68,0.27008211929280546,0.5645206269672914,0.1653972537399031,0.0
11.76,0.2656464094263155,0.5681348929021112,0.16621869767157332,0.0
11.84,0.26128354437096,0.5716996953387954,0.1670167602902446,0.0
11.92,0.25699232271952976,0.5752158222644085,0.16779185501606175,0.0
12.000000000000167,0.2527716531007727,0.5786839669565326,0.16854437994269472,1.0
12.08,0.26491794368071714,0.5657679812594716,0.16931407505981128,1.0
12.16,0.2765041159324836,0.5533573979157493,0.17013848615176708,1.0
12.24,0.2875534665454471,0.5414317017300857,0.1710148317244672,1.0
12.32,0.29808834120371935,0.5299712114768816,0.171940447319399,1.0
12.4,0.30813016903511087,0.5189570500763748,0.1729127808885143,1.0
12.48,0.3176995006004977,0.5083711112843886,0.17392938811511371,1.0
12.56,0.32681604387982977,0.498196028138561,0.17498792798160923,1.0
12.64,0.3354986982390652,0.48841514317480195,0.17608615858613286,1.0
12.72,0.34376558359441267,0.4790124828545175,0.17722193355106985,1.0
12.8,0.35163407953136366,0.46997272326395323,0.1783931972046831,1.0
12.88,0.35912085781887687,0.4612811616043485,0.17959798057677462,1.0
12.96,0.36624191284038354,0.4529236895085191,0.18083439765109732,1.0
13.04,0.3666200053607172,0.45128701368034146,0.18209298095894128,0.0
13.12,0.3605987714890576,0.4560745574343702,0.1833266710765722,0.0
13.2,0.35467642814224665,0.46079528387987473,0.18452828797787857,0.0
13.28,0.34885135119170746,0.4654502573651985,0.18569839144309402,0.0
13.36,0.3431219432526434,0.47004052480517444,0.18683753194218217,0.0
13.44,0.3374866330783012,0.47456711607563395,0.18794625084606487,0.0
13.52,0.33194387517011437,0.479031044267309,0.1890250805625766,0.0
13.6,0.3264921494916226,0.4834333058721606,0.1900745446362168,0.0
13.68,0.3211299609865759,0.48777488109722833,0.19109515791619575,0.0
13.76,0.3158558390955707,0.4920567341794379,0.19208742672499135,0.0
13.84,0.3106683374778658,0.4962798135667877,0.19305184895534655,0.0
13.92,0.30556603349602945,0.5004450522539863,0.19398891424998427,0.0
14.0,0.30054752790481176,0.5045533679850954,0.1948991041100928,0.0
14.08,0.2956114444320806,0.5086056635264626,0.19578289204145677,0.0
14.16,0.29075642939215707,0.5126028269185539,0.19664074368928908,0.0
14.24,0.2859811513665643,0.5165457316838884,0.19747311694954728,0.0
14.32,0.28128430076525646,0.520435237112804,0.1982804621219395,0.0
14.4,0.2766645895320566,0.5242721884553133,0.1990632220126301,0.0
14.48,0.27212075076094705,0.5280574171710143,0.19982183206803866,0.0
14.56,0.2676515383396483,0.5317917411612285,0.2005567204991232,0.0
14.64,0.2632557266280187,0.5354759649784663,0.201268308393515,0.0
14.72,0.2589321101292276,0.5391108800405968,0.20195700983017556,0.0
14.8,0.254679503152578,0.5426972648504561,0.2026232319969659,0.0
14.88,0.2504967394456478,0.5462358852354349,0.2032673753189173,0.0
14.96,0.24638267193250063,0.5497274945179933,0.20388983354950607,0.0
15.04,0.25017856121336274,0.5453210105722011,0.2045004282144362,1.0
15.12,0.26143161776262286,0.5334133837019253,0.20515499853545188,1.0
15.2,0.2721673871316365,0.5219721844973345,0.20586042837102897,1.0
15.28,0.2824073758056295,0.5109784759127514,0.20661414828161911,1.0
15.36,0.292172207974087,0.500414094957617,0.207413697068296,1.0
15.44,0.30148166914608976,0.4902616144536312,0.2082567164002791,1.0
15.52,0.31035473381133594,0.48050431878067607,0.20914094740798794,1.0
15.6,0.3188095917317877,0.47112618082312024,0.21006422744509212,1.0
15.68,0.32686369334961174,0.46211182215520696,0.2110244844951813,1.0
15.76,0.3345337675778441,0.4534464974406664,0.21201973498148946,1.0
15.84,0.34183586218702083,0.44511605902087403,0.21304807879210513,1.0
15.92,0.3487853626374235,0.4371069404010025,0.214107696961574,1.0
16.0,0.3553969579321712,0.4294061937382095,0.21519684832961938,0.0
16.08,0.34956063131495135,0.43415474080342925,0.21628462788161945,0.0
16.16,0.3438195746353246,0.43883880696166216,0.2173416184030132,0.0
16.24,0.3381728066440438,0.4434588315681564,0.21836836178779973,0.0
16.32,0.33261877884699004,0.44801583033816106,0.2193653908148489,0.0
16.4,0.3271559687052584,0.4525108020648703,0.2203332292298713,0.0
16.48,0.32178287777520054,0.4569447298315631,0.22127239239323637,0.0
16.56,0.31649803250649094,0.46131858049113134,0.22218338700237777,0.0
16.64,0.311299983671136,0.46563330503815176,0.2230667112907122,0.0
16.72,0.3061873056529969,0.46988983907162407,0.22392285527537903,0.0
16.8,0.30115859458207406,0.4740891040101499,0.22475230140777602,0.0
16.88,0.29621246912575927,0.4782320065765744,0.22555552429766634,0.0
16.96,0.2913475730649136,0.4823194371201377,0.2263329898149487,0.0
17.04,0.2865625730140469,0.48635227110135687,0.22708515588459627,0.0
17.12,0.28185615799463426,0.4903313693699279,0.2278124726354379,0.0
17.2,0.27722703900863793,0.4942575784424933,0.22851538254886877,0.0
17.28,0.27267394861202626,0.4981317307804117,0.22919432060756212,0.0
17.36,0.2681956404882957,0.5019546450675257,0.22984971444417857,0.0
17.44,0.2637908890217707,0.5057271264880744,0.2304819844901549,0.0
17.52,0.25945848622335915,0.509449968729058,0.23109154504758284,0.0
17.6,0.25519723847699927,0.5131239560993938,0.23167880542360697,0.0
17.68,0.2510059711232097,0.516749860544506,0.23224416833228428,0.0
17.76,0.2468835376076031,0.5203284356876987,0.2327880267046982,0.0
17.84,0.24282881147595847,0.5238604220439611,0.23331076648008042,0.0
17.92,0.23884067983524457,0.5273465512788982,0.23381276888585725,0.0
18.0000000000002,0.23491813705974915,0.5307874640582148,0.2342943988820361,1.0
18.08,0.24601230189459833,0.5191955687584247,0.23479212934697702,1.0
18.16,0.25660070040591715,0.5080588750453708,0.235340424548712,1.0
18.24,0.2667042655055902,0.4973589661494219,0.23593676834498795,1.0
18.32,0.27634315135818055,0.487078098168998,0.2365787504728215,1.0
18.4,0.28553667091624113,0.47719926519196404,0.23726406389179477,1.0
18.48,0.2943033386558375,0.4677061618243042,0.23799049951985835,1.0
18.56,0.30266092023418206,0.4585831396480684,0.23875594011774953,1.0
18.64,0.3106264630159521,0.44981518045633967,0.23955835652770818,1.0
18.72,0.3182163337395302,0.44138786322691714,0.24039580303355268,1.0
18.8,0.3254462387881787,0.43328734634694355,0.24126641486487777,1.0
18.88,0.332331184438154,0.42550040246455295,0.24216841309729298,1.0
18.96,0.3388855986980963,0.4180143115280435,0.24310008977386022,1.0
19.04,0.33922184074505835,0.4167254091389196,0.244052750116022,0.0
19.12,0.33365058438266043,0.42136646541260026,0.2449829502047393,0.0
19.2,0.32817082828095023,0.42594510695745397,0.24588406476159574,0.0
19.28,0.32278106961233555,0.4304623202806624,0.24675661010700212,0.0
19.36,0.3174798303782083,0.4349190756995233,0.2476010939222683,0.0
19.44,0.31226565690840874,0.4393163276674584,0.24841801542413294,0.0
19.52,0.30713711924070436,0.4436550151781712,0.24920786558112445,0.0
19.6,0.302092810855676,0.44793606193831487,0.24997112720600917,0.0
19.68,0.297131348243202,0.45216037664985,0.25070827510694804,0.0
19.76,0.29225137090651215,0.4563288530074256,0.2514197760860622,0.0
19.84,0.28745154057632144,0.46044237021020984,0.2521060892134687,0.0
19.92,0.2827305408591701,0.46450179319093604,0.2527676659498938,0.0
20.0,0.2780870771250141,0.46850797268914224,0.25340495018584364,0.0
20.08,0.2735198759779288,0.47246174559590043,0.2540183784261708,0.0
20.16,0.2690276848577541,0.47636393521327325,0.2546083799289727,0.0
20.24,0.2646092718512666,0.4802153513773258,0.25517537677140767,0.0
20.32,0.2602634252826631,0.4840167907248503,0.2557197839924866,0.0
20.4,0.2559889533091885,0.48776903695673984,0.2562420097340717,0.0
20.48,0.2517846836843024,0.49147286099226234,0.2567424553234353,0.0
20.56,0.2476494634898922,0.4951290211434918,0.257221515366616,0.0
20.64,0.2435821586436424,0.4987382634361554,0.25767957792020213,0.0
20.72,0.23958165369216278,0.5023013217443971,0.2581170245634401,0.0
20.8,0.2356468515675926,0.505818917949325,0.25853423048308244,0.0
20.88,0.23177667321314102,0.5092917621829061,0.25893156460395295,0.0
20.96,0.22797005727805936,0.5127205530266491,0.25930938969529155,0.0
21.04,0.23154244037899427,0.5087806940779104,0.2596768655430953,1.0
21.12,0.2420746311524161,0.49783928350261303,0.2600860853449708,1.0
21.2,0.2521283737184698,0.48732813683744897,0.2605434894440813,1.0
21.28,0.26172353115845154,0.4772297712162806,0.26104669762526794,1.0
21.36,0.27087916535711054,0.467527406640105,0.2615934280027845,1.0
21.44,0.2796135423912661,0.4582049612522713,0.2621814963564626,1.0
21.52,0.2879441611763459,0.4492470262208032,0.2628088126028508,1.0
21.6,0.29588780083880656,0.4406388242010949,0.26347337496009854,1.0
21.68,0.3034605763392197,0.432366160563586,0.2641732630971943,1.0
21.76,0.31067795200202986,0.42441541153209283,0.2649066364658773,1.0
21.84,0.31755478621053773,0.4167734849940917,0.26567172879537054,1.0
21.92,0.3241052856546513,0.40942786061541625,0.26646685372993245,1.0
22.0,0.33034301369452895,0.40236658812886905,0.267290398176602,0.0
22.08,0.3249176180309202,0.4069689660751908,0.2681134158938891,0.0
22.16,0.31958128902317684,0.41151037000691815,0.268908340969905,0.0
22.24,0.3143326018827666,0.4159917225547352,0.2696756755624982,0.0
22.32,0.3091701172480128,0.42041396931605346,0.27041591343593374,0.0
22.4,0.30409241947578103,0.42477804042032297,0.271129540103896,0.0
22.48,0.29909811605280123,0.4290848509124596,0.27181703303473914,0.0
22.56,0.29418583728282066,0.43333530095660594,0.27247886176057345,0.0
22.64,0.28935423591418563,0.4375302760787012,0.27311548800711316,0.0
22.72,0.28460198703543127,0.44167064723450417,0.2737273657300645,0.0
22.8,0.27992778737347496,0.4457572712666856,0.2743149413598395,0.0
22.88,0.275330355027266,0.44979099107832005,0.274878653894414,0.0
22.96,0.27080842925909143,0.453772635768833,0.2754189349720756,0.0
23.04,0.2663607699588838,0.4577030209828997,0.2759362090582165,0.0
23.12,0.26198615738080105,0.461582949082035,0.27643089353716394,0.0
23.2,0.2576833918717877,0.46541320932140473,0.2769033988068076,0.0
23.28,0.2534512934170119,0.46919457814588783,0.2773541284371003,0.0
23.36,0.24928870139648693,0.4729278193486163,0.27778347925489677,0.0
23.44,0.24519447429417038,0.4766136842604608,0.2781918414453688,0.0
23.52,0.2411674892826951,0.4802529120205051,0.2785795986967999,0.0
23.6,0.2372066419884259,0.4838462297290915,0.2789471282824826,0.0
23.68,0.23331084620777012,0.4873943526326125,0.27929480115961736,0.0
23.76,0.22947903356643948,0.49089798434544907,0.2796229820881114,0.0
23.84,0.2257101532225501,0.4943578170433637,0.27993202973408626,0.0
23.92,0.22200317159572924,0.49777453163995766,0.2802222967643131,0.0
24.000000000000266,0.21835717247708464,0.5011486976266151,0.2804941298963003,1.0
24.08,0.22888988051257647,0.49032817840971477,0.28078194107770876,1.0
24.16,0.2389478926907045,0.4799338188446733,0.28111828846462217,1.0
24.24,0.24855052365981528,0.4699486695596965,0.2815008067804882,1.0
24.32,0.25771666992669656,0.46035610036421293,0.2819272297090905,1.0
24.4,0.26646445306441086,0.45114016087723086,0.2823953860583583,1.0
24.48,0.274811252112423,0.4422855521184415,0.28290319576913553,1.0
24.56,0.28277373390049,0.4337775999197066,0.28344866617980335,1.0
24.64,0.2903678821907148,0.425602229372711,0.2840298884365741,1.0
24.72,0.2976090233704514,0.4177459423006558,0.2846450343288928,1.0
24.8,0.30451185448563295,0.41019579267798567,0.2852923528363814,1.0
24.88,0.3110904757716939,0.40293935810685766,0.28597016612144843,1.0
24.96,0.3173584163991179,0.3959647172430106,0.2866768663578716,1.0
25.04,0.3177387888366008,0.39485701896392156,0.28740419219947766,0.0
25.12,0.3125203623970465,0.3993685856823705,0.28811105192058295,0.0
25.2,0.3073876425160338,0.4038212299782133,0.28879112750575286,0.0
25.28,0.3023392203883245,0.40821587791978825,0.2894449016918873,0.0
25.36,0.2973737108584108,0.41255344015120027,0.2900728489903889,0.0
25.44,0.2924897513001306,0.4168348126213585,0.2906754360785108,0.0
25.52,0.2876860028226421,0.4210608757982797,0.2912531213790782,0.0
25.6,0.2829611510480299,0.42523249416252246,0.2918063547894476,0.0
25.68,0.2783138992611236,0.4293505206717695,0.2923355800671069,0.0
25.76,0.2737429717284435,0.43341579459764146,0.29284123367391507,0.0
25.84,0.2692471160398464,0.43742913999944727,0.2933237439607064,0.0
25.92,0.26482509860148584,0.44139136866049183,0.2937835327380224,0.0
26.0,0.26047570626403316,0.44530327902752814,0.29422101470843864,0.0
26.08,0.2561977477894107,0.4491656552553936,0.2946365969551958,0.0
26.16,0.25199004805546243,0.4529792709818565,0.29503068096268104,0.0
26.24,0.24785145392598876,0.45674488550410336,0.29540366056990786,0.0
26.32,0.2437808310320787,0.46046324587525794,0.2957559230926633,0.0
26.4,0.23977705916393746,0.46413508990605545,0.2960878509300071,0.0
26.48,0.23583903844490314,0.46776114214322556,0.2963998194118713,0.0
26.56,0.23196568967992268,0.4713421136424975,0.29669219667757973,0.0
26.64,0.22815595204409267,0.4748787034742261,0.2969653444816812,0.0
26.72,0.22440878269897288,0.47837159897331094,0.29721961832771615,0.0
26.8,0.220723156408897,0.4818214759891175,0.2974553676019855,0.0
26.88,0.21709806515728575,0.48522899913539635,0.29767293570731784,0.0
26.96,0.21353251776295776,0.4885948220402042,0.297872660196838,0.0
27.04,0.21699817027942436,0.4849385703109175,0.29806325940965817,1.0
27.12,0.22709886511766672,0.4746067465442141,0.29829438833811917,1.0
27.2,0.23674523693410193,0.4646825735573827,0.29857218950851533,1.0
27.28,0.24595612085332008,0.4551494789686028,0.2988944001780771,1.0
27.36,0.25474958016520977,0.4459915674633408,0.29925885237144945,1.0
27.44,0.26314293806727007,0.4371935929623827,0.29966346897034724,1.0
27.52,0.27115280779519124,0.42874093220295695,0.3001062600018518,1.0
27.6,0.27879511911500654,0.4206195615098415,0.300585319375152,1.0
27.68,0.28608515008273516,0.4128160289482093,0.3010988209690556,1.0
27.76,0.2930375559328124,0.40531742899380224,0.3016450150733854,1.0
27.84,0.2996663955848979,0.39811137929118584,0.3022222251239162,1.0
27.92,0.3059851510591047,0.3911860036295253,0.30282884531136994,1.0
28.0,0.31200655606595706,0.3845300881988991,0.3034633557351438,0.0
28.08,0.3068823635481722,0.3890195731752904,0.30409806327653743,0.0
28.16,0.3018422390089479,0.393451124672298,0.30470663631875405,0.0
28.24,0.2968848916173694,0.3978255603652891,0.30528954801734143,0.0
28.32,0.2920089619278741,0.40214377446236677,0.30584726360975906,0.0
28.4,0.2872131127785543,0.4064066466362247,0.30638024058522095,0.0
28.48,0.2824960289121588,0.41061504227100887,0.30688892881683233,0.0
28.56,0.2778564167006613,0.41476981264172375,0.30737377065761495,0.0
28.64,0.2732930038044851,0.4188717951362003,0.30783520105931456,0.0
28.72,0.26880453872985155,0.4229218135434176,0.3082736477267308,0.0
28.8,0.2643897905824058,0.426920678213991,0.30868953120360326,0.0
28.88,0.2600475486500858,0.43086918633186794,0.30908326501804634,0.0
28.96,0.2557766221265132,0.434768122094512,0.3094552557789748,0.0
29.04,0.25157583974984216,0.438618256948141,0.3098059033020169,0.0
29.12,0.2474440494937218,0.44242034978902933,0.3101356007172489,0.0
29.2,0.24338011826620284,0.4461751471596362,0.3104447345741609,0.0
29.28,0.23938293156307291,0.4498833834744108,0.3107336849625163,0.0
29.36,0.23545139320880665,0.45354578118854244,0.31100282560265097,0.0
29.44,0.23158442501110876,0.45716305102297855,0.31125252396591274,0.0
29.52,0.22778096648345939,0.46073589214516,0.31148314137138067,0.0
29.6,0.224039974568296,0.464264992349342,0.31169503308236196,0.0
29.68,0.22036042335285677,0.46775102824169346,0.3118885484054498,0.0
29.76,0.21674130375631448,0.4711946654440921,0.31206403079959333,0.0
29.84,0.21318162326352355,0.474596558767565,0.31222181796891146,0.0
29.92,0.20968040567541232,0.47795735237489023,0.3123622419496974,0.0
30.000000000000334,0.2062367172063106,0.48127766001576566,0.31248562277792374,1.0
30.08,0.21641009015039658,0.47096489261204777,0.31262501723755565,1.0
30.16,0.22612854721746822,0.4610597653250067,0.3128116874575251,1.0
30.24,0.23541087495088686,0.4515457589980034,0.3130433660511097,1.0
30.32,0.24427514888552815,0.4424069708661504,0.3133178802483214,1.0
30.4,0.2527387035558908,0.43362814817521,0.3136331482688992,1.0
30.48,0.2608181632882032,0.4251946611828423,0.3139871755289545,1.0
30.56,0.26852947108603653,0.4170924778313768,0.31437805108258665,1.0
30.64,0.27588791668501594,0.4093081391490681,0.314803944165916,1.0
30.72,0.28290816333801566,0.4018287357644117,0.31526310089757265,1.0
30.8,0.2896042734847108,0.39464188539858785,0.3157538411167014,1.0
30.88,0.2959897329504242,0.3877357116473464,0.3162745554022295,1.0
30.96,0.30207747473464025,0.38109882312266946,0.31682370214269023,1.0
31.04,0.3024998560468303,0.38010680902330596,0.31739333492986377,0.0
31.12,0.29753170822983377,0.38452439204728667,0.3179438997228795,0.0
31.2,0.2926451554389793,0.3888855370293842,0.3184693075316365,0.0
31.28,0.28783885758877165,0.3931911258283718,0.31897001658285656,0.0
31.36,0.28311149668105945,0.3974420258947008,0.31944647742423976,0.0
31.44,0.27846177628750607,0.40163909060760117,0.31989913310489276,0.0
31.52,0.27388842121837786,0.4057831594908171,0.320328419290805,0.0
31.6,0.2693901772316792,0.40987505840207095,0.32073476436624987,0.0
31.68,0.26496581079075915,0.41391559969095654,0.32111858951828437,0.0
31.76,0.26061410852078637,0.4179055825529637,0.32148030892625,0.0
31.84,0.2563338770264124,0.42184579314826237,0.32182032982532516,0.0
31.92,0.25212394250629727,0.42573700485278526,0.3221390526409174,0.0
32.0,0.2479831504101685,0.4295799784816108,0.3224368711082207,0.0
32.08,0.24391036519085738,0.4333754624504954,0.3227141723586472,0.0
32.16,0.23990446991426745,0.43712419302992095,0.32297133705581155,0.0
32.24,0.23596436600152376,0.4408268945130661,0.3232087394854101,0.0
32.32,0.232088972934885,0.4444842794073746,0.3234267476577403,0.0
32.4,0.2282772279045902,0.4480970486645886,0.32362572343082124,0.0
32.48,0.22452808558983597,0.4516658918234343,0.32380602258672975,0.0
32.56,0.22084051782716307,0.4551914872256278,0.3239679949472092,0.0
32.64,0.21721351333316885,0.45867450219650335,0.32411198447032785,0.0
32.72,0.21364607743473027,0.46211559322075124,0.32423832934451846,0.0
32.8,0.21013723180958416,0.46551540611141035,0.32434736207900544,0.0
32.88,0.20668601420456245,0.4688745761934126,0.324439409602025,0.0
32.96,0.20329147814152548,0.472193728495137,0.32451479336333755,0.0
33.04,0.20669216934737572,0.4687258942002676,0.3245819364523566,1.0
33.12,0.21650622431176605,0.4588049522625958,0.3246888234256381,1.0
33.2,0.22588214897975767,0.44927645582896,0.3248413951912824,1.0
33.28,0.23483808820195426,0.4401244440792057,0.32503746771884,1.0
33.36,0.24339144340664035,0.43133360831004286,0.3252749482833168,1.0
33.44,0.25155890316550966,0.4228892651348881,0.3255518316996022,1.0
33.52,0.25935647215076524,0.41477733109407267,0.3258661967551621,1.0
33.6,0.2667994966952592,0.40698430024332455,0.32621620306141624,1.0
33.68,0.2739026957135578,0.39949721704207564,0.32660008724436657,1.0
33.76,0.280680188182524,0.3923036522582006,0.3270161595592754,1.0
33.84,0.2871455187489241,0.38539168051488004,0.3274628007361959,1.0
33.92,0.2933116750473556,0.3787498651054095,0.32793845984723485,1.0
34.0,0.2991901963756298,0.37236810142469595,0.32844170219967417,0.0
34.08,0.29427651823811446,0.37677783984344193,0.3289456419184436,0.0
34.16,0.28944342775005494,0.3811317589137281,0.329424813336217,0.0
34.24,0.2846897139089623,0.385430616578532,0.32987966951250575,0.0
34.32,0.280014073003457,0.38967527120098017,0.3303106557955629,0.0
34.4,0.2754152234540563,0.3938665667056835,0.3307182098402602,0.0
34.48,0.27089190372605965,0.39800533393952575,0.3311027623344146,0.0
34.56,0.26644287336287376,0.40209238999756386,0.33146473663956233,0.0
34.64,0.2620669122912746,0.40612853867578497,0.3318045490329405,0.0
34.72,0.2577628203531362,0.41011457077614627,0.3321226088707176,0.0
34.8,0.25352941659247685,0.4140512645709942,0.332419318836529,0.0
34.88,0.249365537423094,0.4179393869966636,0.33269507558024236,0.0
34.96,0.24527004078418807,0.4217796909465086,0.33295026826930335,0.0
35.04,0.24124180404751377,0.42557291663417446,0.3331852793183118,0.0
35.12,0.2372797234735034,0.4293197919478711,0.33340048457862553,0.0
35.2,0.23338271385253373,0.43302103268404524,0.33359625346342103,0.0
35.28,0.22954970814619477,0.43667734278105025,0.333772949072755,0.0
35.36,0.225779657128555,0.44028941455281995,0.33393092831862503,0.0
35.44,0.22207152902743038,0.4438579289225387,0.3340705420500309,0.0
35.52,0.2184243081476623,0.4473835563194638,0.33419213553287386,0.0
35.6,0.21483699056179761,0.45086695948613403,0.3342960499520683,0.0
35.68,0.211308586508964,0.45430879191567414,0.3343826215753619,0.0
35.76,0.207838128989926,0.45770969225293023,0.3344521787571437,0.0
35.84,0.2044246698902686,0.46107028681987255,0.33450504328985875,0.0
35.92,0.20106727373489292,0.4643911936838981,0.33454153258120906,0.0
36.00000000000067,0.1977650366676989,0.46767300393299516,0.33456195939930594,1.0
36.08,0.20769502955550587,0.4577065401431194,0.3345984303013747,1.0
36.16,0.21718375747821528,0.4481349114701039,0.33468133105168085,1.0
36.24,0.22624945144699224,0.43894208776029203,0.33480846079271565,1.0
36.32,0.23490962803862261,0.4301126615832211,0.33497771037815627,1.0
36.4,0.24318108626321835,0.421631854940557,0.3351870587962247,1.0
36.48,0.2510799367295565,0.41348549369383364,0.33543456957660983,1.0
36.56,0.2586216297497651,0.40565998292208655,0.3357183873281483,1.0
36.64,0.2658209827974854,0.39814228284633374,0.3360367343561809,1.0
36.72,0.27269220638270775,0.3909198861422399,0.33638790747505243,1.0
36.8,0.27924892853144917,0.3839807964759786,0.3367702749925722,1.0
36.88,0.28550421902021156,0.3773135072550831,0.3371822737247054,1.0
36.96,0.291470614709616,0.3709069794031193,0.3376224058872648,1.0
37.04,0.29192263253219375,0.36999437995951845,0.3380829875082878,0.0
37.12,0.2871282013418554,0.3743463783879979,0.3385254202701467,0.0
37.2,0.2824125126026471,0.3786436633577714,0.33894382403958145,0.0
37.28,0.2777742722070417,0.3828870871612985,0.3393386406316598,0.0
37.36,0.2732122076916632,0.38707748796959435,0.3397103043387424,0.0
37.44,0.26872506829713216,0.3912156897929537,0.3400592419099141,0.0
37.52,0.2643116250717226,0.39530250241371184,0.3403858725145656,0.0
37.6,0.2599706665049445,0.39933872423276695,0.34069060926228856,0.0
37.68,0.25570100242180355,0.40332513973073086,0.34097385784746553,0.0
37.76,0.25150146172024923,0.4072625209420983,0.3412360173376524,0.0
37.84,0.24737089262891315,0.41115162728747834,0.3414774800836085,0.0
37.92,0.24330816278388678,0.41499320552358576,0.34169863169252745,0.0
38.0,0.23931215742365283,0.41878799091905206,0.3418998516572951,0.0
38.08,0.23538178097007278,0.4225367062245848,0.3420815128053424,0.0
38.16,0.2315159521948868,0.42624006482155996,0.34224398298355324,0.0
38.24,0.22771361001828014,0.42989876694475865,0.34238762303696113,0.0
38.32,0.2239737122952303,0.4335135004729501,0.34251278723181955,0.0
38.4,0.22029523454457173,0.4370849417567908,0.34261982369863747,0.0
38.48,0.2166771695971427,0.4406137558480194,0.3427090745548379,0.0
38.56,0.21311852724393057,0.4441005967286544,0.342780876027415,0.0
38.64,0.2096183338842186,0.44754610754018936,0.342835558575592,0.0
38.72,0.20617563217372994,0.45095092081279137,0.34287344701347877,0.0
38.8,0.20278947966575783,0.45431565935051266,0.3428948609837295,0.0
38.88,0.19945894349366655,0.45764093969533237,0.3429001168110011,0.0
38.96,0.19618310291867666,0.4609273704674277,0.3428895266138956,0.0
39.04,0.19954043479291536,0.4575882550572236,0.34287131014986094,1.0
39.12,0.2091587469191952,0.44794894877178715,0.3428923043090176,1.0
39.2,0.2183500174402401,0.43869167078936167,0.34295831177039826,1.0
39.28,0.22713191574452551,0.42980088153910445,0.34306720271637003,1.0
39.36,0.23552138882610313,0.4212616751032363,0.34321693607066056,1.0
39.44,0.24353469406194084,0.41305975047800436,0.3434055554600548,1.0
39.52,0.2511874183030488,0.40518139483428106,0.34363118686267013,1.0
39.6,0.2584945119702332,0.3976134536224858,0.343892034407281,1.0
39.68,0.26547031118824854,0.3903433111649803,0.3441863776467711,1.0
39.76,0.27212856617760867,0.38335886576205386,0.3445125680603374,1.0
39.84,0.27848246238735314,0.37664851116224285,0.344869026450404,1.0
39.92,0.2845446461808241,0.37020111404104356,0.3452542397781324,1.0
40.0,0.2903264664664326,0.36400672512594673,0.3456668084076207,0.0
40.08,0.2855584362836491,0.3683611144519345,0.3460804492644164,0.0
40.16,0.2808685284065278,0.3726612052629464,0.34647026633052586,0.0
40.24,0.276255645606592,0.3769076557381562,0.3468366986552518,0.0
40.32,0.27171852277875186,0.3811012994098159,0.3471801778114322,0.0
40.4,0.2672559163324355,0.3852429557727534,0.347501127894811,0.0
40.48,0.26286660209963636,0.3893334316484285,0.34779996625193516,0.0
40.56,0.2585493763815708,0.39337352050209284,0.3480771031163364,0.0
40.64,0.2543030552385057,0.3973640029056063,0.34833294185588803,0.0
40.72,0.2501264740705888,0.4013056468105052,0.348567879118906,0.0
40.8,0.2460184870221203,0.4051992079360683,0.34878230504181146,0.0
40.88,0.24197796493068427,0.40904543110528074,0.34897660396403507,0.0
40.96,0.23800379947671482,0.41284504754174794,0.3491511529815372,0.0
41.04,0.23409490126857144,0.41659877611709706,0.3493063226143315,0.0
41.12,0.230250199248186,0.42030732373813934,0.3494424770136746,0.0
41.2,0.2264686403429904,0.423971385573603,0.34955997408340667,0.0
41.28,0.22274918911784589,0.42759164528086396,0.3496591656012902,0.0
41.36,0.21909082742696923,0.4311687752326805,0.3497403973403503,0.0
41.44,0.2154925540658622,0.4347034367439236,0.34980400919021426,0.0
41.52,0.21195338358699264,0.43819628084308193,0.3498503355699254,0.0
41.6,0.2084723420097205,0.4416479510670069,0.34987970692327264,0.0
41.68,0.20504846883575925,0.44505908214794443,0.34989244901629635,0.0
41.76,0.20168082532926673,0.4484302946197088,0.34988888005102453,0.0
41.84,0.1983684915156506,0.4517621967727484,0.34986931171160096,0.0
41.92,0.1951105594819764,0.455055389018335,0.3498340514996886,0.0
42.00000000000047,0.19190615362371263,0.45831044405551,0.3497834023207773,1.0
42.08,0.20166908851531962,0.4485820864365298,0.34974882504815064,1.0
42.16,0.2110001757956347,0.43923972594068056,0.3497600982636847,1.0
42.24,0.21991722828479232,0.43026770501339145,0.3498150667018163,1.0
42.32,0.22843737500629233,0.4216509596433424,0.3499116653503652,1.0
42.4,0.23657704783091282,0.4133750373304504,0.35004791483863684,1.0
42.48,0.24435200697776036,0.4054260747265937,0.350221918295646,1.0
42.56,0.2517773622734534,0.397790778995317,0.3504318587312296,1.0
42.64,0.2588676082526688,0.390456397035801,0.35067599471153016,1.0
42.72,0.265636642648081,0.3834106992704616,0.3509526580814574,1.0
42.8,0.2720977961495196,0.3766419535521293,0.3512602502983511,1.0
42.88,0.2782638513085635,0.3701389085879945,0.351597240103442,1.0
42.96,0.28414706819960034,0.36389077144034526,0.35196216036005445,1.0
43.04,0.284619327117638,0.3630332173474815,0.3523474555348805,0.0
43.12,0.27994484263882446,0.36733987210305474,0.3527152852581208,0.0
43.2,0.2753471301369168,0.37159300489723557,0.3530598649658476,0.0
43.28,0.2708249288263711,0.37579344657925484,0.35338162459437406,0.0
43.36,0.2663769985085424,0.3799420145654688,0.35368098692598876,0.0
43.44,0.2620021192397894,0.3840395130553978,0.35395836770481287,0.0
43.52,0.2576990898092281,0.3880867340233691,0.35421417616740275,0.0
43.6,0.253466729693168,0.3920844559453656,0.3544488143614664,0.0
43.68,0.2493038783641429,0.3960334442491267,0.3546626773867304,0.0
43.76,0.24520939463552946,0.39993445174106357,0.35485615362340694,0.0
43.84,0.24118215631324583,0.40378821883314076,0.35502962485361345,0.0
43.92,0.23722105984745184,0.4075954737697549,0.35518346638279324,0.0
44.0,0.2333250199842459,0.4113569328546167,0.35531804716113735,0.0
44.08,0.22949296941736527,0.41507330067763004,0.35543372990500466,0.0
44.16,0.22572385843925838,0.4187452703421807,0.355530871218561,0.0
44.24,0.22201665359803718,0.42237352434033654,0.3556098220616262,0.0
44.32,0.2183703379408887,0.4259587343940824,0.35567092766502895,0.0
44.4,0.21478391163681063,0.4295015610493337,0.35571452731385567,0.0
44.48,0.2112563909312998,0.4330026543570884,0.3557409547116118,0.0
44.56,0.20778680778999126,0.4364626541055608,0.355750538104448,0.0
44.64,0.20437420954229849,0.4398821900523129,0.35574360040538866,0.0
44.72,0.2010176585250511,0.44326188215638973,0.35572045931855917,0.0
44.8,0.19771623172613534,0.44660234081045097,0.35568142746341375,0.0
44.88,0.1944690204281328,0.4499041670729045,0.3556268124989627,0.0
44.96,0.19127513203530874,0.45316795147805733,0.3555569164866339,0.0
45.04,0.19460221212300674,0.44991797229021957,0.35547981558677366,1.0
45.12,0.2040859307847752,0.4404725100382228,0.35544155917700204,1.0
45.2,0.21315023541904207,0.43140190939168777,0.35544785518927013,1.0
45.28,0.22181247269980592,0.4226909167442071,0.35549661055598697,1.0
45.36,0.23008927881370694,0.4143249016840723,0.35558581950222073,1.0
45.44,0.23799660839807288,0.4062898316214667,0.3557135599804604,1.0
45.52,0.24554976065439968,0.3985722488920839,0.3558779904535163,1.0
45.6,0.25276340923398044,0.3911592445535359,0.35607734621248366,1.0
45.68,0.25965162919173446,0.3840384347521981,0.3563099360560674,1.0
45.76,0.2662279224543354,0.3771979383926384,0.3565741391530262,1.0
45.84,0.27250523454408093,0.37062636247352804,0.3568684029823911,1.0
45.92,0.27849597281432875,0.36431278609831313,0.35719124108735817,1.0
46.0,0.2842117887418546,0.35824697155342483,0.3575412397047205,0.0
46.08,0.27954399771774,0.3625633924555949,0.3578926098266651,0.0
46.16,0.27495286857854523,0.3668263236661827,0.35822080775527215,0.0
46.24,0.27043714242362776,0.371036594841531,0.3585262627348412,0.0
46.32,0.2659955808935938,0.3751950223104165,0.3588093967959896,0.0
46.4,0.261626966034319,0.3793024090866129,0.35907062487906816,0.0
46.48,0.2573300997913451,0.3833595451982403,0.3593103550104146,0.0
46.56,0.2531038037412826,0.38736720786272355,0.3595289883959939,0.0
46.64,0.24894691877341718,0.3913261616941953,0.3597269195323875,0.0
46.72,0.24485830499577663,0.3952371587647021,0.35990453623952123,0.0
46.8,0.24083684113096893,0.39910093899773574,0.3600622198712953,0.0
46.88,0.23688142429285222,0.40291823031372204,0.3602003453934258,0.0
