99.12169071
