99.12185017
