99.12183209
