bound,free,lytic,translocate,Time
0.0,1.0,0.0,0.0,0.0
0.0005794232166861958,0.9994201681662459,1.8519130882391067e-11,4.0859855432410926e-07,0.01
0.0011576940467497273,0.9988406725381006,1.4272797845260898e-10,1.6332724321531019e-06,0.02
0.0017348143090915643,0.9982615129207344,4.786746823114023e-10,3.672291506539555e-06,0.03
0.002310785826792658,0.9976826891185379,1.1325312294152717e-09,6.523922137157471e-06,0.04
0.002885610413702537,0.9971042009367334,2.2098688904047955e-09,1.018643968558042e-05,0.05
0.003459289880316578,0.996526048180722,3.815992146984197e-09,1.4658122954265145e-05,0.06
0.004031826033899046,0.9959482306560696,6.055945723305381e-09,1.9937254067253885e-05,0.07
0.004603220679330901,0.9953707481684273,9.034568107437187e-09,2.602211765293164e-05,0.08
0.005173475619046522,0.9947936005235388,1.2856487990671953e-08,3.291100090403025e-05,0.09
0.005742592651463557,0.9942167875273978,1.7626028540815764e-08,4.060219508702225e-05,0.1
0.006310573574771134,0.993640308985867,2.344743802748091e-08,4.909399190117926e-05,0.11
0.006877420184623392,0.9930641647049099,3.042474943341649e-08,5.838468569532295e-05,0.12
0.0074431342730148535,0.9924883544907057,3.866171302983456e-08,6.84725745408964e-05,0.13
0.008007717625925654,0.9919128781498885,4.8261654532857026e-08,7.935596248386472e-05,0.14
0.008571172033119828,0.9913377354885521,5.932806531885609e-08,9.103315017448786e-05,0.15
0.009133499279810147,0.9907629263130965,7.196410034285039e-08,0.00010350244283834148,0.16
0.009694701147266456,0.9901884504301715,8.62726153464253e-08,0.00011676214970426609,0.17
0.010254779411488259,0.9896143076468156,1.0235608735533709e-07,0.0001308105852816328,0.18
0.01081373585092984,0.9890404977696469,1.2031707735941434e-07,0.00014564606192704412,0.19
0.011371572239562986,0.9884670206055896,1.4025781481876105e-07,0.00016126689651955282,0.2
0.011928290348132302,0.9878938759617487,1.622802759295638e-07,0.00017767140923709263,0.21
0.012483891943926132,0.9873210636454361,1.8648617096503157e-07,0.00019485792377152178,0.22
0.013038378793247494,0.9867485834638894,2.129770808093016e-07,0.00021282476500927806,0.23
0.013591752659088128,0.986176435224536,2.4185432843578785e-07,0.00023157026121461695,0.24
0.014144015301958645,0.9856046187349117,2.7321903059841394e-07,0.00025109274322262056,0.25
0.014695168479882958,0.98503313380266,3.071720973395513e-07,0.00027139054444529634,0.26
0.015245213947888279,0.9844619802355558,3.43814186824226e-07,0.0002924620014313743,0.27
0.015794153458514086,0.9838911578414818,3.8324575041341003e-07,0.0003143054533076562,0.28
0.016341988762391395,0.9833206664283843,4.25567072614742e-07,0.0003369192412111796,0.29
0.016888721607759068,0.9827505058043068,4.708782358113515e-07,0.0003603017087748208,0.3
0.017434353738968015,0.9821806757774967,5.192790111913713e-07,0.0003844512036289425,0.31
0.0179788868983014,0.981611176156276,5.708689914733554e-07,0.00040936607557407227,0.32
0.01852232282541433,0.9810420067490812,6.257475500506767e-07,0.0004350446771433895,0.33
0.01906466325733386,0.9804731673644624,6.84013840991526e-07,0.00046148536360272543,0.34
0.01960590993004767,0.9799046578109883,7.457669209287655e-07,0.0004886864913386319,0.35000000000000003
0.020146064579581163,0.9793364778971818,8.111058324745428e-07,0.0005166464167633145,0.36
0.02068512893287011,0.9787686274320738,8.801289036574631e-07,0.0005453635055764255,0.37
0.0212231047169493,0.9782011062246446,9.529344525928003e-07,0.0005748361234427591,0.38
0.021759993656132074,0.9776339140839956,1.0296205713575568e-06,0.0006050626388532573,0.39
0.022295797471983122,0.9770670508193511,1.110285123959384e-06,0.0006360414231524384,0.4
0.022830517883291324,0.9765005162400605,1.1950257443055032e-06,0.0006677708505658238,0.41000000000000003
0.02336415660604255,0.9759343101555997,1.2839398341716245e-06,0.0007002492982273653,0.42
0.02389671535339249,0.9753684323755729,1.377124561170871e-06,0.000733475146206874,0.43
0.02442819583563946,0.9748028827097147,1.4746768567226952e-06,0.0007674467775374457,0.44
0.0249585997668503,0.9742376609674962,1.5766939279031137e-06,0.0008021625714813617,0.45
0.02548792885808244,0.9736727669585281,1.6832727339877485e-06,0.0008376209104183129,0.46
0.026016184807867028,0.9731082004931267,1.7945092514413824e-06,0.0008738201895171976,0.47000000000000003
0.026543369317607833,0.9725439613813985,1.910499663391193e-06,0.0009107588010860168,0.48
0.027069484086145325,0.9719800494335639,2.031339939827284e-06,0.0009484351400961996,0.49
0.02759453080975846,0.9714164644599567,2.1571258378092867e-06,0.000986847604180587,0.5
0.028118511182166475,0.9708532062710247,2.2879529016729686e-06,0.0010259945936314176,0.51
0.028641426896956826,0.9702902746771811,2.4239166494990823e-06,0.001065874508932336,0.52
0.02916327964515017,0.9697276694889541,2.5651123862383797e-06,0.0011064857532332019,0.53
0.02968407111179782,0.9691653905171943,2.7116349425633865e-06,0.001147826735808217,0.54
0.030203802981432586,0.9686034375727425,2.8635790934080703e-06,0.001189895866515491,0.55
0.03072247693618678,0.968041810466544,3.021039413553881e-06,0.001232691557709694,0.56
0.03124009465580346,0.9674805090096492,3.1841102785618335e-06,0.0012762122242304368,0.5700000000000001
0.03175665781764766,0.966919533013212,3.3528858657045895e-06,0.001320456283390651,0.58
0.03227216809523096,0.9663588822885704,3.5274600423659998e-06,0.0013654221564270896,0.59
0.032786627159763104,0.9657985566471625,3.7079264835712756e-06,0.001411108266973761,0.6
0.033300036682124945,0.9652385559004202,3.894378821407591e-06,0.0014575130391210201,0.61
0.033812398329654,0.9646788798599423,4.08691040179265e-06,0.0015046349005763317,0.62
0.03432371376727616,0.9641195283374344,4.2856143702191295e-06,0.0015524722815506925,0.63
0.03483398465751142,0.9635605011447081,4.49058367227045e-06,0.0016010236147524222,0.64
0.035343212660479635,0.9630017980936811,4.70191105413654e-06,0.0016502873353809514,0.65
0.0358513994324525,0.9624434189964657,4.919688944610836e-06,0.0017002618826735198,0.66
0.036358546627418144,0.9618853636652734,5.144009582695185e-06,0.0017509456982337612,0.67
0.03686465589887661,0.961327631912305,5.37496516402556e-06,0.0018023372241136875,0.68
0.03736972889679901,0.9607702235499369,5.612647593012622e-06,0.001854434906061848,0.6900000000000001
0.037873767268698746,0.960213138390656,5.857148570218304e-06,0.0019072371923790135,0.7000000000000001
0.038376772659631936,0.9596563762470594,6.108559592444956e-06,0.001960742533917553,0.71
0.038878746712198015,0.9590999369318545,6.3669719528245045e-06,0.0020149493840808156,0.72
0.039379691066723815,0.9585438202578492,6.632476755665396e-06,0.0020698561986319127,0.73
0.03987960736106053,0.9579880260379634,6.905164900180737e-06,0.0021254614359043976,0.74
0.04037849723037408,0.9574325540852403,7.185127063699123e-06,0.002181763557019621,0.75
0.04087636230751735,0.9568774042128264,7.4724537316188465e-06,0.002238761025500412,0.76
0.04137320422289976,0.9563225762339785,7.767235186976106e-06,0.0022964523074063305,0.77
0.04186902460448838,0.9557680699620641,8.069561510586443e-06,0.002354835871332374,0.78
0.04236382507780916,0.955213885210561,8.379522581186194e-06,0.0024139101884076766,0.79
0.04285760726787163,0.9546600217929389,8.697208232258488e-06,0.002473673730235628,0.8
0.04335037279661512,0.9541064795228164,9.022708044064805e-06,0.00253412497162681,0.81
0.043842123281183865,0.9535532582140703,9.356111203194885e-06,0.002595262392444852,0.8200000000000001
0.044332860337706274,0.9530003576806001,9.697506810446822e-06,0.0026570844735619333,0.8300000000000001
0.04482258557988395,0.9524477777364152,1.0046983765946713e-05,0.0027195896983686924,0.84
0.045311300618990136,0.9518955181956362,1.0404630769066635e-05,0.0027827765527758674,0.85
0.04579900706386809,0.9513435788724947,1.0770536318342581e-05,0.002846643525215932,0.86
0.0462857065209295,0.9507919595813331,1.1144788711392431e-05,0.0029111891066447393,0.87
0.04677140059415291,0.950240660136606,1.152747604483391e-05,0.002976411790543158,0.88
0.047256090885082154,0.9496896803528793,1.191868621420255e-05,0.0030423100729187144,0.89
0.0477397789928247,0.949139020044831,1.2318506913869641e-05,0.0031088824523072306,0.9
0.04822246651405013,0.9485886790272512,1.27270256369602e-05,0.0031761274297744655,0.91
0.04870415504298851,0.9480386571150429,1.3144329675270925e-05,0.0032440435089177537,0.92
0.049184846179895755,0.9474889541226987,1.3570506792079526e-05,0.0033126291869990904,0.93
0.049664541514368346,0.946939569865332,1.4005643896162364e-05,0.0033818829724218333,0.9400000000000001
0.050143242629909476,0.9463905041583944,1.444982740472369e-05,0.003451803379947939,0.9500000000000001
0.05062095111178852,0.945841756817191,1.4903143868052934e-05,0.0035223889224656763,0.96
0.051097668542886186,0.9452933276571369,1.5365679639371385e-05,0.003593638115341539,0.97
0.05157339650369404,0.944745216493758,1.5837520874841625e-05,0.003665549476420669,0.98
0.05204813657231411,0.9441974231426903,1.6318753533577036e-05,0.0037381215260272964,0.99
0.052521890324458434,0.9436499474196806,1.680946337765125e-05,0.00381135278696517,1.0
0.05299465933344865,0.9431027891405865,1.7309735972107635e-05,0.0038852417845179938,1.01
0.0534664451702155,0.942555948121377,1.7819656684968766e-05,0.003959787046449857,1.02
0.05393724940329845,0.9420094241781317,1.8339310687245887e-05,0.004034987103005669,1.03
0.05440707359884523,0.9414632171270423,1.8868782952948395e-05,0.0041108404869115945,1.04
0.05487591932061139,0.9409173267844115,1.9408158259093304e-05,0.004187345733375484,1.05
0.05534378815102668,0.9403717529656194,1.9957523011403465e-05,0.004264501357158243,1.06
0.05581068164142945,0.9398264954875346,2.0516960921868475e-05,0.004342305906747183,1.07
0.05627660134295065,0.9392815541670447,2.1086555699042897e-05,0.00442075793072963,1.08
0.056741548810563404,0.9387369288208439,2.1666391395252104e-05,0.0044998559733887365,1.09
0.0572055255968773,0.9381926192657348,2.2256551867745067e-05,0.004579598581458671,1.1
0.05766853325213841,0.9376486253186285,2.2857120778694353e-05,0.004659984304124611,1.11
0.05813057332422927,0.9371049467965438,2.3468181595196135e-05,0.004741011693022747,1.12
0.058591647358668904,0.9365615835166083,2.408981758927019e-05,0.004822679302240284,1.1300000000000001
0.05905175689861279,0.9360185352960578,2.4722111837859897e-05,0.0049049856883154365,1.1400000000000001
0.059510903484852905,0.9354758019522362,2.5365147222832228e-05,0.004987929410237435,1.1500000000000001
0.05996908865581766,0.9349333833025958,2.601900643097775e-05,0.005071509029446515,1.16
0.060426313947571995,0.9343912791646971,2.6683771954010675e-05,0.0051557231098339346,1.17
0.060882580893817276,0.933849489356209,2.7359526088568773e-05,0.005240570217741958,1.18
0.061337891025891364,0.9333080136949085,2.8046350936213424e-05,0.005326048921963863,1.19
0.06179224587276858,0.9327668519986809,2.8744328403429618e-05,0.005412157793743938,1.2
0.06224564697567931,0.9322260040850627,2.945354150962384e-05,0.0054988953911927155,1.21
0.06269809588452789,0.9316854697713527,3.0174074066638842e-05,0.0055862602631055495,1.22
0.0631495940933889,0.9311452488766314,3.0906004907672574e-05,0.005674251017724926,1.23
0.0636001431230284,0.9306053412191783,3.164941527037025e-05,0.005762866234771071,1.24
0.0640497444918976,0.9300657466173795,3.240438620164903e-05,0.005852104496363414,1.25
0.06449839971613268,0.9295264648897281,3.317099855769794e-05,0.005941964387020586,1.26
0.064946110309555,0.928987495854824,3.3949333003977945e-05,0.00603244449366042,1.27
0.0653928777836709,0.9284488393313735,3.473947001522189e-05,0.0061235434055999525,1.28
0.06583870364767185,0.9279104951381899,3.554148987543457e-05,0.00621525971455542,1.29
0.0662835894084344,0.9273724630941933,3.635547267789265e-05,0.006307592014642265,1.3
0.06672753657052015,0.9268347430184105,3.7181498325144714e-05,0.006400538902375129,1.31
0.06717054663617578,0.926297334729975,3.8019646529011266e-05,0.006494098976667858,1.32
0.06761262110533306,0.9257602380481271,3.8869996810584714e-05,0.006588270838833499,1.33
0.0680537614756088,0.9252234527922139,3.973262850022937e-05,0.0066830530925843035,1.34
0.06849396924230494,0.924686978781689,4.060762073758146e-05,0.006778444344031721,1.35
0.06893324589840844,0.9241508158361132,4.149505247154911e-05,0.00687444320168641,1.36
0.06937159298501827,0.923614963774024,4.239500708366241e-05,0.0069710482228212516,1.37
0.06980901196049147,0.9230794224158675,4.3307560390838074e-05,0.007068258052655151,1.3800000000000001
0.07024550430547803,0.9225441915816454,4.4232790275421965e-05,0.007166071312631809,1.3900000000000001
0.07068107150516112,0.9220092710913125,4.517077505688748e-05,0.007264486619310173,1.4000000000000001
0.07111571504246593,0.9214746607649295,4.612159286920838e-05,0.007363502591587733,1.41
0.0715494363980598,0.9209403604226621,4.708532166085889e-05,0.00746311785070053,1.42
0.07198223705035217,0.920406369884782,4.8062039194813595e-05,0.007563331020223145,1.43
0.07241411847549456,0.9198726889716657,4.9051823048547456e-05,0.007664140726068705,1.44
0.07284508214738061,0.9193393175037958,5.005475061403586e-05,0.007765545596488883,1.45
0.07327512953764606,0.9188062553017601,5.1070899097754585e-05,0.007867544262073894,1.46
0.07370426211566873,0.9182735021862519,5.2100345520679816e-05,0.007970135355752504,1.47
0.07413248134856858,0.9177410579780699,5.3143166718288124e-05,0.008073317512792015,1.48
0.07455978870120764,0.9172089224981185,5.4199439340556476e-05,0.008177089370798285,1.49
0.07498618563619006,0.9166770955674074,5.5269239851962255e-05,0.008281449569715707,1.5
0.07541167361386208,0.9161455770070517,5.6352644531483224e-05,0.008386396751827225,1.51
0.07583625411381802,0.9156143666378649,5.744973154417913e-05,0.008491929538010395,1.52
0.076259928607724,0.9150834642808733,5.856057832341446e-05,0.008598046557741679,1.53
0.07668269852492282,0.9145528697579675,5.9685258257713814e-05,0.00870474648707083,1.54
0.07710456531803081,0.9140225828906597,6.08238470094427e-05,0.00881202797619782,1.55
0.0775255304374583,0.9134926035005673,6.197642006046474e-05,0.008919889677603899,1.56
0.0779455953314096,0.9129629314094114,6.314305271214171e-05,0.009028330246051564,1.57
0.07836476144588302,0.9124335664390182,6.432382008533349e-05,0.009137348338584582,1.58
0.07878303022467081,0.911904508411318,6.551879712039804e-05,0.009246942614527985,1.59
0.07920040310935926,0.9113757571483458,6.67280585771915e-05,0.00935711173548806,1.6
0.07961688153932864,0.9108473124722412,6.795167903506807e-05,0.009467854365352362,1.61
0.08003246695175316,0.910319174205248,6.918973289288012e-05,0.009579169170289706,1.62
0.08044716078160107,0.9097913421697146,7.04422943689781e-05,0.00969105481875017,1.6300000000000001
0.08086096446163456,0.909263816188094,7.170943750121061e-05,0.009803509981465095,1.6400000000000001
0.08127387942240984,0.9087365960829438,7.299123614692431e-05,0.009916533331447083,1.6500000000000001
0.08168590709227708,0.9082096816769257,7.428776398296407e-05,0.010030123543989999,1.6600000000000001
0.08209704889738044,0.9076830727928062,7.559909450567276e-05,0.01014427929666897,1.67
0.08250730631157743,0.9071567692525678,7.692530568000496e-05,0.010258999216119643,1.68
0.0829166807190635,0.9066307708798539,7.82664671454138e-05,0.010374282024498837,1.69
0.0833251735400352,0.9061050774977325,7.962265191917567e-05,0.010490126405510699,1.7
0.08373278619306825,0.9055796889293658,8.099393289256321e-05,0.010606531044516764,1.71
0.08413952009458127,0.9050546049980193,8.238038278090636e-05,0.010723494629107641,1.72
0.08454537665883588,0.9045298255270623,8.378207412359244e-05,0.01084101584910301,1.73
0.0849503572979366,0.9040053503399679,8.519907928406612e-05,0.010959093396551623,1.74
0.08535446342183088,0.9034811792603126,8.66314704498294e-05,0.011077725965731297,1.75
0.08575769643830915,0.9029573121117764,8.807931963244166e-05,0.011196912253148927,1.76
0.08616005775300475,0.9024337487181434,8.954269866751962e-05,0.011316650957540472,1.77
0.08656154876939397,0.9019104889033008,9.102167921473735e-05,0.011436940779870963,1.78
0.08696217088879603,0.9013875324912397,9.251633275782625e-05,0.011557780423334506,1.79
0.08736192551037308,0.9008648793060549,9.402673060457511e-05,0.011679168593354274,1.8
0.08776081403113027,0.9003425291719446,9.555294388683006e-05,0.011801103997582508,1.81
0.08815883784591562,0.8998204819132106,9.709504356049457e-05,0.011923585345900527,1.82
0.08855599837252635,0.8992987373537826,9.86531027294405e-05,0.012046611323721673,1.83
0.08895229700560538,0.8987772953180917,0.00010022719237802528,0.012170180641016074,1.84
0.0893477351162544,0.8982561556310783,0.00010181738133528311,0.01229429203272201,1.85
0.08974231409187051,0.8977353181174366,0.00010342373996231934,0.012418944216385201,1.86
0.09013603531774045,0.8972147826019633,0.00010504633844861948,0.012544135911730783,1.87
0.09052890017704054,0.896694548909558,0.00010668524681204935,0.012669865840663298,1.8800000000000001
0.09092091005083683,0.896174616865223,0.000108340534898855,0.0127961327272667,1.8900000000000001
0.09131206631808494,0.8956549862940635,0.0001100122723836627,0.012922935297804345,1.9000000000000001
0.0917023703556302,0.8951356570212872,0.00011170052876947904,0.013050272280719009,1.9100000000000001
0.0920918235382075,0.8946166288722045,0.00011340537338769072,0.013178142406632863,1.92
0.09248042723844144,0.8940979016722287,0.00011512687539806488,0.013306544408347505,1.93
0.09286818282684624,0.893579475246876,0.00011686510378874874,0.01343547702084393,1.94
0.09325509167182575,0.8930613494217648,0.00011862012737626988,0.013564938981282545,1.95
0.09364115513967347,0.892543524022617,0.00012039201480553602,0.013694929029003166,1.96
0.09402637459457257,0.8920259988752566,0.00012218083454983524,0.013825445905525018,1.97
0.09441075140318643,0.8915087738055184,0.00012398665533794534,0.013956488349627271,1.98
0.09479428696473706,0.8909918486386457,0.0001258095489526136,0.014088055065115991,1.99
0.09517698260443491,0.8904752232014247,0.00012764958031530367,0.014220144835028552,2.0
0.09555883967915538,0.889958897320068,0.0001295068173182997,0.014352756408386954,2.0100000000000002
0.0959398595437092,0.88944287082089,0.00013138132768652442,0.014485888536343545,2.02
0.09632004355084262,0.8889271435303067,0.00013327317897753965,0.014619539972181047,2.0300000000000002
0.0966993930512372,0.8884117152748359,0.00013518243858154561,0.014753709471312524,2.04
0.09707790939350998,0.8878965858810974,0.00013710917372138158,0.014888395791281412,2.05
0.09745559392421341,0.887381755175813,0.0001390534514525256,0.015023597691761512,2.06
0.0978324479878353,0.8868672229858058,0.00014101533866309426,0.015159313934556962,2.07
0.09820847292679895,0.886352989138001,0.00014299490207384324,0.015295543283602284,2.08
0.098583670081463,0.8858390534594257,0.00014499220823816663,0.015432284504962335,2.09
0.09895804079012155,0.8853254157772088,0.00014700732354209773,0.015569536366832358,2.1
0.09933158638900409,0.8848120759185809,0.00014904031420430813,0.015707297639537928,2.11
0.09970430821227555,0.8842990337108746,0.0001510912462761087,0.015845567095535005,2.12
0.10007620759203623,0.883786288981524,0.00015316018564144862,0.015984343509409884,2.13
0.1004472859193616,0.8832738415568147,0.00015524720372863966,0.016123625592024803,2.14
0.10081754450847634,0.8827616912646662,0.00015735236480060117,0.016263412137057513,2.15
0.10118698465975605,0.8822498379333416,0.0001594757318501623,0.016403701953030276,2.16
0.10155560769878001,0.8817382813906466,0.0001616173702543985,0.016544493821176433,2.17
0.10192341494908186,0.8812270214644888,0.00016377734522478917,0.01668578652483935,2.18
0.102290407732146,0.8807160579828772,0.00016595572180689222,0.01682757884947613,2.19
0.10265658736740416,0.8802053907739222,0.00016815256488002028,0.016969869582661407,2.2
0.10302195517223195,0.879695019665836,0.00017036793915691523,0.017112657514091013,2.21
0.1033865124619454,0.8791849444869324,0.00017260190918342444,0.0172559414355858,2.22
0.1037502605497974,0.8786751650656273,0.00017485453933817514,0.017399720141095316,2.23
0.10411320074697437,0.8781656812304379,0.00017712589383225076,0.01754399242670161,2.24
0.10447533436259267,0.8776564928099839,0.00017941603670886544,0.01768875709062291,2.25
0.1048366627036952,0.8771475996329866,0.00018172503184304013,0.01783401293321744,2.2600000000000002
0.10519718707524787,0.8766390015282698,0.0001840529429412772,0.01797975875698708,2.27
0.10555690878013625,0.8761306983247589,0.0001863998335412366,0.018125993366581182,2.2800000000000002
0.10591582911916192,0.875622689851482,0.0001887657670114104,0.018272715568800266,2.29
0.10627394939103921,0.8751149759375692,0.00019115080655079898,0.0184199241725998,2.3000000000000003
0.10663127089239151,0.8746075564122531,0.00019355501518858554,0.01856761798909389,2.31
0.10698779491774797,0.8741004311048686,0.00019597845578381217,0.01871579583155909,2.32
0.10734352275954001,0.8735935998448532,0.000198421191025055,0.018864456515438093,2.33
0.10769845570809773,0.8730870624617469,0.00020088328343009906,0.01901359885834349,2.34
0.10805259505164659,0.8725808187851927,0.00020336479534561458,0.01916322168006153,2.35
0.10840594207630383,0.8720748686449357,0.00020586578894683135,0.01931332380255582,2.36
0.10875849806607508,0.871569211870824,0.00020838632623721505,0.019463904049971135,2.37
0.10911026430285083,0.871063848292809,0.0002109264690481416,0.01961496124863708,2.38
0.10946124206640301,0.8705587777409445,0.00021348627903857353,0.019766494227071916,2.39
0.10981143263438145,0.8700540000453875,0.0002160658176947344,0.019918501815986218,2.4
0.11016083728231055,0.869549515036398,0.00021866514632978498,0.020070982848286706,2.41
0.1105094572835856,0.8690453225443393,0.00022128432608349794,0.020223936159079907,2.42
0.11085729390946955,0.8685414223996776,0.0002239234179219338,0.020377360585675967,2.43
0.1112043484290893,0.8680378144329828,0.00022658248263711562,0.02053125496759233,2.44
0.11155062210943247,0.8675344984749278,0.00022926158084670512,0.020685618146557543,2.45
0.11189611621534369,0.8670314743562891,0.0002319607729936773,0.020840448966514942,2.46
0.11224083224606558,0.8665287419031236,0.00023468014136916954,0.020995746019701132,2.47
0.11258477133125566,0.8660263009490834,0.0002374197338793566,0.02115150829500908,2.48
0.11292793467791713,0.8655241513263039,0.00024017960565640717,0.021307734698217392,2.49
0.11327032354703101,0.8650222928658791,0.00024295981688285054,0.02146442407707511,2.5
0.11361193919765572,0.8645207253990022,0.0002457604275870258,0.0216215752813098,2.5100000000000002
0.11395278288692891,0.864019448756965,0.00024858149764325896,0.021779187162625453,2.52
0.11429285587006949,0.8635184627711586,0.00025142308677204167,0.021937258574700483,2.5300000000000002
0.11463215940037949,0.8630177672730727,0.00025428525454020855,0.022095788373185623,2.54
0.11497069472924604,0.8625173620942955,0.00025716806036111596,0.022254775415701925,2.5500000000000003
0.11530846310614323,0.8620172470665144,0.000260071563494819,0.02241421856183866,2.56
0.11564546577863413,0.8615174220215154,0.00026299582304825035,0.022574116673151293,2.57
0.11598170399237265,0.8610178867911829,0.00026594089797539797,0.022734468613159444,2.58
0.11631717899110545,0.8605186412075,0.0002689068470774827,0.022895273247344788,2.59
0.11665189201667402,0.8600196851025488,0.000271893729003137,0.023056529443149055,2.6
0.11698584430901636,0.8595210183085094,0.000274901602248582,0.023218236069971938,2.61
0.11731903710616914,0.8590226406576607,0.0002779305251578065,0.023380391999169074,2.62
0.11765147164426952,0.85852455198238,0.0002809805559227439,0.02354299610404996,2.63
0.11798314915755709,0.8580267521151429,0.00028405175258345135,0.023706047259875927,2.64
0.11831407087837577,0.8575292408885238,0.0002871441730282865,0.02386954434385807,2.65
0.11864423803717584,0.857032018135195,0.0002902578749940865,0.02403348623515521,2.66
0.11897365186251577,0.8565350836879273,0.0002933929160663453,0.024197871814871826,2.67
0.11930231358106419,0.8560384373795898,0.0002965493536793922,0.024362699966056025,2.68
0.11963022441760177,0.8555420790431498,0.00029972724511656904,0.02452796957369745,2.69
0.11995738566058442,0.8550460085103212,0.00030292665356796317,0.02469367945481929,2.7
0.12028379854620495,0.8545502256139544,0.00030614763741824356,0.024859828482099788,2.71
0.1206094642377637,0.8540547301884623,0.00030939024834058154,0.025026415605869094,2.72
0.12093438395467121,0.8535595220671602,0.00031265454321593625,0.025193439716556992,2.73
0.12125855891456336,0.8530646010834593,0.00031594057878473,0.025360899706414287,2.74
0.1215819903333052,0.8525699670708664,0.00031924841164722786,0.025528794469508332,2.75
0.12190467942499536,0.8520756198629844,0.0003225780982639202,0.025697122901718703,2.7600000000000002
0.12222662740196992,0.8515815592935118,0.00032592969495590215,0.025865883900732748,2.77
0.12254783547480676,0.8510877851962423,0.00032930325790525615,0.026035076366041233,2.7800000000000002
0.12286830485232948,0.8505942974050654,0.00033269884315543147,0.02620469919893391,2.79
0.12318803674161174,0.8501010957539661,0.00033611650661162653,0.026374751302495166,2.8000000000000003
0.1235070323479812,0.8496081800770243,0.0003395563040411688,0.026545231581599577,2.81
0.12382529287502377,0.8491155502084157,0.0003430182910738967,0.02671613894290755,2.82
0.12414281952458764,0.8486232059824105,0.00034650252320254015,0.026887472294860933,2.83
0.1244596134967875,0.8481311472333746,0.0003500090557831014,0.02705923054767857,2.84
0.12477567599000862,0.8476393737957684,0.0003535379440352367,0.027231412613351973,2.85
0.12509100820091093,0.8471478855041473,0.00035708924304263636,0.02740401740564086,2.86
0.12540561132443329,0.8466566821931618,0.00036066300775340686,0.027577043840068826,2.87
0.1257194865537974,0.8461657636975569,0.00036425929298045063,0.027750490833918888,2.88
0.12603263508051216,0.8456751298521721,0.0003678781534018485,0.02792435730622914,2.89
0.12634505809437763,0.8451847804919416,0.00037151964356123914,0.028098642177788305,2.9
0.12665675678348925,0.8446947154518942,0.0003751838178682015,0.028273344371131406,2.91
0.12696773233424183,0.844204934567153,0.0003788707305986345,0.028448462810535296,2.92
0.12727798591879633,0.8437154376731354,0.00038258043488751905,0.02862399643355499,2.93
0.12758751868249352,0.8432262246057546,0.0003863129817174518,0.02879994420260824,2.94
0.127896331845842,0.8427372951997906,0.0003900684281152421,0.028976305011096923,2.95
0.12820442658750794,0.8422486492907584,0.000393846827748096,0.02915307779111232,2.96
0.12851180408443166,0.8417602867142682,0.000397648234147754,0.029330261476507927,2.97
0.12881846551183082,0.8412722073060243,0.00040147270071079434,0.029507855002895857,2.98
0.1291244120432036,0.8407844109018261,0.00040532028069893884,0.0296858573076434,2.99
0.12942964485033182,0.8402968973375671,0.000409191027239356,0.029864267329869427,3.0
0.12973416510328423,0.8398096664492353,0.00041308499332496685,0.030043084010440948,3.0100000000000002
0.1300379739704196,0.8393227180729133,0.0004170022318147486,0.030222306291969512,3.02
0.13034107261838992,0.8388360520447776,0.0004209427954340397,0.030401933118807765,3.0300000000000002
0.1306434622121435,0.8383496682010992,0.0004249067367748439,0.030581963437045865,3.04
0.13094514391492837,0.8378635663782433,0.0004288941082961355,0.03076239619450802,3.0500000000000003
0.13124611888829513,0.8373777464126688,0.0004329049623241629,0.03094323034074891,3.06
0.13154638829210039,0.836892208140929,0.00043693935105275437,0.03112446482705023,3.0700000000000003
0.1318459532845098,0.836406951399671,0.0004409973265436212,0.03130609860641711,3.08
0.13214481502200134,0.8359219760256357,0.00044507894072666346,0.03148813063357464,3.09
0.13244297465936838,0.8354372818556579,0.00044918424540027404,0.03167055986496434,3.1
0.1327404333497229,0.8349528687266661,0.0004533132922316427,0.03185338525874062,3.11
0.13303719224449873,0.8344687364756824,0.00045746613275706176,0.032036605774767295,3.12
0.13333325249345457,0.8339848849398228,0.0004616428183822293,0.03222022037461402,3.13
0.13362861524467734,0.8335013139562963,0.0004658434003825551,0.032404228021552836,3.14
0.13392328164458522,0.8330180233624058,0.0004700679299034636,0.03258862768055458,3.15
0.13421725283793093,0.8325350129955474,0.0004743164579607002,0.03277341831828541,3.16
0.13451052990686543,0.8320522826945949,0.0004785890287381144,0.03295859898008251,3.17
0.13480311403824177,0.8315698322960989,0.0004828856979888042,0.03314416857861475,3.18
0.1350950063746518,0.8310876616376717,0.00048720651665108884,0.03333012608205515,3.19
0.13538620805313112,0.8306057705571067,0.0004915515351055091,0.03351647046518874,3.2
0.13567672020901522,0.8301241588922921,0.0004959208035988937,0.03370320070454204,3.21
0.1359665439759417,0.8296428264812096,0.0005003143722445531,0.033890315778380836,3.22
0.13625568048585218,0.8291617731619354,0.0005047322910224707,0.03407781466670795,3.23
0.13654413086899478,0.8286809987726398,0.0005091746097794961,0.03426569635126103,3.24
0.13683189625392594,0.8282005031515868,0.0005136413782295367,0.03445395981551029,3.25
0.13711897776751292,0.8277202861371346,0.0005181326459537505,0.03464260404465629,3.2600000000000002
0.13740537653493562,0.8272403475677352,0.0005226484624007382,0.03483162802562771,3.27
0.137691093679689,0.8267606872819347,0.000527188876886736,0.03502103074707912,3.2800000000000002
0.13797613032358505,0.8262813051183727,0.0005317539385958073,0.035210811199388715,3.29
0.13826048758675513,0.8258022009157826,0.000536343696580036,0.035400968374656165,3.3000000000000003
0.1385441665876519,0.8253233745129919,0.0005409581997597174,0.03559150126670028,3.31
0.13882716844305165,0.8248448257489214,0.0005455974969235522,0.03578240887105686,3.3200000000000003
0.1391094942680564,0.8243665544625856,0.0005502616367288375,0.03597369018497642,3.33
0.13939114517609608,0.8238885604930927,0.0005549506677016603,0.03616534420742199,3.34
0.13967212227893058,0.8234108436796443,0.0005596646382370891,0.03635736993906687,3.35
0.13995242668665206,0.822933403861536,0.000564403596599366,0.03654976638229238,3.36
0.140232059507687,0.822456240878156,0.0005691675909221004,0.03674253254118567,3.37
0.14051102184879838,0.8219793545689866,0.0005739566692084594,0.036935667421537415,3.38
0.14078931481508783,0.8215027447736033,0.0005787708793313623,0.03712917003083971,3.39
0.14106693950532925,0.8210264113317278,0.0005836102686342876,0.037323039382835065,3.4
0.14134389702237415,0.8205503540831102,0.0005884748848214305,0.03751727448737228,3.41
0.14162018846855093,0.8200745728675806,0.000593364775564142,0.037711874354891296,3.42
0.14189581494221595,0.8195990675250888,0.0005982799882058752,0.037906837999785725,3.43
0.1421707775400693,0.8191238378956778,0.0006032205699603087,0.038102164438144855,3.44
0.1424450773571568,0.8186488838194839,0.0006081865679115309,0.038297852687751634,3.45
0.14271871548687218,0.8181742051367361,0.0006131780290142205,0.038493901768080464,3.46
0.142991693020959,0.817699801687757,0.0006181950000938311,0.03869031070029518,3.47
0.14326401104951267,0.8172256733129619,0.0006232375278467713,0.03888707850724683,3.48
0.14353567066098266,0.816751819852859,0.0006283056588405895,0.039084204213471654,3.49
0.14380667294217434,0.8162782411480497,0.0006333994395141542,0.03928168684518886,3.5
0.1440770189782511,0.8158049370392281,0.0006385189161778386,0.03947952543029861,3.5100000000000002
0.14434670985273643,0.8153319073671811,0.000643664135013701,0.03967771899837984,3.52
0.14461574664751592,0.8148591519727886,0.0006488351420756694,0.03987626658068816,3.5300000000000002
0.14488413044283927,0.8143866706970231,0.0006540319832897217,0.040075167210153716,3.54
0.1451518623173224,0.8139144633809497,0.0006592547044540703,0.04027441992137911,3.5500000000000003
0.14541894334794944,0.8134425298657266,0.0006645033512393428,0.040474023750637245,3.56
0.14568537461007477,0.8129708699926042,0.0006697779691887661,0.04067397773586924,3.5700000000000003
0.14595115717742507,0.8124994836029253,0.0006750786037183471,0.040874280916682264,3.58
0.14621629212210138,0.812028370538126,0.0006804053001170568,0.04107493233434747,3.59
0.1464807805145811,0.8115575306397341,0.0006857581035470122,0.04127593103179786,3.6
0.14674462342372002,0.8110869637493703,0.0006911370590436579,0.04147727605362613,3.61
0.1470078219167545,0.8106166697087475,0.0006965422115159501,0.04167896644608262,3.62
0.14727037707951057,0.8101466483591117,0.0007019736080943359,0.04188100122987547,3.63
0.1475322899971359,0.8096768995417757,0.0007074312958919892,0.04208337942610525,3.64
0.14779356169944408,0.8092074230996306,0.0007129153156546095,0.04228610012982769,3.65
0.148054193247718,0.8087382188747445,0.00071842571184563,0.04248916239322344,3.66
0.14831418570163746,0.8082692867092776,0.0007239625288036149,0.04269256527011189,3.67
0.14857354011928053,0.8078006264454819,0.0007295258107424008,0.04289630781594969,3.68
0.14883225755712548,0.8073322379257015,0.0007351156017512347,0.043100389087828976,3.69
0.1490903390700523,0.8068641209923724,0.000740731945794916,0.04330480814447586,3.7
0.14934778571134447,0.8063962754880223,0.0007463748867139344,0.04350956404624874,3.71
0.14960459853269054,0.8059287012552706,0.0007520444682246111,0.04371465585513672,3.72
0.14986077858418587,0.8054613981368292,0.0007577407339192375,0.04392008263475796,3.73
0.15011632691433432,0.8049943659755008,0.000763463727266216,0.04412584345035804,3.74
0.1503712445700498,0.8045276046141806,0.000769213491610199,0.04433193736880837,3.75
0.15062553259665815,0.8040611138958551,0.0007749900701722298,0.04453836345860454,3.7600000000000002
0.1508791920378985,0.8035948936636026,0.0007807935060498808,0.04474512078986471,3.77
0.15113222393592537,0.8031289437605929,0.0007866238422173952,0.04495220843432797,3.7800000000000002
0.1513846293313099,0.8026632640300875,0.0007924811215258248,0.04515962546535274,3.79
0.15163640926304184,0.8021978543154394,0.0007983653867031721,0.04536737095791512,3.8000000000000003
0.1518875647685311,0.8017327144600933,0.0008042766803545277,0.04557544398860728,3.81
0.15213809688360935,0.8012678443075851,0.0008102150449622128,0.04578384363563584,3.8200000000000003
0.1523880066425319,0.8008032437015423,0.0008161805228859159,0.045992568978820224,3.83
0.15263729507797916,0.8003389124856839,0.0008221731563628355,0.04620161909959107,3.84
0.1528859632210584,0.79987485050382,0.0008281929875078184,0.046410993080988575,3.85
0.15313401210130548,0.7994110575998523,0.0008342400583134994,0.04662069000766087,3.86
0.15338144274668639,0.7989475336177738,0.0008403144106504424,0.04683070896586245,3.87
0.15362825618359907,0.7984842784016688,0.0008464160862672783,0.04704104904345245,3.88
0.15387445343687495,0.7980212917957126,0.0008525451267908468,0.047251709329893136,3.89
0.15412003552978068,0.7975585736441719,0.0008587015737263348,0.04746268891624818,3.9
0.15436500348401988,0.7970961237914046,0.0008648854684574172,0.0476739868951811,3.91
0.15460935831973463,0.7966339420818598,0.0008710968522463954,0.04788560236095361,3.92
0.15485310105550737,0.7961720283600775,0.0008773357662343391,0.048097534409424006,3.93
0.1550962327083623,0.7957103824706888,0.000883602251441224,0.04830978213804552,3.94
0.1553387542937674,0.795249004258416,0.0008898963487660736,0.04852234464586476,3.95
0.15558066682563568,0.7947878935680724,0.0008962180989870967,0.04873522103351996,3.96
0.15582197131632725,0.7943270502445622,0.0009025675427618301,0.048948410403239516,3.97
0.15606266877665073,0.7938664741328804,0.0009089447206272757,0.04916191185884021,3.98
0.1563027602158651,0.7934061650781129,0.0009153496730000423,0.04937572450572572,3.99
0.15654224664168115,0.7929461229254369,0.0009217824401764838,0.04958984745088488,4.0
0.15678112906026345,0.7924863475201199,0.0009282430623328405,0.04980427980289013,4.01
0.15701940847623178,0.7920268387075206,0.000934731579525379,0.05001902067189589,4.0200000000000005
0.15725708589266282,0.7915675963330882,0.000941248031690529,0.05023406916963686,4.03
0.15749416231109198,0.7911086202423625,0.0009477924586450274,0.05044942440942649,4.04
0.15773063873151497,0.7906499102809745,0.0009543649000860556,0.05066508550615532,4.05
0.15796651626351121,0.7901914662914823,0.0009609654079000807,0.050881051432882574,4.0600000000000005
0.15820179589742564,0.7897332881198851,0.0009675940208171411,0.05109732131613513,4.07
0.15843647854562334,0.7892753756144487,0.0009742507689804859,0.05131389438266748,4.08
0.1586705652030175,0.7888177286211362,0.000980935691727842,0.05153076975229483,4.09
0.1589040568630149,0.7883603469860002,0.000987648828280835,0.051747946546369245,4.1
0.15913695451751772,0.7879032305551833,0.0009943902177451482,0.05196542388777788,4.11
0.15936925915692524,0.7874463791749179,0.0010011598991106754,0.052183200900941036,4.12
0.1596009717701358,0.7869897926915259,0.001007957911251682,0.05240127671181046,4.13
0.15983209334454862,0.7865334709514189,0.0010147842929269593,0.05261965044786748,4.14
0.1600626248660656,0.7860774138010983,0.0010216390827799823,0.0528383212381212,4.15
0.16029256731909305,0.7856216210871548,0.0010285223193390641,0.05305728821310656,4.16
0.16052192168654372,0.785166092656269,0.001035434041017517,0.05327655050488273,4.17
0.16075068894983838,0.7847108283552107,0.0010423742861138058,0.053496107247031126,4.18
0.1609788700889079,0.784255828030839,0.0010493430928117063,0.05371595757465363,4.19
0.16120646608219483,0.7838010915301031,0.0010563404991804594,0.05393610062437076,4.2
0.16143347790665546,0.783346618700041,0.001063366543174932,0.05415653553431988,4.21
0.16165990653776144,0.78289240938778,0.0010704212626357706,0.054377261444153356,4.22
0.16188575294950175,0.7824384634405372,0.0010775046952895605,0.05459827749503676,4.23
0.16211101811438441,0.7819847807056187,0.0010846168787489786,0.054819582829646954,4.24
0.16233570300343844,0.7815313610304196,0.001091757850512955,0.055041176592170414,4.25
0.16255980858621558,0.7810782042624246,0.0010989276479668269,0.0552630579283013,4.26
0.16278333583079213,0.7806253102492072,0.0011061263083824964,0.055485225985239695,4.2700000000000005
0.16300628570377082,0.7801726788384304,0.0011133538689185854,0.0557076799116897,4.28
0.1632286591702826,0.779720309877846,0.0011206103666205954,0.05593041885785772,4.29
0.16345045719398843,0.7792682032152948,0.0011278958384210622,0.05615344197545057,4.3
0.16367168073708124,0.7788163586987066,0.001135210321139714,0.05637674841767372,4.3100000000000005
0.16389233076028756,0.7783647761761006,0.001142553851483625,0.056600337339229326,4.32
0.16411240822286957,0.7779134554955842,0.0011499264660473772,0.05682420789631461,4.33
0.16433191408262668,0.7774623965053543,0.0011573282013132135,0.05704835924661989,4.34
0.16455084929589758,0.7770115990536962,0.001164759093651196,0.05727279054932684,4.3500000000000005
0.1647692148175619,0.7765610629889845,0.0011722191793193603,0.05749750096510657,4.36
0.16498701160104215,0.776110788159682,0.0011797084944638765,0.057722489656117947,4.37
0.16520424059830546,0.7756607744143406,0.001187227075119203,0.05794775578600564,4.38
0.16542090275986548,0.7752110216016007,0.001194774957208244,0.05817329851989838,4.39
0.16563699903478415,0.7747615295701915,0.0012023521765425066,0.058399117024407136,4.4
0.1658525303706735,0.7743122981689308,0.0012099587688222558,0.058625210467623194,4.41
0.16606749771369758,0.7738633272467248,0.0012175947696366743,0.058851578019116474,4.42
0.16628190200857423,0.7734146166525684,0.001225260214464017,0.05907821884993364,4.43
0.1664957441985769,0.7729661662355449,0.0012329551386717694,0.05930513213259627,4.44
0.16670902522553638,0.7725179758448261,0.0012406795775168013,0.059532317041099035,4.45
0.16692174602984283,0.7720700453296723,0.0012484335661455273,0.05975977275090791,4.46
0.16713390755044746,0.7716223745394318,0.0012562171395940624,0.05998749843895833,4.47
0.16734551072486445,0.7711749633235419,0.0012640303327883778,0.06021549328365338,4.48
0.16755655663505967,0.7707278115265543,0.0012718731975427703,0.06044375626505709,4.49
0.16776704613470778,0.7702809190008428,0.0012797457591289239,0.06067228667539883,4.5
0.1679769801120394,0.7698342855976426,0.0012876480469020254,0.06090108375908192,4.51
